# ground truth trajectory
# timestamp tx ty tz qx qy qz qw
1548265396.88570 0.628145 -1.57586 1.89928 -0.0948501 -0.0923482 -0.0182151 0.991032
1548265396.91904 0.627285 -1.57869 1.90403 -0.0939262 -0.0914034 -0.0208283 0.991156
1548265396.95221 0.626214 -1.58131 1.90843 -0.0984601 -0.0901538 -0.0207269 0.990832
1548265396.98564 0.6247 -1.5846 1.91229 -0.10589 -0.0868636 -0.0295088 0.990137
1548265397.01901 0.625132 -1.5853 1.9159 -0.104353 -0.0924418 -0.0236161 0.989953
1548265397.05185 0.624924 -1.5872 1.9189 -0.100739 -0.092092 -0.0297014 0.990196
1548265397.08548 0.625307 -1.58915 1.92137 -0.107785 -0.0892362 -0.0267692 0.989799
1548265397.11884 0.625268 -1.59087 1.9239 -0.101425 -0.0917223 -0.0279501 0.990212
1548265397.15211 0.62549 -1.59326 1.92608 -0.10439 -0.0913779 -0.0314797 0.989829
1548265397.18544 0.625929 -1.59582 1.92822 -0.102033 -0.0887468 -0.0327886 0.990272
1548265397.21873 0.626503 -1.59875 1.93031 -0.105953 -0.0878318 -0.0327831 0.989942
1548265397.25202 0.626849 -1.60132 1.93225 -0.100547 -0.0862555 -0.0325524 0.990652
1548265397.28553 0.627202 -1.60412 1.9338 -0.102571 -0.0847931 -0.0325541 0.99057
1548265397.31841 0.627931 -1.60726 1.93512 -0.1029 -0.0820972 -0.0343169 0.990704
1548265397.35208 0.628185 -1.60985 1.93585 -0.0993268 -0.0823774 -0.0390227 0.990871
1548265397.38550 0.627918 -1.61176 1.93616 -0.102508 -0.0831019 -0.0398229 0.990455
1548265397.41859 0.627349 -1.61321 1.93521 -0.102546 -0.0818844 -0.042595 0.990437
1548265397.45227 0.627212 -1.61442 1.93337 -0.104054 -0.0814615 -0.04648 0.99014
1548265397.48570 0.626941 -1.61537 1.93008 -0.106609 -0.0813505 -0.0457444 0.989911
1548265397.51886 0.627169 -1.61712 1.92601 -0.102867 -0.079698 -0.0469659 0.990384
1548265397.55242 0.627435 -1.61906 1.92096 -0.102212 -0.0779785 -0.050714 0.990404
1548265397.58570 0.627402 -1.62144 1.91529 -0.0989445 -0.0766046 -0.0523898 0.990756
1548265397.61911 0.627842 -1.62405 1.90947 -0.0917012 -0.0760664 -0.0487742 0.991678
1548265397.65235 0.628157 -1.62725 1.90349 -0.0873175 -0.0731255 -0.0493093 0.992269
1548265397.68520 0.628476 -1.6297 1.89711 -0.0804257 -0.0726935 -0.0508146 0.992807
1548265397.71902 0.629066 -1.631 1.89099 -0.0764326 -0.072237 -0.0496434 0.993215
1548265397.75212 0.627868 -1.63077 1.88467 -0.0749626 -0.0739398 -0.0446867 0.993437
1548265397.78573 0.625985 -1.62966 1.87872 -0.0735724 -0.0742751 -0.0448817 0.993507
1548265397.81904 0.624572 -1.62754 1.87323 -0.0790799 -0.0742476 -0.0419036 0.993216
1548265397.85194 0.622488 -1.62434 1.8679 -0.0745892 -0.0775158 -0.0400252 0.993391
1548265397.88535 0.62055 -1.62062 1.86301 -0.0784434 -0.0799997 -0.0399166 0.992902
1548265397.91877 0.619547 -1.61769 1.85889 -0.079294 -0.0804555 -0.03579 0.992954
1548265397.95207 0.61986 -1.61586 1.85447 -0.0836502 -0.0790559 -0.0314629 0.992856
1548265397.98544 0.619691 -1.61455 1.84895 -0.0786501 -0.0780477 -0.0360526 0.993188
1548265398.01848 0.618019 -1.61352 1.84328 -0.0769082 -0.0772019 -0.0377045 0.993329
1548265398.05210 0.615256 -1.61288 1.83821 -0.0780288 -0.0777609 -0.035248 0.993289
1548265398.08547 0.613571 -1.61252 1.83385 -0.071822 -0.0798244 -0.0361751 0.99356
1548265398.11900 0.613117 -1.61323 1.82949 -0.0749145 -0.0758186 -0.0402863 0.993487
1548265398.15209 0.611874 -1.61273 1.82531 -0.0691208 -0.0779735 -0.0435138 0.993604
1548265398.18534 0.610288 -1.61063 1.82127 -0.0695693 -0.0815812 -0.0416494 0.993363
1548265398.21876 0.60917 -1.60806 1.81693 -0.0714957 -0.0810964 -0.0416169 0.993267
1548265398.25234 0.608943 -1.60593 1.81292 -0.0754229 -0.0776058 -0.0427516 0.993207
1548265398.28570 0.609101 -1.60332 1.80848 -0.0721537 -0.0791198 -0.043733 0.993288
1548265398.31895 0.609153 -1.60072 1.80378 -0.0726203 -0.0791785 -0.0418281 0.993331
1548265398.35199 0.609996 -1.59883 1.79895 -0.0757941 -0.0766603 -0.0407975 0.993335
1548265398.38554 0.611449 -1.59772 1.79394 -0.075448 -0.0749633 -0.0437835 0.993364
1548265398.41888 0.612381 -1.59662 1.78852 -0.0699142 -0.0736411 -0.0432928 0.993889
1548265398.45233 0.613043 -1.59649 1.78344 -0.0702863 -0.0712642 -0.0424487 0.994072
1548265398.48562 0.613086 -1.59652 1.77846 -0.0706406 -0.0700507 -0.0445138 0.994043
1548265398.51880 0.612606 -1.59687 1.77379 -0.0687914 -0.0728787 -0.0453786 0.99393
1548265398.55234 0.61217 -1.59734 1.76936 -0.0635465 -0.0757275 -0.0426004 0.994189
1548265398.58560 0.611412 -1.59763 1.76465 -0.0653551 -0.0775336 -0.0434147 0.993898
1548265398.61899 0.611468 -1.59891 1.76062 -0.0656963 -0.0751578 -0.0434491 0.994056
1548265398.65216 0.612063 -1.59954 1.75637 -0.059327 -0.0762714 -0.0462104 0.994247
1548265398.68534 0.612212 -1.59964 1.75239 -0.062929 -0.0760556 -0.0448357 0.994105
1548265398.71879 0.612637 -1.59887 1.74833 -0.0599284 -0.0777907 -0.0480612 0.994006
1548265398.75219 0.613575 -1.59832 1.74481 -0.0581275 -0.0770944 -0.0460779 0.994261
1548265398.78549 0.615162 -1.5972 1.74116 -0.0600202 -0.0767539 -0.0443167 0.994255
1548265398.81876 0.617374 -1.59641 1.73733 -0.0608884 -0.0767316 -0.0450281 0.994172
1548265398.85207 0.61998 -1.59547 1.73338 -0.0606379 -0.0739474 -0.0414871 0.994552
1548265398.88529 0.622532 -1.59428 1.72901 -0.0630106 -0.0733348 -0.0375828 0.994605
1548265398.91879 0.62545 -1.59366 1.72417 -0.0636165 -0.0707887 -0.0393124 0.994684
1548265398.95195 0.627689 -1.59344 1.71936 -0.0614738 -0.0685388 -0.0369661 0.995066
1548265398.98556 0.629346 -1.59319 1.71446 -0.0612561 -0.0690463 -0.0321292 0.995213
1548265399.01867 0.630672 -1.59301 1.70891 -0.0626088 -0.0703464 -0.0314687 0.995058
1548265399.05231 0.632725 -1.59343 1.70322 -0.0617761 -0.0680372 -0.0316364 0.995266
1548265399.08563 0.634264 -1.59459 1.69784 -0.0560816 -0.0679335 -0.0294774 0.995676
1548265399.11888 0.635139 -1.59588 1.69254 -0.0527132 -0.0652335 -0.0284209 0.996071
1548265399.15220 0.636137 -1.59689 1.68716 -0.0516811 -0.0633145 -0.0306617 0.996183
1548265399.18575 0.636677 -1.59775 1.68169 -0.0534268 -0.0659308 -0.0274222 0.996015
1548265399.21888 0.637678 -1.59904 1.67665 -0.0484941 -0.0646731 -0.0241437 0.996435
1548265399.25238 0.638264 -1.60044 1.67165 -0.046966 -0.0649365 -0.02795 0.996392
1548265399.28549 0.638632 -1.60168 1.66707 -0.0454351 -0.0640322 -0.0266807 0.996556
1548265399.31887 0.63923 -1.60255 1.66269 -0.0427121 -0.0640158 -0.0246132 0.996731
1548265399.35252 0.639587 -1.60342 1.65809 -0.0422728 -0.0630259 -0.0288427 0.996699
1548265399.38587 0.639828 -1.60424 1.65403 -0.0397069 -0.0624364 -0.0299212 0.99681
1548265399.41911 0.640323 -1.60408 1.64996 -0.0407809 -0.0634431 -0.0272534 0.996779
1548265399.45194 0.640778 -1.60399 1.64649 -0.0409358 -0.0628646 -0.0273451 0.996807
1548265399.48521 0.640928 -1.60407 1.64312 -0.0416682 -0.0639709 -0.0317051 0.996577
1548265399.51867 0.640944 -1.60379 1.64009 -0.0408705 -0.0642318 -0.030445 0.996633
1548265399.55186 0.640928 -1.60308 1.63644 -0.0429327 -0.0646899 -0.0305473 0.996513
1548265399.58555 0.641414 -1.60291 1.63204 -0.044291 -0.0618256 -0.0343896 0.996511
1548265399.61853 0.641974 -1.60271 1.62752 -0.0453213 -0.0605282 -0.0327127 0.9966
1548265399.65203 0.642261 -1.60274 1.62262 -0.0436341 -0.059783 -0.032969 0.996712
1548265399.68534 0.642207 -1.60342 1.61724 -0.0447269 -0.0566593 -0.0380709 0.996664
1548265399.71871 0.641354 -1.60468 1.61164 -0.0443825 -0.0582489 -0.0421437 0.996424
1548265399.75221 0.639975 -1.60642 1.60631 -0.0432559 -0.0578782 -0.0442152 0.996406
1548265399.78533 0.638611 -1.60866 1.60072 -0.0421443 -0.0556797 -0.0523143 0.996186
1548265399.81876 0.636641 -1.61087 1.59506 -0.0430425 -0.0567836 -0.0519192 0.996106
1548265399.85236 0.634435 -1.61289 1.58977 -0.0442166 -0.0594447 -0.0511147 0.995941
1548265399.88575 0.632766 -1.616 1.58445 -0.0426509 -0.057036 -0.0614851 0.995564
1548265399.91900 0.631421 -1.61956 1.57962 -0.0409248 -0.0540659 -0.0669077 0.995452
1548265399.95202 0.630388 -1.6225 1.5754 -0.0401939 -0.052886 -0.0682297 0.995456
1548265399.98582 0.629827 -1.62509 1.57215 -0.0387235 -0.0510417 -0.0694202 0.995528
1548265400.01878 0.629625 -1.62694 1.56969 -0.0381544 -0.0473822 -0.073254 0.995456
1548265400.05225 0.629534 -1.6278 1.56831 -0.0394213 -0.0473106 -0.0708235 0.995586
1548265400.08577 0.629724 -1.62741 1.56862 -0.0419135 -0.0462748 -0.0678277 0.995742
1548265400.11862 0.630385 -1.62603 1.57039 -0.0468247 -0.0418766 -0.0719248 0.99543
1548265400.15231 0.630777 -1.62437 1.57349 -0.051605 -0.0409111 -0.0704168 0.995342
1548265400.18581 0.630654 -1.62278 1.57779 -0.0557386 -0.0423645 -0.0685186 0.99519
1548265400.21898 0.630361 -1.62175 1.58318 -0.06127 -0.0425095 -0.0679398 0.994898
1548265400.25179 0.629968 -1.62131 1.58956 -0.0650353 -0.0438292 -0.0654021 0.994772
1548265400.28570 0.629426 -1.62161 1.59663 -0.0655803 -0.0446497 -0.0623452 0.994896
1548265400.31890 0.628811 -1.62186 1.60382 -0.0692813 -0.0464894 -0.0624774 0.994553
1548265400.35219 0.628417 -1.62299 1.61132 -0.0707865 -0.0471606 -0.0631191 0.994375
1548265400.38546 0.627715 -1.6241 1.61905 -0.0723066 -0.0466007 -0.0611676 0.994414
1548265400.41857 0.626568 -1.62523 1.62684 -0.0731585 -0.0487607 -0.0637568 0.994085
1548265400.45230 0.626091 -1.62648 1.63418 -0.0766369 -0.0496031 -0.063579 0.993793
1548265400.48550 0.625002 -1.62785 1.6417 -0.0761637 -0.0516044 -0.0596484 0.993971
1548265400.51856 0.623935 -1.62939 1.64899 -0.0756223 -0.0523278 -0.0634035 0.993742
1548265400.55221 0.62341 -1.63046 1.65577 -0.0792576 -0.0531698 -0.0650503 0.993307
1548265400.58530 0.623152 -1.63152 1.66223 -0.0806172 -0.0552115 -0.0625791 0.993245
1548265400.61885 0.622813 -1.6336 1.66827 -0.0814382 -0.056635 -0.0622302 0.99312
1548265400.65213 0.622968 -1.63674 1.67412 -0.0815428 -0.0561103 -0.063336 0.993072
1548265400.68553 0.623088 -1.63957 1.68058 -0.0805157 -0.0579144 -0.0593059 0.993301
1548265400.71898 0.622936 -1.64239 1.68749 -0.08174 -0.0587031 -0.0600026 0.993112
1548265400.75222 0.623079 -1.6453 1.69487 -0.0815046 -0.059059 -0.0617264 0.993005
1548265400.78574 0.623391 -1.64726 1.70273 -0.0832715 -0.0592645 -0.0581106 0.993064
1548265400.81905 0.623603 -1.64932 1.71146 -0.0840151 -0.059262 -0.0591704 0.992939
1548265400.85201 0.623877 -1.6514 1.7204 -0.0850688 -0.0591309 -0.0644086 0.992531
1548265400.88557 0.623956 -1.65271 1.73 -0.0872925 -0.0586391 -0.0607024 0.992601
1548265400.91867 0.624404 -1.65323 1.73988 -0.0935162 -0.0596621 -0.0638178 0.991777
1548265400.95245 0.624886 -1.65419 1.75021 -0.094791 -0.0573999 -0.0650859 0.991708
1548265400.98557 0.624772 -1.65508 1.76057 -0.100411 -0.0585389 -0.0660551 0.991024
1548265401.01903 0.624833 -1.65656 1.7708 -0.105609 -0.0594596 -0.0678793 0.990305
1548265401.05186 0.624476 -1.65913 1.78066 -0.108069 -0.0579672 -0.0725177 0.989799
1548265401.08541 0.623351 -1.66202 1.78999 -0.113022 -0.0573552 -0.0737517 0.98919
1548265401.11869 0.622192 -1.66554 1.79903 -0.114206 -0.0615955 -0.0772644 0.988531
1548265401.15211 0.621136 -1.66807 1.80678 -0.118333 -0.0612017 -0.0735829 0.988351
1548265401.18540 0.619939 -1.67154 1.81433 -0.119698 -0.0636594 -0.0722414 0.98813
1548265401.21893 0.618196 -1.67486 1.82091 -0.121739 -0.0650198 -0.0755031 0.987548
1548265401.25215 0.616862 -1.67741 1.82694 -0.125115 -0.0651676 -0.0762327 0.98706
1548265401.28544 0.615425 -1.68045 1.83281 -0.126138 -0.0671087 -0.0742871 0.986948
1548265401.31881 0.614422 -1.68376 1.83878 -0.129934 -0.0646546 -0.0772063 0.986396
1548265401.35216 0.613796 -1.68689 1.84488 -0.129759 -0.0640619 -0.079979 0.986236
1548265401.38528 0.613155 -1.69048 1.8509 -0.131683 -0.0627862 -0.0803204 0.986036
1548265401.41884 0.612204 -1.69375 1.85697 -0.1314 -0.0622633 -0.0846313 0.985746
1548265401.45242 0.61091 -1.69653 1.86323 -0.134954 -0.0614342 -0.0840912 0.985364
1548265401.48562 0.608886 -1.6991 1.86917 -0.136096 -0.0628803 -0.0884641 0.984733
1548265401.51916 0.606848 -1.70165 1.87495 -0.138153 -0.0627404 -0.0965339 0.983696
1548265401.55218 0.604461 -1.7041 1.88039 -0.141548 -0.0648755 -0.0983573 0.982894
1548265401.58574 0.601584 -1.70716 1.88545 -0.141853 -0.0669915 -0.102026 0.982334
1548265401.61915 0.599075 -1.70987 1.89014 -0.144207 -0.0687667 -0.104372 0.981622
1548265401.65234 0.59664 -1.71241 1.89425 -0.150512 -0.0671758 -0.107924 0.980401
1548265401.68544 0.594583 -1.71407 1.89757 -0.152358 -0.068076 -0.11541 0.9792
1548265401.71899 0.592687 -1.71621 1.90046 -0.15352 -0.0702781 -0.11938 0.978387
1548265401.75232 0.590992 -1.71835 1.90235 -0.15207 -0.0707076 -0.12673 0.977658
1548265401.78552 0.590358 -1.72033 1.90328 -0.156243 -0.0697316 -0.127842 0.976925
1548265401.81913 0.590116 -1.72285 1.90393 -0.153603 -0.0710894 -0.126211 0.977458
1548265401.85208 0.590205 -1.72556 1.90391 -0.153809 -0.0695734 -0.130551 0.976964
1548265401.88533 0.590269 -1.7276 1.90273 -0.156011 -0.0678954 -0.132989 0.976404
1548265401.91862 0.590784 -1.72898 1.90067 -0.158485 -0.0654811 -0.133826 0.976056
1548265401.95220 0.591087 -1.72882 1.89792 -0.161639 -0.064487 -0.138522 0.974949
1548265401.98539 0.591336 -1.72799 1.89454 -0.169746 -0.060624 -0.146868 0.972595
1548265402.01871 0.591046 -1.72745 1.89137 -0.174114 -0.0604133 -0.146879 0.971834
1548265402.05209 0.590237 -1.7272 1.88804 -0.173643 -0.0640578 -0.148511 0.971437
1548265402.08524 0.589995 -1.72698 1.88412 -0.18298 -0.0632955 -0.153187 0.969044
1548265402.11890 0.589928 -1.72899 1.88062 -0.178034 -0.0636416 -0.153717 0.969858
1548265402.15220 0.590793 -1.73049 1.87615 -0.180867 -0.0610143 -0.15418 0.969429
1548265402.18540 0.591676 -1.73251 1.87196 -0.177285 -0.0595143 -0.152842 0.970395
1548265402.21883 0.592628 -1.73404 1.867 -0.176951 -0.0579727 -0.152344 0.970628
1548265402.25255 0.593753 -1.73575 1.86162 -0.178149 -0.0564829 -0.151386 0.970647
1548265402.28558 0.594459 -1.73871 1.85664 -0.173538 -0.0541826 -0.151725 0.97156
1548265402.31894 0.595279 -1.7411 1.85117 -0.171039 -0.052489 -0.153942 0.971747
1548265402.35220 0.59596 -1.74348 1.84554 -0.170749 -0.048919 -0.153455 0.972062
1548265402.38563 0.595637 -1.74538 1.83976 -0.166442 -0.0497354 -0.15414 0.972659
1548265402.41878 0.595145 -1.74704 1.83388 -0.164677 -0.0499227 -0.156793 0.972525
1548265402.45246 0.594998 -1.7491 1.82805 -0.164059 -0.0480754 -0.158765 0.972403
1548265402.48566 0.594542 -1.75128 1.82218 -0.161622 -0.0465285 -0.160584 0.972587
1548265402.51896 0.593779 -1.75298 1.81588 -0.16407 -0.0460724 -0.161178 0.972101
1548265402.55241 0.592529 -1.75499 1.81025 -0.158916 -0.0457469 -0.162174 0.972807
1548265402.58554 0.591573 -1.75748 1.80467 -0.157364 -0.0446979 -0.163677 0.972856
1548265402.61891 0.589815 -1.76008 1.79898 -0.153716 -0.0448462 -0.163543 0.973455
1548265402.65226 0.588558 -1.76183 1.79304 -0.151654 -0.04552 -0.166816 0.973191
1548265402.68546 0.587236 -1.76347 1.78725 -0.148807 -0.0452157 -0.168662 0.973327
1548265402.71878 0.585596 -1.76492 1.78096 -0.150123 -0.0439908 -0.171902 0.972614
1548265402.75206 0.584069 -1.76644 1.77465 -0.147663 -0.0442134 -0.173772 0.972648
1548265402.78520 0.582228 -1.76748 1.76855 -0.145021 -0.0434405 -0.175165 0.97283
1548265402.81868 0.580403 -1.7683 1.76289 -0.142126 -0.0443031 -0.180217 0.972296
1548265402.85207 0.578246 -1.76874 1.75728 -0.141343 -0.043804 -0.187721 0.971012
1548265402.88556 0.575923 -1.76921 1.75194 -0.139133 -0.0429207 -0.189845 0.970958
1548265402.91884 0.573883 -1.76854 1.74611 -0.142128 -0.0429843 -0.190344 0.970423
1548265402.95186 0.571292 -1.76829 1.7407 -0.1401 -0.0447758 -0.192239 0.970264
1548265402.98539 0.569366 -1.76796 1.7347 -0.140791 -0.0474993 -0.194761 0.969531
1548265403.01859 0.567995 -1.76854 1.7296 -0.134831 -0.0472463 -0.195431 0.970255
1548265403.05222 0.566992 -1.76881 1.72421 -0.135379 -0.0468455 -0.195508 0.970183
1548265403.08548 0.566363 -1.76886 1.71899 -0.13475 -0.0453874 -0.194991 0.970444
1548265403.11878 0.565758 -1.76975 1.71374 -0.13418 -0.0459587 -0.194502 0.970594
1548265403.15206 0.564966 -1.77124 1.70879 -0.130605 -0.044581 -0.19504 0.971038
1548265403.18564 0.564987 -1.77247 1.70337 -0.127512 -0.044424 -0.193943 0.971676
1548265403.21900 0.565008 -1.77374 1.69803 -0.121729 -0.0424679 -0.19288 0.972716
1548265403.25239 0.565453 -1.77455 1.69206 -0.118963 -0.0398577 -0.193901 0.972965
1548265403.28579 0.566062 -1.77477 1.68557 -0.117882 -0.0386279 -0.193922 0.973142
1548265403.31872 0.566804 -1.77416 1.67846 -0.116799 -0.0375198 -0.19158 0.97378
1548265403.35186 0.567385 -1.77436 1.67083 -0.113896 -0.0356132 -0.194387 0.973639
1548265403.38562 0.568004 -1.77427 1.66206 -0.116385 -0.0309967 -0.195532 0.973273
1548265403.41917 0.568214 -1.77445 1.65369 -0.109425 -0.0309329 -0.198379 0.973507
1548265403.45217 0.568546 -1.77365 1.64479 -0.108742 -0.0290948 -0.198625 0.97359
1548265403.48549 0.568676 -1.77275 1.63608 -0.105545 -0.0287282 -0.201667 0.973327
1548265403.51887 0.569163 -1.77209 1.62692 -0.106301 -0.0261628 -0.203029 0.973034
1548265403.55208 0.569592 -1.77154 1.61818 -0.101839 -0.023749 -0.203946 0.973381
1548265403.58549 0.569155 -1.77024 1.60973 -0.0998369 -0.021839 -0.207598 0.972861
1548265403.61879 0.56776 -1.76884 1.60166 -0.0988415 -0.0210968 -0.211049 0.972237
1548265403.65183 0.565937 -1.76735 1.59385 -0.0975038 -0.0208873 -0.213163 0.971915
1548265403.68533 0.563247 -1.76576 1.58632 -0.0971015 -0.0197028 -0.215565 0.97145
1548265403.71875 0.559841 -1.76444 1.57918 -0.0942885 -0.0208622 -0.222919 0.970042
1548265403.75222 0.556523 -1.76237 1.5721 -0.0944006 -0.0196758 -0.231886 0.967952
1548265403.78552 0.552738 -1.76001 1.56493 -0.0937387 -0.0206215 -0.236968 0.966765
1548265403.81866 0.549241 -1.75711 1.55797 -0.0941144 -0.019175 -0.24321 0.965207
1548265403.85249 0.545373 -1.75375 1.55114 -0.0944108 -0.0204848 -0.249979 0.96342
1548265403.88568 0.542171 -1.74955 1.54405 -0.098144 -0.0178036 -0.255441 0.961666
1548265403.91897 0.538492 -1.74667 1.53748 -0.0939567 -0.0190127 -0.263125 0.959988
1548265403.95230 0.535056 -1.74346 1.53035 -0.0955178 -0.0153118 -0.270314 0.9579
1548265403.98585 0.531935 -1.7407 1.52378 -0.0951358 -0.0142017 -0.275609 0.956445
1548265404.01887 0.528878 -1.73827 1.517 -0.0937031 -0.0110502 -0.282665 0.954567
1548265404.05238 0.524741 -1.73785 1.51031 -0.0904521 -0.00823523 -0.291164 0.952352
1548265404.08573 0.520249 -1.7371 1.50456 -0.0842801 -0.00555245 -0.296079 0.951422
1548265404.11909 0.514583 -1.73613 1.49912 -0.0842063 -0.00582122 -0.301735 0.949648
1548265404.15250 0.507809 -1.73659 1.49429 -0.0755215 -0.00662489 -0.314019 0.946385
1548265404.18575 0.500629 -1.73713 1.48997 -0.0701002 -0.00687297 -0.322325 0.944005
1548265404.21912 0.493029 -1.73772 1.48582 -0.0700998 -0.00376573 -0.327807 0.942133
1548265404.25214 0.485206 -1.7381 1.48247 -0.0688632 -0.00241001 -0.339488 0.938083
1548265404.28540 0.476394 -1.73944 1.48062 -0.0585137 -0.00640704 -0.350731 0.934624
1548265404.31872 0.468841 -1.73968 1.47916 -0.0639756 0.000588975 -0.352906 0.933469
1548265404.35222 0.461208 -1.73853 1.47939 -0.0527717 -0.0097506 -0.366466 0.928882
1548265404.38549 0.453618 -1.73683 1.48201 -0.0502719 -0.01397 -0.370036 0.927551
1548265404.41877 0.446817 -1.7351 1.48616 -0.0479462 -0.0150819 -0.381536 0.922987
1548265404.45185 0.441541 -1.73177 1.49237 -0.0425324 -0.019107 -0.389437 0.919872
1548265404.48542 0.438569 -1.72682 1.49935 -0.048003 -0.0198511 -0.391378 0.918763
1548265404.51869 0.436787 -1.72294 1.50663 -0.0512777 -0.0198753 -0.392251 0.918213
1548265404.55218 0.436034 -1.71947 1.51437 -0.0549619 -0.0187309 -0.394993 0.916847
1548265404.58539 0.435916 -1.71522 1.52253 -0.0558414 -0.0172054 -0.399512 0.914864
1548265404.61871 0.437278 -1.7104 1.53049 -0.0635111 -0.0134109 -0.39961 0.914384
1548265404.65223 0.438468 -1.70588 1.53909 -0.0646835 -0.0132668 -0.399666 0.914279
1548265404.68558 0.439368 -1.70141 1.54719 -0.0712423 -0.00888823 -0.400612 0.913431
1548265404.71870 0.439818 -1.6954 1.55511 -0.0767985 -0.00763046 -0.396485 0.914792
1548265404.75219 0.440349 -1.69033 1.5642 -0.0812584 -0.00650716 -0.397292 0.914064
1548265404.78573 0.440103 -1.68568 1.57317 -0.0814518 -0.00851687 -0.399426 0.9131
1548265404.81898 0.439629 -1.68145 1.58164 -0.0841366 -0.00928278 -0.398706 0.913164
1548265404.85238 0.439142 -1.67792 1.59041 -0.0859965 -0.00938627 -0.394407 0.914855
1548265404.88570 0.439412 -1.67446 1.59888 -0.0917344 -0.00589558 -0.392778 0.915028
1548265404.91891 0.43965 -1.67151 1.60792 -0.0926256 -0.00712983 -0.393007 0.914831
1548265404.95256 0.439733 -1.66892 1.61659 -0.0946682 -0.00640306 -0.388897 0.916382
1548265404.98572 0.4398 -1.66671 1.62521 -0.096685 -0.00611994 -0.383648 0.918384
1548265405.01912 0.439037 -1.66548 1.63379 -0.0959731 -0.00729571 -0.383234 0.918623
1548265405.05222 0.43623 -1.66415 1.64194 -0.0955664 -0.00996271 -0.377286 0.921099
1548265405.08546 0.434036 -1.66349 1.65057 -0.0887613 -0.0167066 -0.380354 0.92042
1548265405.11874 0.433756 -1.66099 1.65858 -0.0931429 -0.0152828 -0.378812 0.920648
1548265405.15217 0.432607 -1.65943 1.66634 -0.092068 -0.0164013 -0.376462 0.9217
1548265405.18560 0.431926 -1.6586 1.6734 -0.0950656 -0.0142987 -0.374836 0.922093
1548265405.21897 0.430924 -1.65855 1.68016 -0.092438 -0.0132067 -0.379746 0.920366
1548265405.25202 0.430192 -1.65829 1.68651 -0.092616 -0.0131911 -0.377632 0.921218
1548265405.28562 0.429534 -1.65863 1.6929 -0.0914785 -0.0119547 -0.377212 0.92152
1548265405.31848 0.428544 -1.65904 1.69964 -0.084717 -0.0103621 -0.375968 0.922694
1548265405.35229 0.426374 -1.65958 1.70623 -0.0866565 -0.00876883 -0.376943 0.922132
1548265405.38540 0.424569 -1.6588 1.7136 -0.0856618 -0.0109024 -0.376338 0.922449
1548265405.41868 0.422955 -1.65756 1.72103 -0.0849654 -0.0120068 -0.378117 0.921772
1548265405.45244 0.421162 -1.65634 1.72896 -0.0841236 -0.0120066 -0.378272 0.921786
1548265405.48560 0.419764 -1.65464 1.73708 -0.0853914 -0.00936475 -0.377133 0.922167
1548265405.51896 0.418496 -1.65263 1.74563 -0.0839359 -0.0122119 -0.377245 0.922221
1548265405.55216 0.417634 -1.65066 1.75433 -0.0836111 -0.0117621 -0.377617 0.922104
1548265405.58571 0.416002 -1.64761 1.76327 -0.0920773 0.000107324 -0.384688 0.918442
1548265405.61895 0.415172 -1.64695 1.77202 -0.0865731 -0.00932 -0.379511 0.921081
1548265405.65240 0.413656 -1.64503 1.78107 -0.0871201 -0.0100761 -0.382373 0.919837
1548265405.68535 0.412198 -1.64302 1.79021 -0.0897268 -0.00817996 -0.382184 0.919684
1548265405.71882 0.410714 -1.64135 1.79968 -0.0897535 -0.00751698 -0.382354 0.919616
1548265405.75240 0.409259 -1.64039 1.80867 -0.0893904 -0.00755427 -0.388222 0.917189
1548265405.78581 0.40781 -1.63967 1.8174 -0.0877574 -0.00672516 -0.389377 0.916864
1548265405.81894 0.40601 -1.6392 1.82598 -0.0834194 -0.010383 -0.387232 0.918142
1548265405.85220 0.40473 -1.63827 1.8331 -0.0848631 -0.0103976 -0.389591 0.917011
1548265405.88562 0.403471 -1.63824 1.8397 -0.0869042 -0.00541529 -0.392665 0.915551
1548265405.91905 0.401382 -1.63878 1.8462 -0.0819062 -0.00844566 -0.395087 0.914946
1548265405.95203 0.398881 -1.63865 1.85222 -0.0776069 -0.0118203 -0.393458 0.915985
1548265405.98562 0.397698 -1.63703 1.85685 -0.0824603 -0.0103504 -0.39344 0.915586
1548265406.01881 0.396377 -1.63516 1.86182 -0.0847558 -0.0136608 -0.385148 0.918853
1548265406.05211 0.395485 -1.63346 1.86709 -0.081175 -0.0182787 -0.382065 0.920382
1548265406.08554 0.394714 -1.63311 1.87164 -0.0793147 -0.0156682 -0.386397 0.918782
1548265406.11868 0.394545 -1.6326 1.87623 -0.0772506 -0.0155845 -0.386886 0.918754
1548265406.15204 0.395256 -1.63153 1.88096 -0.0752696 -0.0176608 -0.380291 0.92163
1548265406.18560 0.395375 -1.63021 1.88611 -0.0741071 -0.0166553 -0.382664 0.92076
1548265406.21873 0.394667 -1.62826 1.89155 -0.075208 -0.0149422 -0.38299 0.920565
1548265406.25237 0.394027 -1.62467 1.89655 -0.0764247 -0.0196865 -0.377664 0.922573
1548265406.28571 0.393278 -1.62295 1.90178 -0.0744224 -0.019952 -0.381789 0.921032
1548265406.31874 0.392624 -1.62147 1.90699 -0.0730701 -0.0190913 -0.384891 0.919867
1548265406.35222 0.391799 -1.62015 1.91221 -0.0739625 -0.0192618 -0.382769 0.920677
1548265406.38558 0.390406 -1.62015 1.91742 -0.0714324 -0.0206012 -0.386845 0.919143
1548265406.41874 0.388605 -1.62233 1.92312 -0.0645932 -0.0211114 -0.392594 0.917198
1548265406.45247 0.387121 -1.62526 1.92815 -0.0622619 -0.0181827 -0.394691 0.916522
1548265406.48580 0.385204 -1.6297 1.93297 -0.0567543 -0.0165713 -0.394227 0.917109
1548265406.51884 0.383555 -1.63489 1.9367 -0.0523927 -0.0171864 -0.396012 0.916588
1548265406.55234 0.382101 -1.64082 1.93976 -0.0483301 -0.0135735 -0.393815 0.917818
1548265406.58585 0.380441 -1.64754 1.94213 -0.0389644 -0.0117865 -0.401202 0.915084
1548265406.61905 0.378711 -1.65331 1.94348 -0.0358842 -0.0103965 -0.400396 0.915581
1548265406.65219 0.376704 -1.65928 1.94469 -0.0284049 -0.0116696 -0.397942 0.916897
1548265406.68555 0.374551 -1.66473 1.94504 -0.0254792 -0.0102945 -0.398964 0.916555
1548265406.71881 0.371857 -1.66933 1.94511 -0.0207805 -0.0149264 -0.390236 0.920359
1548265406.75209 0.369813 -1.67157 1.94511 -0.0221849 -0.01574 -0.388883 0.920885
1548265406.78562 0.367978 -1.67324 1.94531 -0.0192389 -0.0185146 -0.387511 0.921478
1548265406.81864 0.36711 -1.6731 1.94574 -0.0203799 -0.0243467 -0.380914 0.924065
1548265406.85195 0.366374 -1.67285 1.9465 -0.0219744 -0.0261225 -0.378766 0.924863
1548265406.88549 0.366191 -1.67224 1.94781 -0.0239642 -0.0265854 -0.379749 0.924397
1548265406.91874 0.366172 -1.67106 1.94983 -0.0245443 -0.0311833 -0.375114 0.926129
1548265406.95221 0.366697 -1.66924 1.9522 -0.0264226 -0.03236 -0.371553 0.927471
1548265406.98559 0.368071 -1.6678 1.95439 -0.0295861 -0.0326309 -0.371306 0.927465
1548265407.01860 0.369669 -1.66668 1.95648 -0.0298517 -0.0324605 -0.373551 0.926561
1548265407.05220 0.370559 -1.66668 1.95851 -0.0247021 -0.0351358 -0.375156 0.925966
1548265407.08581 0.37331 -1.6651 1.95961 -0.0320191 -0.0293885 -0.369796 0.928096
1548265407.11920 0.375114 -1.66472 1.96103 -0.0322779 -0.0313298 -0.368403 0.928577
1548265407.15225 0.376957 -1.66406 1.9622 -0.0331072 -0.0302484 -0.366293 0.929418
1548265407.18561 0.378952 -1.66332 1.96325 -0.0363973 -0.0299802 -0.364069 0.930177
1548265407.21914 0.380539 -1.66263 1.96407 -0.0370181 -0.0323399 -0.361154 0.93121
1548265407.25254 0.382151 -1.66188 1.96446 -0.0399488 -0.0318709 -0.359021 0.931929
1548265407.28586 0.38304 -1.66135 1.96525 -0.039708 -0.0291258 -0.361689 0.930997
1548265407.31895 0.38331 -1.65921 1.96583 -0.0478489 -0.0213131 -0.369799 0.927634
1548265407.35243 0.383172 -1.65938 1.96621 -0.039102 -0.0294943 -0.362427 0.930725
1548265407.38580 0.382397 -1.65884 1.96644 -0.0415357 -0.0276978 -0.366588 0.929043
1548265407.41901 0.381677 -1.65807 1.96729 -0.0421676 -0.032042 -0.360253 0.93135
1548265407.45210 0.381514 -1.6579 1.96848 -0.0442054 -0.0343246 -0.359902 0.93131
1548265407.48570 0.381518 -1.65886 1.97 -0.0384952 -0.0355222 -0.36209 0.930671
1548265407.51894 0.382761 -1.65906 1.9711 -0.0397916 -0.0318237 -0.36428 0.929895
1548265407.55222 0.384001 -1.65891 1.97187 -0.0428715 -0.0285037 -0.36651 0.928989
1548265407.58558 0.384648 -1.65868 1.97277 -0.0411999 -0.0272206 -0.368113 0.928469
1548265407.61895 0.385219 -1.65729 1.97316 -0.0439229 -0.0231297 -0.368702 0.928221
1548265407.65228 0.384785 -1.65604 1.97336 -0.0424163 -0.0238756 -0.370391 0.9276
1548265407.68562 0.383943 -1.65418 1.9731 -0.0453126 -0.0225984 -0.370724 0.927362
1548265407.71890 0.381673 -1.65326 1.97271 -0.0418696 -0.0271708 -0.368807 0.928165
1548265407.75211 0.37903 -1.65175 1.97238 -0.0427349 -0.028313 -0.369758 0.927713
1548265407.78551 0.377065 -1.65037 1.97299 -0.0435101 -0.0301303 -0.371277 0.927013
1548265407.81892 0.376777 -1.65052 1.97534 -0.0440141 -0.032465 -0.368655 0.927956
1548265407.85186 0.377941 -1.65083 1.97784 -0.0434972 -0.0325936 -0.370113 0.927395
1548265407.88549 0.379563 -1.64975 1.98013 -0.0466143 -0.0289315 -0.36619 0.928921
1548265407.91922 0.381923 -1.64778 1.98219 -0.0490904 -0.0285788 -0.368092 0.928053
1548265407.95243 0.38396 -1.64495 1.98505 -0.0481107 -0.0308712 -0.366307 0.928737
1548265407.98561 0.385655 -1.64016 1.98756 -0.0621395 -0.0225969 -0.370335 0.926542
1548265408.01892 0.38738 -1.63649 1.99021 -0.0626958 -0.0299491 -0.361166 0.929909
1548265408.05243 0.388823 -1.63301 1.99372 -0.0642574 -0.0295759 -0.362944 0.929122
1548265408.08572 0.390339 -1.62986 1.99622 -0.070112 -0.0207893 -0.365011 0.928126
1548265408.11893 0.391974 -1.62755 1.99972 -0.0704191 -0.0197718 -0.379939 0.922116
1548265408.15246 0.392256 -1.62428 2.00198 -0.0768957 -0.0129046 -0.379285 0.921989
1548265408.18550 0.392161 -1.62122 2.00593 -0.081778 -0.00764423 -0.392133 0.916235
1548265408.21898 0.391962 -1.62111 2.00865 -0.0727934 -0.0175524 -0.386515 0.919239
1548265408.25233 0.389649 -1.61897 2.01062 -0.080446 -0.0123093 -0.379042 0.921794
1548265408.28567 0.387327 -1.61704 2.01298 -0.0766835 -0.0145932 -0.384979 0.919618
1548265408.31887 0.385038 -1.61515 2.015 -0.0744508 -0.0169761 -0.394064 0.915905
1548265408.35167 0.383176 -1.61271 2.01677 -0.075961 -0.0200407 -0.394748 0.915425
1548265408.38545 0.380916 -1.61051 2.01854 -0.0769329 -0.0178321 -0.399084 0.913507
1548265408.41900 0.37787 -1.6086 2.01992 -0.0732433 -0.02411 -0.407182 0.910086
1548265408.45220 0.375475 -1.60613 2.02132 -0.0750428 -0.0246554 -0.407416 0.90982
1548265408.48580 0.37331 -1.60445 2.02323 -0.0772568 -0.0252474 -0.404176 0.911063
1548265408.51900 0.370957 -1.60383 2.02506 -0.0755892 -0.0260852 -0.410196 0.908485
1548265408.55223 0.369088 -1.60322 2.02683 -0.0710898 -0.0272532 -0.414852 0.906698
1548265408.58560 0.368157 -1.60181 2.02831 -0.0734671 -0.0292747 -0.41077 0.908303
1548265408.61905 0.367852 -1.60063 2.03003 -0.0737977 -0.0288709 -0.410848 0.908254
1548265408.65245 0.368426 -1.59934 2.03156 -0.0749855 -0.0284033 -0.41342 0.907003
1548265408.68582 0.369274 -1.59737 2.03252 -0.0777196 -0.0275491 -0.409977 0.908361
1548265408.71907 0.370007 -1.59572 2.03344 -0.0771874 -0.0267538 -0.411016 0.907961
1548265408.75247 0.371179 -1.59396 2.03427 -0.0787532 -0.0241661 -0.413603 0.906723
1548265408.78553 0.371644 -1.59298 2.0349 -0.078916 -0.0253315 -0.410599 0.908041
1548265408.81902 0.371584 -1.59286 2.03487 -0.0762541 -0.0288827 -0.406323 0.910084
1548265408.85223 0.371639 -1.59309 2.03465 -0.0740002 -0.0289415 -0.405906 0.910454
1548265408.88600 0.371492 -1.59341 2.03431 -0.0756504 -0.0236548 -0.403564 0.911512
1548265408.91914 0.370844 -1.59325 2.03249 -0.0756116 -0.0260176 -0.399595 0.913197
1548265408.95248 0.369944 -1.59411 2.03101 -0.0698752 -0.0291292 -0.400059 0.913357
1548265408.98576 0.368589 -1.59316 2.02826 -0.0693215 -0.0300229 -0.397052 0.914682
1548265409.01917 0.367174 -1.59221 2.02557 -0.0702028 -0.0304913 -0.397519 0.914396
1548265409.05227 0.365041 -1.59123 2.02302 -0.0645751 -0.0338707 -0.400093 0.913569
1548265409.08576 0.363298 -1.59033 2.0203 -0.0637434 -0.0358188 -0.399592 0.913773
1548265409.11895 0.362137 -1.58989 2.01814 -0.0646054 -0.0366365 -0.395304 0.915543
1548265409.15245 0.36186 -1.59059 2.01624 -0.0607435 -0.0367536 -0.394507 0.916146
1548265409.18567 0.362027 -1.59229 2.01431 -0.0592944 -0.0332497 -0.397851 0.914928
1548265409.21898 0.363034 -1.59422 2.01234 -0.0542475 -0.0313585 -0.401769 0.913595
1548265409.25235 0.364682 -1.59597 2.01053 -0.0508739 -0.0275839 -0.402498 0.91359
1548265409.28562 0.366241 -1.59555 2.00869 -0.0600417 -0.0105847 -0.410418 0.909857
1548265409.31896 0.367395 -1.59707 2.00676 -0.0465772 -0.0243438 -0.40791 0.911508
1548265409.35235 0.367679 -1.59523 2.00411 -0.0491225 -0.0231104 -0.405607 0.912434
1548265409.38560 0.367861 -1.59345 2.00179 -0.0512741 -0.0218713 -0.403836 0.913131
1548265409.41889 0.368185 -1.59179 1.99947 -0.0518254 -0.0226737 -0.402964 0.913466
1548265409.45256 0.367736 -1.58969 1.9966 -0.0496601 -0.0256971 -0.403625 0.913214
1548265409.48589 0.367056 -1.58809 1.9938 -0.049185 -0.0275743 -0.403604 0.913195
1548265409.51903 0.366701 -1.58673 1.99111 -0.0490392 -0.0289355 -0.404359 0.912826
1548265409.55215 0.366217 -1.58556 1.98821 -0.050253 -0.0283156 -0.403576 0.913126
1548265409.58572 0.36571 -1.58492 1.98532 -0.0510642 -0.0298531 -0.400613 0.914336
1548265409.61897 0.365673 -1.58508 1.98248 -0.0491035 -0.0305151 -0.402126 0.913757
1548265409.65247 0.365891 -1.58527 1.97946 -0.0482117 -0.0300895 -0.402211 0.913781
1548265409.68567 0.366781 -1.58524 1.9763 -0.0482246 -0.029291 -0.399179 0.915136
1548265409.71909 0.367738 -1.58564 1.97266 -0.0459201 -0.0285044 -0.400343 0.91477
1548265409.75258 0.368517 -1.58598 1.96837 -0.046775 -0.025625 -0.399584 0.915144
1548265409.78576 0.369474 -1.58611 1.96467 -0.0422667 -0.0293755 -0.397853 0.916004
1548265409.81914 0.370524 -1.58595 1.9607 -0.0448733 -0.0239667 -0.39678 0.916503
1548265409.85186 0.371764 -1.58648 1.95747 -0.0436761 -0.0225715 -0.396934 0.91653
1548265409.88541 0.37313 -1.58665 1.9545 -0.0443775 -0.0236137 -0.397084 0.916405
1548265409.91896 0.374321 -1.58639 1.9519 -0.0455453 -0.0231831 -0.392348 0.918396
1548265409.95239 0.375446 -1.58579 1.94933 -0.0449464 -0.0249453 -0.390983 0.918961
1548265409.98568 0.375915 -1.58551 1.94639 -0.0420507 -0.0282297 -0.393023 0.918133
1548265410.01873 0.376514 -1.58455 1.94262 -0.0458544 -0.0245525 -0.389958 0.919363
1548265410.05230 0.377132 -1.58345 1.9386 -0.045744 -0.0246896 -0.391805 0.918579
1548265410.08569 0.377724 -1.58209 1.93432 -0.0508192 -0.0231242 -0.390141 0.919061
1548265410.11896 0.378628 -1.5809 1.92994 -0.0501028 -0.0264235 -0.38836 0.919765
1548265410.15235 0.379297 -1.58013 1.92472 -0.0515295 -0.0253488 -0.387836 0.919938
1548265410.18572 0.380067 -1.57898 1.91935 -0.0525843 -0.0264379 -0.388211 0.919689
1548265410.21896 0.38041 -1.57808 1.91304 -0.0537383 -0.0267472 -0.386535 0.920319
1548265410.25256 0.380683 -1.57832 1.907 -0.0535564 -0.0306886 -0.381934 0.922126
1548265410.28560 0.380874 -1.57925 1.90098 -0.0516632 -0.0308232 -0.382174 0.92213
1548265410.31897 0.381335 -1.58045 1.89534 -0.0517484 -0.0286657 -0.383578 0.921612
1548265410.35188 0.382342 -1.58116 1.88972 -0.0521657 -0.028193 -0.384323 0.921292
1548265410.38598 0.38257 -1.58323 1.88415 -0.0461306 -0.0321668 -0.389013 0.919514
1548265410.41911 0.385376 -1.58431 1.87899 -0.0504614 -0.0283005 -0.379671 0.923311
1548265410.45252 0.388177 -1.5865 1.87462 -0.050595 -0.0305909 -0.375913 0.924767
1548265410.48583 0.390914 -1.59088 1.8702 -0.0435696 -0.0314902 -0.376458 0.924873
1548265410.51883 0.395312 -1.59352 1.86483 -0.0509487 -0.0237097 -0.364675 0.929438
1548265410.55239 0.398233 -1.59756 1.85989 -0.0477849 -0.0250748 -0.359227 0.931689
1548265410.58585 0.400617 -1.60234 1.85416 -0.045259 -0.0221929 -0.356799 0.93282
1548265410.61914 0.402578 -1.60718 1.84852 -0.0433157 -0.0227914 -0.347805 0.936288
1548265410.65250 0.403969 -1.61197 1.84277 -0.040853 -0.0250927 -0.335948 0.940659
1548265410.68556 0.405008 -1.6174 1.83713 -0.0361771 -0.0275522 -0.330794 0.942607
1548265410.71907 0.405784 -1.62232 1.83154 -0.0313427 -0.0300771 -0.323797 0.945129
1548265410.75228 0.406717 -1.62643 1.82597 -0.0316224 -0.0313329 -0.317141 0.947333
1548265410.78551 0.407393 -1.63173 1.82033 -0.0274048 -0.0336972 -0.310665 0.949527
1548265410.81893 0.408939 -1.63701 1.81455 -0.0279237 -0.0316411 -0.304887 0.951453
1548265410.85195 0.410109 -1.64228 1.80948 -0.0249373 -0.0334514 -0.296196 0.954216
1548265410.88559 0.410551 -1.64782 1.80483 -0.0185226 -0.0353022 -0.294562 0.9548
1548265410.91891 0.410432 -1.65319 1.80132 -0.0161624 -0.0344167 -0.292929 0.955378
1548265410.95237 0.409689 -1.65766 1.79898 -0.0167886 -0.0339951 -0.289733 0.956356
1548265410.98567 0.407475 -1.66275 1.7986 -0.00786583 -0.0399022 -0.290688 0.955953
1548265411.01878 0.406233 -1.66546 1.79893 -0.0123967 -0.0346772 -0.290043 0.956305
1548265411.05241 0.404289 -1.66698 1.80059 -0.0166866 -0.0358202 -0.288512 0.956661
1548265411.08581 0.402126 -1.66802 1.80404 -0.0146599 -0.0403695 -0.286469 0.957126
1548265411.11907 0.400592 -1.66741 1.80814 -0.0218007 -0.0409139 -0.284189 0.957647
1548265411.15214 0.399025 -1.66709 1.81324 -0.0222943 -0.0426639 -0.2842 0.957556
1548265411.18568 0.398192 -1.66569 1.81856 -0.0296063 -0.042007 -0.283399 0.957624
1548265411.21921 0.397373 -1.66436 1.82441 -0.0337141 -0.0420703 -0.282255 0.957823
1548265411.25249 0.396466 -1.66327 1.8304 -0.0361112 -0.0417527 -0.284036 0.957223
1548265411.28561 0.395729 -1.66127 1.83645 -0.0395631 -0.0417898 -0.284287 0.957011
1548265411.31890 0.394817 -1.65889 1.8424 -0.0458203 -0.0412731 -0.283238 0.957065
1548265411.35245 0.394071 -1.65636 1.84825 -0.0478394 -0.0413087 -0.28269 0.957127
1548265411.38586 0.3934 -1.65426 1.85374 -0.0506281 -0.0417055 -0.283919 0.956602
1548265411.41916 0.393236 -1.65154 1.85867 -0.0551411 -0.0402181 -0.28602 0.95579
1548265411.45231 0.393252 -1.6497 1.86362 -0.05822 -0.0378603 -0.284821 0.956062
1548265411.48568 0.39338 -1.64813 1.86824 -0.0593427 -0.0372564 -0.286645 0.955471
1548265411.51893 0.39345 -1.64713 1.87264 -0.0599781 -0.0368792 -0.288903 0.954766
1548265411.55224 0.393563 -1.64596 1.87672 -0.062737 -0.0358801 -0.289993 0.954296
1548265411.58564 0.39299 -1.64535 1.88078 -0.0638972 -0.0342994 -0.290405 0.954152
1548265411.61875 0.392162 -1.64506 1.88461 -0.0648251 -0.033694 -0.292085 0.953598
1548265411.65223 0.390755 -1.64455 1.88855 -0.0634579 -0.0360005 -0.294418 0.952888
1548265411.68567 0.388958 -1.64449 1.89244 -0.0634571 -0.0353562 -0.292962 0.953361
1548265411.71901 0.38719 -1.64458 1.8964 -0.063072 -0.035128 -0.294184 0.953018
1548265411.75232 0.384924 -1.64422 1.90012 -0.0631411 -0.0367498 -0.29595 0.952406
1548265411.78572 0.382664 -1.64381 1.90408 -0.0622806 -0.0378303 -0.296566 0.952228
1548265411.81855 0.380486 -1.64311 1.90787 -0.0600822 -0.0398332 -0.299647 0.951323
1548265411.85192 0.378367 -1.64217 1.9114 -0.0639042 -0.0386325 -0.297204 0.951889
1548265411.88574 0.376102 -1.64129 1.91492 -0.0607406 -0.0403595 -0.299952 0.951163
1548265411.91913 0.373402 -1.63985 1.91791 -0.0607576 -0.0410362 -0.30401 0.949843
1548265411.95243 0.369732 -1.63768 1.92087 -0.0618511 -0.0418731 -0.304105 0.949706
1548265411.98584 0.36561 -1.63522 1.92342 -0.0636071 -0.0454004 -0.304785 0.94921
1548265412.01896 0.361023 -1.63261 1.92591 -0.0623773 -0.0488 -0.307491 0.94825
1548265412.05242 0.356495 -1.62994 1.92785 -0.0653648 -0.0493748 -0.309012 0.947524
1548265412.08574 0.352218 -1.62705 1.92985 -0.0655512 -0.0517593 -0.312322 0.946297
1548265412.11915 0.347287 -1.62487 1.93158 -0.0646188 -0.0556122 -0.312637 0.946039
1548265412.15235 0.342983 -1.62225 1.93301 -0.0668717 -0.056586 -0.315394 0.944909
1548265412.18585 0.338949 -1.62 1.93455 -0.0651038 -0.0583844 -0.318008 0.944046
1548265412.21916 0.335006 -1.61729 1.9357 -0.06634 -0.0604186 -0.319705 0.943259
1548265412.25225 0.331221 -1.61407 1.93635 -0.0685023 -0.0614707 -0.321475 0.942434
1548265412.28545 0.327097 -1.61021 1.93676 -0.0692528 -0.0623966 -0.326331 0.940648
1548265412.31854 0.322264 -1.60614 1.93701 -0.0714205 -0.0648815 -0.326029 0.940423
1548265412.35226 0.3174 -1.60194 1.93675 -0.0710389 -0.0690995 -0.329834 0.938823
1548265412.38561 0.311767 -1.59776 1.93623 -0.071078 -0.0724682 -0.334685 0.936847
1548265412.41903 0.306095 -1.59374 1.93552 -0.0728528 -0.0741066 -0.336752 0.935841
1548265412.45247 0.30068 -1.59012 1.93479 -0.0706513 -0.0789929 -0.339222 0.934718
1548265412.48567 0.295562 -1.58701 1.93392 -0.0705323 -0.0811335 -0.343022 0.933155
1548265412.51897 0.291144 -1.58452 1.93296 -0.0698705 -0.0830912 -0.344549 0.93247
1548265412.55218 0.287282 -1.58233 1.93183 -0.0708725 -0.0832044 -0.347383 0.931332
1548265412.58553 0.284834 -1.58025 1.93111 -0.0715579 -0.0825255 -0.347968 0.931121
1548265412.61888 0.282793 -1.579 1.93047 -0.0691973 -0.0826451 -0.351634 0.929911
1548265412.65237 0.281493 -1.5779 1.92986 -0.0672786 -0.0813735 -0.353878 0.929313
1548265412.68573 0.280761 -1.57711 1.92934 -0.0641501 -0.0802939 -0.356151 0.928759
1548265412.71920 0.280627 -1.57666 1.92895 -0.063223 -0.0759183 -0.358377 0.928335
1548265412.75225 0.280871 -1.57616 1.92855 -0.0624829 -0.0727721 -0.359732 0.928113
1548265412.78586 0.280917 -1.57566 1.92824 -0.0610953 -0.0700342 -0.362511 0.927334
1548265412.81898 0.280839 -1.57521 1.92776 -0.0603571 -0.0648593 -0.36531 0.92666
1548265412.85250 0.281033 -1.57447 1.92794 -0.0586681 -0.064259 -0.36668 0.926269
1548265412.88586 0.280686 -1.57335 1.92774 -0.0580026 -0.0612341 -0.369502 0.925394
1548265412.91933 0.279991 -1.57225 1.9274 -0.0577842 -0.059124 -0.371926 0.924574
1548265412.95251 0.279085 -1.57097 1.92697 -0.0557301 -0.0581802 -0.375688 0.923238
1548265412.98585 0.278011 -1.56997 1.92634 -0.0567835 -0.0567803 -0.37707 0.922697
1548265413.01917 0.277131 -1.56974 1.92579 -0.0562889 -0.0527808 -0.377149 0.922932
1548265413.05228 0.276796 -1.56988 1.92505 -0.0543051 -0.0506808 -0.378407 0.922654
1548265413.08574 0.277108 -1.57065 1.92411 -0.0520877 -0.0472321 -0.381213 0.921809
1548265413.11871 0.277444 -1.57136 1.92284 -0.0524912 -0.0428108 -0.384403 0.920677
1548265413.15182 0.278874 -1.5722 1.92202 -0.0488924 -0.0430673 -0.385516 0.920398
1548265413.18558 0.279818 -1.57294 1.92103 -0.045375 -0.0408239 -0.386611 0.920221
1548265413.21894 0.280675 -1.57347 1.92017 -0.0445302 -0.0364591 -0.387922 0.919894
1548265413.25230 0.281417 -1.57337 1.91944 -0.0440967 -0.0323112 -0.389236 0.919514
1548265413.28558 0.281883 -1.57273 1.91899 -0.043411 -0.030966 -0.389663 0.919412
1548265413.31862 0.28248 -1.57167 1.9189 -0.0436206 -0.0307587 -0.390492 0.919058
1548265413.35215 0.282929 -1.57055 1.91912 -0.0432324 -0.0288116 -0.39207 0.918467
1548265413.38538 0.283267 -1.56917 1.91957 -0.042823 -0.0297467 -0.39271 0.918183
1548265413.41908 0.284241 -1.56761 1.92006 -0.0417774 -0.0309069 -0.393688 0.917774
1548265413.45255 0.285677 -1.56596 1.92065 -0.0453591 -0.0285535 -0.392059 0.918377
1548265413.48580 0.287357 -1.56425 1.92131 -0.0458958 -0.0285714 -0.391341 0.918656
1548265413.51912 0.289353 -1.56308 1.92226 -0.0468405 -0.0262587 -0.389495 0.919462
1548265413.55266 0.292014 -1.56205 1.92333 -0.046929 -0.0260637 -0.388269 0.919981
1548265413.58585 0.29479 -1.56079 1.92411 -0.0483632 -0.0225904 -0.387163 0.920465
1548265413.61905 0.298406 -1.55975 1.92513 -0.0501411 -0.0221819 -0.386219 0.920776
1548265413.65163 0.301246 -1.55875 1.92592 -0.047479 -0.0215652 -0.386716 0.920723
1548265413.68573 0.305013 -1.55712 1.92707 -0.0513482 -0.0192362 -0.381645 0.922681
1548265413.71924 0.308149 -1.55587 1.92807 -0.0513547 -0.0185689 -0.380878 0.923011
1548265413.75240 0.31109 -1.55434 1.92926 -0.0497989 -0.0171546 -0.380904 0.923113
1548265413.78570 0.313861 -1.55243 1.93014 -0.0519026 -0.0160728 -0.379384 0.923642
1548265413.81919 0.316683 -1.55005 1.93137 -0.0527092 -0.0186705 -0.377876 0.924166
1548265413.85235 0.31932 -1.54779 1.93244 -0.0537963 -0.016926 -0.376862 0.924551
1548265413.88563 0.320919 -1.54614 1.93389 -0.0495712 -0.0217517 -0.38036 0.923253
1548265413.91893 0.324686 -1.54287 1.93389 -0.0592183 -0.0169513 -0.374485 0.925185
1548265413.95239 0.328268 -1.54075 1.93409 -0.0587712 -0.015638 -0.371807 0.926316
1548265413.98559 0.33212 -1.53956 1.93381 -0.0579575 -0.0156906 -0.373617 0.925638
1548265414.01866 0.336226 -1.53832 1.933 -0.0630213 -0.0110157 -0.371895 0.926068
1548265414.05235 0.340115 -1.53845 1.93216 -0.0587989 -0.0107243 -0.369901 0.927147
1548265414.08558 0.344366 -1.53842 1.93093 -0.0572068 -0.0097088 -0.370081 0.927185
1548265414.11888 0.348161 -1.53889 1.92938 -0.0555026 -0.00858333 -0.369878 0.927381
1548265414.15203 0.352113 -1.53978 1.92718 -0.0548458 -0.00619515 -0.367469 0.928396
1548265414.18573 0.355434 -1.54113 1.9246 -0.0516879 -0.00537841 -0.367461 0.928586
1548265414.21905 0.358396 -1.54261 1.92151 -0.0513655 -0.00276919 -0.366522 0.928986
1548265414.25240 0.360783 -1.5444 1.91835 -0.0470679 -0.0021912 -0.36529 0.929701
1548265414.28602 0.362953 -1.54606 1.91487 -0.0454389 -0.00175496 -0.365962 0.929518
1548265414.31926 0.364356 -1.54749 1.91166 -0.0421146 -0.00134257 -0.367696 0.928991
1548265414.35263 0.365477 -1.54864 1.90832 -0.0430433 0.000274694 -0.365235 0.92992
1548265414.38575 0.366221 -1.54936 1.90533 -0.0416286 -0.000532251 -0.364012 0.930464
1548265414.41921 0.367529 -1.5496 1.90222 -0.0412986 -0.000201707 -0.366552 0.92948
1548265414.45245 0.370204 -1.54914 1.8992 -0.042767 0.00109249 -0.367833 0.928907
1548265414.48578 0.373716 -1.54868 1.89577 -0.0466721 0.00347726 -0.365721 0.929547
1548265414.51907 0.377255 -1.54894 1.89232 -0.0471667 0.00626638 -0.367435 0.928831
1548265414.55261 0.381615 -1.54879 1.88908 -0.0475081 0.00960371 -0.369976 0.927776
1548265414.58577 0.385882 -1.54832 1.88539 -0.0491984 0.0105457 -0.369749 0.927768
1548265414.61900 0.390121 -1.54789 1.88175 -0.0499954 0.0124967 -0.367779 0.928484
1548265414.65218 0.393438 -1.54778 1.87769 -0.0537145 0.0155252 -0.368508 0.927942
1548265414.68561 0.395499 -1.54829 1.87383 -0.0534639 0.0152855 -0.368898 0.927805
1548265414.71895 0.396634 -1.55014 1.8704 -0.0474597 0.0120269 -0.374579 0.925901
1548265414.75230 0.398542 -1.55041 1.86651 -0.0516957 0.014514 -0.368149 0.928215
1548265414.78536 0.400245 -1.55161 1.86273 -0.053282 0.0164195 -0.367384 0.928397
1548265414.81885 0.40237 -1.55334 1.8592 -0.0554974 0.0187401 -0.368312 0.927855
1548265414.85210 0.403764 -1.55636 1.85586 -0.0510225 0.0159707 -0.366677 0.928811
1548265414.88569 0.405983 -1.55927 1.85227 -0.0524955 0.018181 -0.364542 0.929528
1548265414.91903 0.407948 -1.56361 1.84901 -0.0493161 0.0199251 -0.364408 0.929719
1548265414.95232 0.409754 -1.56866 1.8457 -0.0468552 0.0214037 -0.361297 0.931027
1548265414.98557 0.411053 -1.57396 1.84233 -0.04554 0.0229836 -0.361334 0.93104
1548265415.01859 0.411194 -1.57987 1.83909 -0.0410043 0.0227053 -0.35904 0.932144
1548265415.05231 0.410635 -1.58598 1.83563 -0.0384458 0.0235802 -0.356218 0.933314
1548265415.08588 0.410289 -1.59206 1.83238 -0.0334216 0.0239756 -0.354999 0.933961
1548265415.11928 0.409792 -1.59725 1.82902 -0.0318317 0.0229967 -0.351662 0.935303
1548265415.15239 0.40863 -1.60141 1.82539 -0.0317729 0.0226972 -0.349606 0.936083
1548265415.18574 0.407039 -1.60521 1.82236 -0.0270126 0.0189432 -0.348242 0.936824
1548265415.21916 0.405442 -1.60815 1.81964 -0.0255845 0.0165334 -0.347514 0.93718
1548265415.25252 0.403748 -1.61048 1.81733 -0.0271225 0.0141014 -0.34503 0.938094
1548265415.28592 0.40148 -1.61267 1.81589 -0.024941 0.0106843 -0.343515 0.938755
1548265415.31912 0.399203 -1.61478 1.81471 -0.0238287 0.00867429 -0.343128 0.938946
1548265415.35224 0.397606 -1.61723 1.81388 -0.0252816 0.00656898 -0.340456 0.939898
1548265415.38580 0.396673 -1.62009 1.81311 -0.025391 0.00468973 -0.338351 0.940666
1548265415.41928 0.396327 -1.62314 1.81211 -0.0257838 0.00498176 -0.337309 0.941028
1548265415.45233 0.396532 -1.62636 1.81171 -0.0234405 0.00507288 -0.337911 0.940873
1548265415.48577 0.396288 -1.63033 1.81251 -0.0125709 0.0011071 -0.338598 0.940847
1548265415.51892 0.397641 -1.63219 1.81188 -0.0231423 0.00745642 -0.335371 0.941772
1548265415.55193 0.397232 -1.63475 1.81223 -0.0216321 0.00652536 -0.335748 0.941681
1548265415.58564 0.396533 -1.6365 1.81275 -0.0236737 0.00770242 -0.337231 0.941093
1548265415.61888 0.39588 -1.63769 1.81374 -0.0247072 0.0072903 -0.336015 0.941504
1548265415.65237 0.39449 -1.63874 1.81464 -0.0224876 0.00409851 -0.337047 0.94121
1548265415.68570 0.393042 -1.63888 1.81555 -0.0247225 0.0031995 -0.33499 0.941892
1548265415.71892 0.392072 -1.63919 1.81675 -0.0273184 0.00264505 -0.333715 0.942274
1548265415.75224 0.392149 -1.63934 1.81861 -0.0278052 0.0010587 -0.334286 0.942061
1548265415.78586 0.392276 -1.63998 1.8206 -0.0281584 0.000350847 -0.332793 0.94258
1548265415.81900 0.392613 -1.64048 1.8224 -0.0286592 -0.000668042 -0.333129 0.942445
1548265415.85211 0.393632 -1.6412 1.82421 -0.0335578 0.00121795 -0.331844 0.942737
1548265415.88586 0.394448 -1.64286 1.82642 -0.0304999 -8.51954e-05 -0.333735 0.942173
1548265415.91934 0.39539 -1.64458 1.82845 -0.0302263 0.000615969 -0.33226 0.942703
1548265415.95267 0.396746 -1.64563 1.83051 -0.0320711 0.00147944 -0.334501 0.941848
1548265415.98587 0.397862 -1.64712 1.83306 -0.031644 0.00160487 -0.332863 0.942443
1548265416.01929 0.399719 -1.6473 1.83592 -0.0405228 0.0120147 -0.341303 0.939003
1548265416.05246 0.401847 -1.6493 1.83897 -0.0319478 0.00435174 -0.337399 0.940809
1548265416.08581 0.403984 -1.64893 1.84226 -0.0369854 0.00490362 -0.333384 0.942053
1548265416.11926 0.406033 -1.64779 1.84621 -0.0461527 0.0126463 -0.33861 0.939709
1548265416.15251 0.408957 -1.64908 1.84981 -0.0408623 0.00546935 -0.332005 0.942376
1548265416.18580 0.412106 -1.6495 1.85381 -0.0430404 0.00540988 -0.332566 0.942082
1548265416.21912 0.414964 -1.65016 1.85767 -0.045218 0.0073856 -0.33144 0.942363
1548265416.25221 0.417492 -1.6508 1.86183 -0.0426246 0.00376974 -0.333243 0.941869
1548265416.28565 0.420436 -1.64989 1.8662 -0.0571472 0.0162505 -0.334184 0.940633
1548265416.31901 0.423545 -1.65122 1.87011 -0.0486084 0.00577305 -0.331027 0.942351
1548265416.35238 0.426043 -1.6515 1.87404 -0.0496758 0.00373087 -0.328657 0.943135
1548265416.38571 0.428813 -1.65172 1.87785 -0.0523892 0.00401926 -0.327721 0.943312
1548265416.41897 0.43166 -1.65239 1.88152 -0.0550578 0.00493379 -0.32853 0.942874
1548265416.45213 0.433385 -1.65339 1.8852 -0.0525429 0.00115607 -0.326611 0.943697
1548265416.48557 0.435622 -1.65388 1.88869 -0.0544032 0.00173408 -0.324994 0.944148
1548265416.51908 0.438076 -1.65472 1.892 -0.0535137 0.00188073 -0.325392 0.944062
1548265416.55244 0.440166 -1.65612 1.89517 -0.0540389 0.00294356 -0.328631 0.942907
1548265416.58563 0.441784 -1.65708 1.89831 -0.0535329 0.001432 -0.329213 0.942736
1548265416.61913 0.443017 -1.65679 1.90114 -0.056582 0.000624986 -0.32605 0.943658
1548265416.65238 0.443996 -1.65725 1.90408 -0.0576231 0.000505826 -0.325834 0.943669
1548265416.68587 0.444721 -1.65649 1.90691 -0.0653505 0.0079669 -0.334266 0.940177
1548265416.71919 0.445116 -1.65708 1.90906 -0.0597545 -0.000104316 -0.3278 0.942855
1548265416.75231 0.444855 -1.65725 1.91137 -0.057014 -0.00388051 -0.331245 0.941813
1548265416.78573 0.444886 -1.65757 1.91316 -0.0570303 -0.00338187 -0.335074 0.940458
1548265416.81926 0.444711 -1.65784 1.91476 -0.0576488 -0.000481557 -0.337432 0.939583
1548265416.85193 0.44414 -1.65887 1.91683 -0.053226 -0.0036735 -0.34109 0.938515
1548265416.88598 0.443728 -1.65898 1.91884 -0.0533607 -0.00266709 -0.342475 0.938007
1548265416.91906 0.442659 -1.65937 1.92127 -0.0495008 -0.00514821 -0.345842 0.936972
1548265416.95231 0.442445 -1.65926 1.9239 -0.0493829 -0.00542292 -0.348922 0.935834
1548265416.98582 0.442557 -1.65855 1.92663 -0.0500357 -0.00479585 -0.349217 0.935693
1548265417.01926 0.443094 -1.65766 1.92964 -0.0481298 -0.00653807 -0.351332 0.93499
1548265417.05233 0.442668 -1.65695 1.93228 -0.0375617 -0.0118345 -0.364118 0.93052
1548265417.08564 0.446059 -1.65436 1.93546 -0.049838 -0.00539175 -0.356243 0.933048
1548265417.11891 0.448483 -1.65174 1.93869 -0.0511258 -0.00796852 -0.35462 0.933578
1548265417.15224 0.451979 -1.64854 1.94179 -0.056133 -0.00826591 -0.353905 0.933559
1548265417.18566 0.455114 -1.646 1.94524 -0.0572405 -0.00879976 -0.352045 0.934189
1548265417.21900 0.458465 -1.64307 1.94864 -0.0605784 -0.00902653 -0.353266 0.933516
1548265417.25225 0.460992 -1.64105 1.95233 -0.0627562 -0.0100899 -0.350945 0.934236
1548265417.28571 0.463938 -1.63879 1.95561 -0.0637987 -0.0125549 -0.350774 0.9342
1548265417.31907 0.466503 -1.63771 1.95884 -0.0656466 -0.0113121 -0.350775 0.934087
1548265417.35237 0.468975 -1.63655 1.96146 -0.0661587 -0.0123639 -0.350284 0.934222
1548265417.38573 0.471411 -1.63587 1.9637 -0.0700786 -0.0116102 -0.348868 0.934476
1548265417.41920 0.473587 -1.63561 1.96594 -0.0684812 -0.0124637 -0.348024 0.934898
1548265417.45258 0.476376 -1.63544 1.9672 -0.0695593 -0.0122671 -0.347196 0.935129
1548265417.48565 0.479307 -1.63642 1.96827 -0.0669266 -0.0121513 -0.348259 0.934927
1548265417.51896 0.482436 -1.637 1.96854 -0.0697939 -0.010256 -0.348819 0.934531
1548265417.55249 0.484782 -1.63832 1.96876 -0.0669009 -0.0118149 -0.347827 0.935094
1548265417.58570 0.487752 -1.63896 1.96844 -0.0680084 -0.00973863 -0.345764 0.935803
1548265417.61928 0.490551 -1.64059 1.96775 -0.0650761 -0.0094269 -0.3475 0.935372
1548265417.65238 0.493055 -1.64164 1.96661 -0.0663005 -0.00787979 -0.346947 0.935505
1548265417.68599 0.495011 -1.64321 1.96538 -0.0644687 -0.00833028 -0.348746 0.93496
1548265417.71918 0.497125 -1.64476 1.96372 -0.0622728 -0.00879006 -0.348693 0.935125
1548265417.75255 0.499628 -1.64636 1.96186 -0.0619689 -0.00733234 -0.347963 0.935429
1548265417.78574 0.502026 -1.64797 1.95989 -0.0623419 -0.00738355 -0.34875 0.935111
1548265417.81921 0.503512 -1.64958 1.9578 -0.0603612 -0.00628146 -0.34855 0.935323
1548265417.85205 0.505016 -1.6508 1.95576 -0.0598347 -0.00471973 -0.349581 0.934981
1548265417.88530 0.506003 -1.65203 1.95373 -0.0568103 -0.00877517 -0.351967 0.934246
1548265417.91879 0.508746 -1.65196 1.95129 -0.0610408 -0.0043337 -0.35137 0.934235
1548265417.95208 0.510592 -1.65281 1.94855 -0.0613074 0.000139972 -0.355528 0.932653
1548265417.98552 0.511837 -1.65338 1.94597 -0.058754 -0.00197509 -0.35402 0.933388
1548265418.01869 0.512851 -1.6536 1.94295 -0.0586824 -0.000804198 -0.354877 0.933069
1548265418.05221 0.513628 -1.65445 1.93954 -0.0591036 0.00203428 -0.358963 0.931476
1548265418.08559 0.514414 -1.65448 1.93553 -0.0585612 0.000320453 -0.358919 0.93153
1548265418.11877 0.514791 -1.65489 1.93133 -0.0569955 0.000602631 -0.363932 0.92968
1548265418.15220 0.513747 -1.65571 1.92658 -0.0569676 0.0021426 -0.364808 0.929336
1548265418.18564 0.513174 -1.65542 1.92151 -0.0572716 0.000391821 -0.367933 0.928087
1548265418.21896 0.511964 -1.65589 1.91644 -0.0554197 -0.000895837 -0.367356 0.928428
1548265418.25246 0.511186 -1.6559 1.91083 -0.0549847 -0.0017266 -0.370626 0.927152
1548265418.28603 0.510262 -1.6558 1.90512 -0.0533745 -0.00220941 -0.374685 0.925612
1548265418.31919 0.509212 -1.65626 1.89944 -0.0499984 -0.00459299 -0.374706 0.925783
1548265418.35249 0.508934 -1.65689 1.89373 -0.0490789 -0.00610123 -0.374033 0.926096
1548265418.38602 0.508472 -1.6582 1.8877 -0.046945 -0.00373004 -0.377541 0.924795
1548265418.41914 0.507073 -1.65854 1.8819 -0.0539699 0.00570299 -0.381824 0.92264
1548265418.45243 0.506297 -1.66011 1.87588 -0.0458272 -0.0040633 -0.372266 0.926985
1548265418.48568 0.506029 -1.66088 1.86954 -0.0423989 -0.00362711 -0.377998 0.924828
1548265418.51900 0.505753 -1.66182 1.86299 -0.0402572 -0.00689304 -0.374344 0.92639
1548265418.55253 0.505876 -1.66276 1.85616 -0.0381132 -0.00985104 -0.369063 0.92857
1548265418.58581 0.506367 -1.66352 1.84849 -0.0344173 -0.00568365 -0.377276 0.925444
1548265418.61922 0.506513 -1.66253 1.84027 -0.0349469 -0.00816209 -0.372003 0.927537
1548265418.65221 0.506674 -1.66082 1.83213 -0.0361577 -0.00863334 -0.369975 0.928298
1548265418.68572 0.506801 -1.65989 1.8238 -0.0385374 -0.00332168 -0.372231 0.927334
1548265418.71896 0.505996 -1.6591 1.81562 -0.0331077 -0.00815221 -0.372124 0.927557
1548265418.75242 0.505373 -1.65802 1.80786 -0.0317429 -0.00898546 -0.373439 0.927068
1548265418.78574 0.504544 -1.65764 1.80087 -0.0281918 -0.0115041 -0.375511 0.926318
1548265418.81909 0.503552 -1.65781 1.79466 -0.0277036 -0.0137711 -0.373886 0.926959
1548265418.85254 0.502677 -1.65915 1.78902 -0.0251787 -0.0129569 -0.377218 0.925692
1548265418.88567 0.50172 -1.66054 1.78383 -0.0238806 -0.0134374 -0.379097 0.924951
1548265418.91898 0.501604 -1.66166 1.77914 -0.0235752 -0.0152223 -0.376343 0.926055
1548265418.95272 0.502084 -1.66299 1.77435 -0.0197157 -0.0148771 -0.379098 0.925027
1548265418.98573 0.503036 -1.66446 1.76891 -0.0206737 -0.0128838 -0.381881 0.923891
1548265419.01906 0.504014 -1.66623 1.76371 -0.0201007 -0.0121986 -0.379339 0.924959
1548265419.05240 0.505786 -1.66859 1.75767 -0.0201106 -0.00638686 -0.382802 0.92359
1548265419.08584 0.507723 -1.67096 1.75107 -0.0198448 -0.00535459 -0.384226 0.92301
1548265419.11927 0.509112 -1.67353 1.74385 -0.0185064 -0.00602498 -0.379148 0.925131
1548265419.15263 0.509859 -1.6765 1.7359 -0.0151688 -0.00768438 -0.376301 0.926341
1548265419.18596 0.510976 -1.67951 1.72731 -0.0167338 -0.00753947 -0.372607 0.927808
1548265419.21931 0.511398 -1.68256 1.71844 -0.0173562 -0.00947771 -0.362347 0.931833
1548265419.25255 0.510403 -1.6859 1.70912 -0.0160839 -0.0112092 -0.363745 0.931292
1548265419.28584 0.509634 -1.68998 1.69934 -0.016479 -0.0114564 -0.358661 0.933252
1548265419.31925 0.508945 -1.69422 1.68949 -0.0163499 -0.0174335 -0.350642 0.936204
1548265419.35239 0.507579 -1.69945 1.67954 -0.0106121 -0.0166464 -0.353622 0.93518
1548265419.38592 0.506618 -1.7036 1.6699 -0.0110672 -0.0163511 -0.350591 0.93632
1548265419.41912 0.506108 -1.70693 1.66146 -0.00769448 -0.0193777 -0.349141 0.936838
1548265419.45235 0.50596 -1.71012 1.65299 -0.00800609 -0.0180768 -0.353751 0.935131
1548265419.48566 0.506004 -1.71196 1.64572 -0.0107199 -0.0209266 -0.352979 0.935336
1548265419.51879 0.506372 -1.71392 1.63979 -0.0118308 -0.0214456 -0.349495 0.936618
1548265419.55214 0.507121 -1.71591 1.6332 -0.017945 -0.0169716 -0.358187 0.933323
1548265419.58576 0.507337 -1.71976 1.62764 -0.0132618 -0.0149405 -0.361931 0.931991
1548265419.61905 0.508051 -1.72262 1.62199 -0.0150024 -0.0140681 -0.364609 0.930934
1548265419.65241 0.50878 -1.72639 1.61575 -0.0166027 -0.0108364 -0.368039 0.929599
1548265419.68581 0.510212 -1.72946 1.60943 -0.022758 -0.00477147 -0.374463 0.92695
1548265419.71912 0.51052 -1.73234 1.60371 -0.0235054 -0.00214622 -0.378388 0.925346
1548265419.75228 0.509946 -1.73489 1.59862 -0.0241373 -0.0018796 -0.38772 0.921459
1548265419.78554 0.508964 -1.73718 1.59395 -0.0252464 -0.00197227 -0.390831 0.920114
1548265419.81905 0.507395 -1.74013 1.58931 -0.0286028 0.00143238 -0.393557 0.918854
1548265419.85247 0.505004 -1.74413 1.5854 -0.0227651 -0.00411438 -0.399356 0.916504
1548265419.88598 0.502686 -1.74857 1.58179 -0.0198434 -0.00496264 -0.402065 0.915383
1548265419.91933 0.500383 -1.75295 1.5785 -0.014927 -0.00859171 -0.406361 0.91355
1548265419.95249 0.498171 -1.75636 1.57518 -0.0201802 -0.00707849 -0.408546 0.912487
1548265419.98589 0.496157 -1.75997 1.57379 -0.0144817 -0.0136125 -0.412037 0.910951
1548265420.01904 0.494933 -1.76314 1.57235 -0.0158277 -0.0134536 -0.414266 0.909919
1548265420.05262 0.494452 -1.76657 1.57238 -0.017555 -0.0135616 -0.419254 0.907598
1548265420.08586 0.494711 -1.76954 1.57316 -0.0200722 -0.0124581 -0.420671 0.906906
1548265420.11892 0.496161 -1.77223 1.57507 -0.0213204 -0.0122187 -0.421439 0.906524
1548265420.15249 0.498318 -1.77409 1.57758 -0.0308241 -0.00653187 -0.423254 0.905463
1548265420.18566 0.499936 -1.7757 1.58177 -0.0305123 -0.00774152 -0.424385 0.904934
1548265420.21920 0.501495 -1.77615 1.58598 -0.0399635 -0.00593158 -0.424999 0.904292
1548265420.25230 0.502617 -1.7757 1.59146 -0.0461036 -0.00645278 -0.426065 0.903494
1548265420.28576 0.503183 -1.77492 1.59766 -0.0502114 -0.00921401 -0.426383 0.903101
1548265420.31909 0.503534 -1.77427 1.60413 -0.0575154 -0.0116025 -0.426802 0.90244
1548265420.35212 0.503933 -1.77336 1.61114 -0.0635129 -0.0135965 -0.427544 0.901658
1548265420.38570 0.504023 -1.77271 1.61867 -0.0650098 -0.0169447 -0.427413 0.901557
1548265420.41866 0.504007 -1.77196 1.62598 -0.069338 -0.0201435 -0.428866 0.900478
1548265420.45217 0.504024 -1.7704 1.63321 -0.0737614 -0.0232251 -0.429735 0.899638
1548265420.48569 0.50359 -1.76957 1.64015 -0.0767594 -0.0260722 -0.431864 0.898288
1548265420.51915 0.503548 -1.76787 1.64687 -0.0830965 -0.027274 -0.431584 0.897823
1548265420.55238 0.503381 -1.76745 1.65361 -0.0863949 -0.0297567 -0.430437 0.897983
1548265420.58571 0.503452 -1.76638 1.66036 -0.0901285 -0.0296253 -0.430315 0.89768
1548265420.61914 0.503241 -1.76561 1.66697 -0.0924781 -0.0304213 -0.433497 0.895881
1548265420.65257 0.503304 -1.76481 1.67375 -0.0954701 -0.0300565 -0.431639 0.896476
1548265420.68587 0.502416 -1.76329 1.68056 -0.0922059 -0.0356871 -0.439396 0.892836
1548265420.71918 0.502246 -1.762 1.68748 -0.0980095 -0.0330991 -0.437833 0.893085
1548265420.75252 0.502817 -1.76145 1.6945 -0.10204 -0.0351256 -0.430384 0.896172
1548265420.78600 0.502977 -1.76067 1.7018 -0.104176 -0.0358238 -0.426908 0.89756
1548265420.81919 0.503783 -1.75981 1.70908 -0.106768 -0.0362513 -0.428776 0.896347
1548265420.85250 0.504887 -1.75966 1.71662 -0.109428 -0.0347091 -0.426986 0.896941
1548265420.88603 0.506273 -1.75899 1.72388 -0.111033 -0.0355224 -0.425153 0.897583
1548265420.91914 0.508172 -1.75823 1.73106 -0.11515 -0.0317523 -0.424918 0.897317
1548265420.95251 0.509739 -1.75691 1.7381 -0.118867 -0.0298345 -0.426502 0.896145
1548265420.98582 0.511918 -1.75563 1.74542 -0.122316 -0.0293352 -0.426495 0.895701
1548265421.01947 0.5138 -1.75437 1.75266 -0.125539 -0.0268585 -0.425877 0.895627
1548265421.05240 0.514826 -1.75078 1.75968 -0.132083 -0.0183968 -0.435946 0.890037
1548265421.08566 0.517328 -1.74907 1.76653 -0.138662 -0.0230727 -0.427778 0.892887
1548265421.11901 0.518896 -1.74675 1.77315 -0.145331 -0.0209339 -0.427069 0.892218
1548265421.15236 0.520039 -1.74392 1.77979 -0.149972 -0.0211837 -0.431696 0.889212
1548265421.18576 0.520639 -1.74262 1.78613 -0.151514 -0.0190994 -0.431504 0.889091
1548265421.21883 0.521345 -1.74083 1.79259 -0.156514 -0.0187622 -0.429568 0.88917
1548265421.25236 0.521198 -1.73979 1.79924 -0.159728 -0.0174482 -0.431083 0.887891
1548265421.28581 0.520563 -1.73867 1.80605 -0.160886 -0.0182363 -0.434208 0.886142
1548265421.31898 0.519757 -1.73747 1.81269 -0.163286 -0.018203 -0.431358 0.887095
1548265421.35206 0.518553 -1.73602 1.8192 -0.165184 -0.0195393 -0.431415 0.886687
1548265421.38560 0.516767 -1.73447 1.82552 -0.166009 -0.02192 -0.432388 0.886003
1548265421.41909 0.515198 -1.73325 1.83191 -0.167783 -0.0215479 -0.429944 0.886867
1548265421.45259 0.513444 -1.73198 1.83805 -0.16967 -0.0217449 -0.429085 0.886919
1548265421.48596 0.511586 -1.73094 1.84416 -0.170406 -0.0226346 -0.428253 0.887158
1548265421.51891 0.509832 -1.73024 1.85017 -0.16934 -0.0243353 -0.429075 0.886919
1548265421.55235 0.508104 -1.72949 1.85613 -0.170419 -0.0243078 -0.426428 0.88799
1548265421.58573 0.506578 -1.72906 1.86197 -0.170497 -0.0229545 -0.427913 0.887296
1548265421.61924 0.504923 -1.72836 1.86753 -0.169066 -0.0241554 -0.428253 0.887374
1548265421.65265 0.503104 -1.72623 1.87237 -0.171074 -0.020627 -0.431101 0.885698
1548265421.68594 0.502566 -1.72599 1.87715 -0.170237 -0.0249044 -0.422945 0.889672
1548265421.71932 0.501483 -1.72521 1.88148 -0.169158 -0.0250579 -0.422284 0.890188
1548265421.75243 0.501114 -1.72445 1.88546 -0.169807 -0.0212932 -0.418103 0.892134
1548265421.78593 0.500917 -1.72397 1.88933 -0.169604 -0.0212908 -0.41169 0.89515
1548265421.81900 0.500633 -1.72301 1.89276 -0.168521 -0.0197612 -0.411277 0.895579
1548265421.85200 0.500379 -1.72243 1.89627 -0.16771 -0.0186694 -0.404658 0.898764
1548265421.88542 0.500446 -1.72122 1.89928 -0.166779 -0.0167876 -0.398972 0.901512
1548265421.91895 0.500994 -1.72045 1.90196 -0.162051 -0.0129796 -0.393521 0.904827
1548265421.95232 0.501914 -1.71936 1.90404 -0.161577 -0.00920155 -0.388504 0.907123
1548265421.98572 0.503 -1.7175 1.9055 -0.161912 -0.0065002 -0.381133 0.910209
1548265422.01896 0.504229 -1.71559 1.90647 -0.158516 -0.00389411 -0.378036 0.912111
1548265422.05242 0.504926 -1.7117 1.90681 -0.166719 0.0109326 -0.379593 0.909942
1548265422.08550 0.506058 -1.70964 1.90591 -0.15748 0.000766574 -0.369284 0.915876
1548265422.11904 0.506829 -1.70645 1.90493 -0.156346 0.00111573 -0.364121 0.918134
1548265422.15244 0.507267 -1.70295 1.90318 -0.156507 0.00200827 -0.357732 0.920613
1548265422.18557 0.507861 -1.69927 1.90105 -0.157426 0.00441836 -0.353394 0.922123
1548265422.21909 0.507989 -1.69575 1.89895 -0.155495 0.00613219 -0.353905 0.922245
1548265422.25239 0.507574 -1.69391 1.89585 -0.149985 0.00153267 -0.345734 0.926267
1548265422.28580 0.506976 -1.69142 1.89254 -0.14802 0.000771661 -0.339301 0.928959
1548265422.31913 0.506236 -1.68862 1.88852 -0.146465 0.000880144 -0.33559 0.930552
1548265422.35243 0.505828 -1.68654 1.88462 -0.143012 0.000257205 -0.331076 0.932704
1548265422.38567 0.504882 -1.6851 1.8806 -0.139899 -0.00217363 -0.324059 0.935633
1548265422.41924 0.504131 -1.68333 1.87602 -0.136559 -7.09862e-05 -0.322331 0.936726
1548265422.45283 0.503296 -1.68097 1.87115 -0.13564 0.0014041 -0.31901 0.937994
1548265422.48589 0.501908 -1.67928 1.86657 -0.130547 -0.000159867 -0.315525 0.939894
1548265422.51920 0.500525 -1.67736 1.86191 -0.129864 0.00425042 -0.309025 0.942136
1548265422.55243 0.4992 -1.67501 1.85719 -0.129063 0.00583058 -0.310056 0.941899
1548265422.58577 0.497053 -1.67326 1.85303 -0.123913 0.0049828 -0.306473 0.943766
1548265422.61907 0.495597 -1.67109 1.84857 -0.128174 0.011754 -0.304876 0.943655
1548265422.65250 0.49368 -1.66889 1.84436 -0.128466 0.0139333 -0.30739 0.942769
1548265422.68559 0.491519 -1.66676 1.84052 -0.127188 0.0157468 -0.305 0.94369
1548265422.71895 0.489778 -1.66418 1.83702 -0.128717 0.0176896 -0.302371 0.944294
1548265422.75225 0.487912 -1.66194 1.83351 -0.131866 0.0232426 -0.3055 0.942731
1548265422.78573 0.486068 -1.6589 1.83027 -0.131759 0.0245467 -0.306353 0.942436
1548265422.81916 0.483399 -1.65553 1.82735 -0.133123 0.0239217 -0.295209 0.94581
1548265422.85216 0.480709 -1.6514 1.82397 -0.136407 0.0275612 -0.302743 0.942858
1548265422.88560 0.477057 -1.64749 1.82056 -0.136091 0.0260131 -0.301595 0.943315
1548265422.91883 0.473477 -1.64317 1.81718 -0.138697 0.0238851 -0.293931 0.945408
1548265422.95241 0.469682 -1.6396 1.81336 -0.14056 0.0262318 -0.30112 0.942805
1548265422.98530 0.465754 -1.63621 1.80928 -0.143614 0.0281173 -0.299244 0.942888
1548265423.01904 0.461691 -1.63338 1.80488 -0.14455 0.0289614 -0.292213 0.944922
1548265423.05220 0.457295 -1.6315 1.80008 -0.143866 0.0321703 -0.300342 0.942371
1548265423.08586 0.452126 -1.63027 1.79491 -0.141526 0.0332888 -0.30362 0.941635
1548265423.11919 0.446579 -1.62944 1.78921 -0.140513 0.0336517 -0.301311 0.942515
1548265423.15275 0.440282 -1.62892 1.78289 -0.139635 0.034199 -0.306185 0.941054
1548265423.18578 0.433325 -1.62813 1.77599 -0.137738 0.0357296 -0.3138 0.938766
1548265423.21916 0.4256 -1.62821 1.76881 -0.13498 0.0315325 -0.312461 0.939763
1548265423.25225 0.418181 -1.62837 1.76138 -0.13071 0.0290156 -0.31697 0.938937
1548265423.28609 0.410743 -1.62966 1.75367 -0.124811 0.0273714 -0.32064 0.938543
1548265423.31916 0.403149 -1.63126 1.74566 -0.119867 0.0209642 -0.317687 0.940355
1548265423.35245 0.396217 -1.63284 1.73661 -0.111483 0.0210297 -0.319019 0.940934
1548265423.38581 0.388846 -1.6357 1.72765 -0.102689 0.0211732 -0.326048 0.939521
1548265423.41910 0.38264 -1.63793 1.7179 -0.0966509 0.0162239 -0.32232 0.941544
1548265423.45238 0.376614 -1.64016 1.70848 -0.0867098 0.00877919 -0.31909 0.943709
1548265423.48563 0.370748 -1.64291 1.69915 -0.077719 0.00678485 -0.318375 0.944749
1548265423.51862 0.365272 -1.64461 1.68993 -0.0709047 0.00388066 -0.316182 0.946037
1548265423.55216 0.360407 -1.64565 1.68058 -0.0702058 0.00201555 -0.311668 0.947592
1548265423.58553 0.355754 -1.64671 1.67185 -0.067534 0.00067382 -0.312592 0.947483
1548265423.61907 0.351645 -1.64713 1.66408 -0.065092 -0.000571961 -0.309043 0.948818
1548265423.65233 0.348122 -1.64695 1.65707 -0.0643288 -0.0040218 -0.304195 0.950427
1548265423.68581 0.345661 -1.64598 1.65079 -0.0671282 -0.0024972 -0.303562 0.950441
1548265423.71892 0.344014 -1.64499 1.64537 -0.0716272 -0.00234321 -0.291977 0.953737
1548265423.75245 0.343089 -1.64393 1.6404 -0.0740958 -0.00077824 -0.290079 0.95413
1548265423.78575 0.343155 -1.64217 1.636 -0.078854 0.00464066 -0.290324 0.953663
1548265423.81911 0.343898 -1.64057 1.63155 -0.085403 0.00977088 -0.286296 0.954278
1548265423.85239 0.344796 -1.63991 1.62706 -0.0884923 0.0139621 -0.283131 0.954888
1548265423.88583 0.346106 -1.63979 1.6225 -0.0917106 0.0207798 -0.285072 0.953882
1548265423.91931 0.347232 -1.641 1.61783 -0.0926073 0.0277165 -0.288833 0.952487
1548265423.95260 0.347901 -1.64274 1.61311 -0.0898992 0.0305093 -0.28982 0.952361
1548265423.98602 0.348422 -1.64542 1.60794 -0.0909476 0.0343588 -0.285444 0.953451
1548265424.01903 0.348687 -1.64892 1.60309 -0.0863182 0.0333565 -0.283284 0.954561
1548265424.05265 0.348711 -1.65289 1.59867 -0.0801118 0.0306042 -0.277463 0.956901
1548265424.08597 0.347838 -1.65772 1.59406 -0.0776141 0.0287165 -0.267844 0.959902
1548265424.11932 0.346254 -1.6623 1.58989 -0.069974 0.0230021 -0.267257 0.960806
1548265424.15164 0.344221 -1.66687 1.58552 -0.0678429 0.0187359 -0.262529 0.962354
1548265424.18589 0.341632 -1.67136 1.58159 -0.0635673 0.0143867 -0.260956 0.963148
1548265424.21920 0.339089 -1.67578 1.57746 -0.0622261 0.0113008 -0.258465 0.963948
1548265424.25218 0.336692 -1.67986 1.57351 -0.0598674 0.00641322 -0.255944 0.964815
1548265424.28566 0.334804 -1.68436 1.57004 -0.0579837 0.00323358 -0.250585 0.966351
1548265424.31891 0.333442 -1.68929 1.56679 -0.0552868 0.000513018 -0.24981 0.966715
1548265424.35232 0.333009 -1.69367 1.56358 -0.054138 -0.00163375 -0.244369 0.968168
1548265424.38583 0.333188 -1.69861 1.56012 -0.0536808 -0.0022453 -0.239355 0.969444
1548265424.41917 0.334074 -1.70324 1.5569 -0.0539958 -0.00323479 -0.237734 0.969823
1548265424.45246 0.335565 -1.7079 1.55414 -0.0526243 -0.00317909 -0.228978 0.972003
1548265424.48563 0.33767 -1.71232 1.5513 -0.0564481 0.000367327 -0.224755 0.972779
1548265424.51904 0.340287 -1.71642 1.54852 -0.0539424 -0.00153387 -0.222853 0.973357
1548265424.55258 0.343083 -1.72005 1.54595 -0.0592176 0.00144083 -0.214958 0.974825
1548265424.58539 0.346215 -1.72423 1.54366 -0.0581481 0.00221125 -0.213353 0.975241
1548265424.61891 0.349108 -1.72813 1.5414 -0.0618347 0.00195315 -0.207753 0.976223
1548265424.65216 0.352026 -1.73281 1.53964 -0.057688 0.000696227 -0.202709 0.977538
1548265424.68591 0.354864 -1.73727 1.53793 -0.0540982 -0.00182584 -0.205331 0.977195
1548265424.71933 0.357242 -1.74177 1.53662 -0.0543258 -0.00290962 -0.201804 0.977914
1548265424.75227 0.359671 -1.74589 1.53534 -0.0572327 -0.00441869 -0.196834 0.978755
1548265424.78585 0.361991 -1.75018 1.53493 -0.0543316 -0.00648939 -0.195193 0.979237
1548265424.81907 0.363834 -1.75424 1.53467 -0.0531215 -0.00917442 -0.191784 0.979956
1548265424.85266 0.365664 -1.75793 1.53492 -0.0530554 -0.0104826 -0.189734 0.980345
1548265424.88589 0.367403 -1.76107 1.5354 -0.0522807 -0.0129607 -0.188805 0.980536
1548265424.91919 0.369229 -1.76369 1.53607 -0.0530377 -0.0163654 -0.186113 0.980959
1548265424.95266 0.370857 -1.76651 1.53736 -0.0504114 -0.0188926 -0.184334 0.981388
1548265424.98572 0.372925 -1.76858 1.53854 -0.0539015 -0.0183026 -0.183654 0.981341
1548265425.01960 0.375115 -1.77058 1.54017 -0.0554907 -0.0205763 -0.179057 0.982057
1548265425.05240 0.377335 -1.77258 1.5422 -0.0528 -0.0217235 -0.176894 0.982572
1548265425.08559 0.380096 -1.77399 1.54389 -0.0574285 -0.021719 -0.175921 0.982488
1548265425.11932 0.382865 -1.7752 1.54604 -0.0568761 -0.0237566 -0.171517 0.983251
1548265425.15209 0.385774 -1.77615 1.54819 -0.0591704 -0.0230273 -0.167702 0.983791
1548265425.18558 0.389122 -1.77705 1.55053 -0.0610204 -0.0230768 -0.16963 0.983346
1548265425.21916 0.392284 -1.77733 1.55318 -0.0615469 -0.0245896 -0.161864 0.984585
1548265425.25242 0.395738 -1.77718 1.55575 -0.0656205 -0.0234377 -0.158486 0.984899
1548265425.28569 0.398998 -1.77689 1.55837 -0.0713516 -0.0224809 -0.155356 0.985022
1548265425.31867 0.402719 -1.77628 1.56135 -0.0701694 -0.0243681 -0.153046 0.985423
1548265425.35235 0.405868 -1.77549 1.56407 -0.073513 -0.025734 -0.148927 0.985776
1548265425.38580 0.409277 -1.77506 1.56691 -0.0755857 -0.0250409 -0.149543 0.985544
1548265425.41903 0.411997 -1.77448 1.56955 -0.0778012 -0.0263519 -0.143868 0.986182
1548265425.45221 0.415086 -1.77413 1.57207 -0.0810403 -0.0258063 -0.1404 0.986435
1548265425.48584 0.417922 -1.77431 1.57475 -0.0804293 -0.0265534 -0.141016 0.986377
1548265425.51925 0.420554 -1.77442 1.57723 -0.0812531 -0.0277091 -0.136962 0.986849
1548265425.55252 0.423118 -1.77436 1.57972 -0.0813987 -0.0288293 -0.134106 0.987197
1548265425.58605 0.425393 -1.77426 1.5821 -0.082788 -0.0289147 -0.134402 0.987039
1548265425.61907 0.42753 -1.77408 1.58445 -0.0830414 -0.0303746 -0.131359 0.987384
1548265425.65274 0.42952 -1.77348 1.58681 -0.082685 -0.033029 -0.127385 0.987849
1548265425.68580 0.431689 -1.77267 1.58907 -0.0841964 -0.0336494 -0.127776 0.98765
1548265425.71930 0.433641 -1.77137 1.59113 -0.0892354 -0.0357794 -0.125959 0.987366
1548265425.75250 0.435661 -1.77037 1.59363 -0.0871227 -0.037578 -0.11942 0.9883
1548265425.78584 0.438063 -1.76936 1.59626 -0.08675 -0.0382424 -0.120689 0.988153
1548265425.81942 0.440009 -1.7678 1.59797 -0.0902747 -0.0397332 -0.119776 0.987889
1548265425.85246 0.442202 -1.76674 1.59995 -0.0891415 -0.0418237 -0.114345 0.988549
1548265425.88576 0.444726 -1.76538 1.60147 -0.0907128 -0.0411434 -0.114416 0.988427
1548265425.91907 0.446901 -1.76443 1.60266 -0.0921014 -0.0410975 -0.113209 0.988439
1548265425.95229 0.44905 -1.7637 1.60365 -0.0912988 -0.040113 -0.111199 0.988782
1548265425.98580 0.451058 -1.76278 1.60423 -0.0937811 -0.0390901 -0.110818 0.988634
1548265426.01897 0.452507 -1.76205 1.60455 -0.0943977 -0.0388494 -0.109706 0.988709
1548265426.05225 0.453528 -1.76125 1.60464 -0.0956881 -0.0390331 -0.107799 0.988787
1548265426.08595 0.454595 -1.76039 1.6046 -0.0953573 -0.0394322 -0.108533 0.988723
1548265426.11954 0.455321 -1.75968 1.60445 -0.096459 -0.039249 -0.107862 0.988697
1548265426.15227 0.455663 -1.75948 1.60421 -0.0962641 -0.038178 -0.106191 0.988938
1548265426.18575 0.455989 -1.75957 1.60388 -0.0945493 -0.037993 -0.107149 0.989008
1548265426.21901 0.455957 -1.7596 1.60325 -0.0949979 -0.0387643 -0.106668 0.988987
1548265426.25273 0.455638 -1.75989 1.60266 -0.093847 -0.0394886 -0.10664 0.989071
1548265426.28584 0.455097 -1.76044 1.60212 -0.0911329 -0.0410873 -0.108051 0.989106
1548265426.31925 0.454623 -1.76094 1.60146 -0.0908413 -0.0409903 -0.107127 0.989238
1548265426.35224 0.454239 -1.76164 1.60107 -0.0890256 -0.0416637 -0.109754 0.989087
1548265426.38601 0.453735 -1.76205 1.60066 -0.0870337 -0.0420553 -0.109394 0.989287
1548265426.41930 0.453263 -1.7624 1.60033 -0.0860794 -0.0428909 -0.109107 0.989367
1548265426.45248 0.452785 -1.7627 1.59996 -0.0855766 -0.042899 -0.110243 0.989284
1548265426.48590 0.452393 -1.763 1.59958 -0.0854274 -0.042185 -0.112484 0.989075
1548265426.51903 0.452117 -1.76312 1.59921 -0.0868729 -0.0425683 -0.112743 0.988903
1548265426.55252 0.452115 -1.76346 1.599 -0.0861322 -0.0410715 -0.114217 0.988863
1548265426.58571 0.452124 -1.76352 1.59891 -0.0859455 -0.0401342 -0.114996 0.988827
1548265426.61923 0.45209 -1.76325 1.59895 -0.0858562 -0.0404005 -0.113341 0.989015
1548265426.65238 0.452083 -1.76291 1.59912 -0.0853205 -0.0392511 -0.113859 0.989048
1548265426.68565 0.452045 -1.76222 1.59909 -0.0871738 -0.0397639 -0.114945 0.98874
1548265426.71917 0.452109 -1.76207 1.59905 -0.0863598 -0.0393412 -0.114902 0.988834
1548265426.75236 0.452149 -1.76207 1.59876 -0.0865914 -0.0387413 -0.114715 0.988859
1548265426.78539 0.452154 -1.76228 1.59821 -0.0867952 -0.0386756 -0.114467 0.988872
1548265426.81880 0.452141 -1.76278 1.59739 -0.0873332 -0.0385286 -0.114799 0.988792
1548265426.85238 0.452024 -1.76353 1.59653 -0.0863349 -0.0380521 -0.115377 0.988831
1548265426.88572 0.451896 -1.76484 1.59577 -0.0823434 -0.0376222 -0.11657 0.989048
1548265426.91908 0.451576 -1.76596 1.59491 -0.0793604 -0.0373968 -0.116754 0.989279
1548265426.95255 0.45109 -1.76636 1.59369 -0.0813465 -0.0386638 -0.119136 0.988784
1548265426.98557 0.450226 -1.76692 1.59295 -0.0786742 -0.0385392 -0.118768 0.98905
1548265427.01904 0.449311 -1.76691 1.5922 -0.0786186 -0.038833 -0.119513 0.988953
1548265427.05229 0.448152 -1.76672 1.59171 -0.0773182 -0.0390135 -0.120422 0.988938
1548265427.08594 0.447064 -1.76621 1.59154 -0.0792284 -0.0390077 -0.122301 0.988557
1548265427.11899 0.446145 -1.76582 1.5917 -0.0803867 -0.0386965 -0.123326 0.988348
