# ground truth trajectory
# timestamp tx ty tz qx qy qz qw
1548265919.55875 1.0073 -1.49977 1.98549 -0.0592416 0.0380608 -0.00378134 0.997511
1548265919.59206 1.0055 -1.49454 1.9841 -0.0593243 0.0365066 -0.00878378 0.997532
1548265919.62545 1.00225 -1.48972 1.98352 -0.0569334 0.0339378 -0.0138667 0.997705
1548265919.65868 0.997805 -1.48383 1.98235 -0.0587983 0.0253097 -0.00597466 0.997931
1548265919.69210 0.993066 -1.47759 1.98057 -0.0604144 0.0220721 -0.0152519 0.997813
1548265919.72522 0.987124 -1.47188 1.9784 -0.0626907 0.0166906 -0.0173073 0.997743
1548265919.75879 0.981061 -1.46635 1.97606 -0.0627033 0.010455 -0.0206302 0.997764
1548265919.79222 0.976045 -1.4603 1.97331 -0.0681942 0.0087494 -0.0314447 0.997138
1548265919.82564 0.970466 -1.45505 1.97065 -0.0644524 0.00173352 -0.0328686 0.997378
1548265919.85839 0.96635 -1.45006 1.96783 -0.0689035 0.000288417 -0.0413243 0.996767
1548265919.89250 0.96329 -1.44624 1.96618 -0.0693775 0.00165 -0.0518161 0.996243
1548265919.92560 0.960511 -1.44309 1.96547 -0.0703969 -0.000860556 -0.0551487 0.995993
1548265919.95900 0.958553 -1.44046 1.96585 -0.0719578 -0.000411819 -0.0587863 0.995674
1548265919.99187 0.956974 -1.43878 1.96718 -0.0714553 -0.000790513 -0.0604535 0.99561
1548265920.02544 0.955493 -1.43758 1.96945 -0.070179 -0.00189322 -0.0629038 0.995547
1548265920.05910 0.954282 -1.43644 1.97228 -0.0704743 -0.00219433 -0.0665591 0.995288
1548265920.09225 0.952755 -1.43513 1.97536 -0.0722352 -0.00397031 -0.0727702 0.994721
1548265920.12564 0.951206 -1.43375 1.97888 -0.0730487 -0.00537064 -0.0751861 0.994476
1548265920.15904 0.949577 -1.43314 1.98251 -0.0714825 -0.00585887 -0.0774985 0.994409
1548265920.19232 0.947994 -1.43213 1.98616 -0.0731842 -0.00781267 -0.0809799 0.993995
1548265920.22558 0.946619 -1.43047 1.99033 -0.0754595 -0.00974396 -0.08486 0.993484
1548265920.25913 0.94515 -1.42932 1.99469 -0.0777979 -0.0111873 -0.0869228 0.99311
1548265920.29228 0.943891 -1.42894 1.99938 -0.0775899 -0.0131692 -0.0907884 0.992756
1548265920.32542 0.942706 -1.42842 2.0045 -0.0777592 -0.014009 -0.0959882 0.992242
1548265920.35890 0.941544 -1.42756 2.00994 -0.0789634 -0.017545 -0.0998099 0.991713
1548265920.39181 0.940765 -1.42617 2.01562 -0.0834567 -0.0186635 -0.100582 0.991247
1548265920.42547 0.940682 -1.42477 2.02119 -0.0878785 -0.0188967 -0.110325 0.989823
1548265920.45895 0.940861 -1.42432 2.02673 -0.0890986 -0.0201735 -0.113544 0.989324
1548265920.49232 0.941671 -1.42404 2.03235 -0.0885729 -0.0226228 -0.113213 0.989356
1548265920.52557 0.943469 -1.42397 2.03766 -0.0893063 -0.0211746 -0.116357 0.988958
1548265920.55843 0.945431 -1.42365 2.04293 -0.092441 -0.0231074 -0.119342 0.98827
1548265920.59217 0.947693 -1.42432 2.04816 -0.0918934 -0.022536 -0.118368 0.988452
1548265920.62550 0.949894 -1.42533 2.05312 -0.0907846 -0.0218225 -0.123338 0.987962
1548265920.65888 0.952193 -1.42605 2.05763 -0.0918799 -0.0200603 -0.127475 0.987373
1548265920.69232 0.954201 -1.42625 2.06192 -0.0946243 -0.020336 -0.128483 0.986978
1548265920.72529 0.956575 -1.42698 2.06577 -0.0939533 -0.0182415 -0.131967 0.986623
1548265920.75877 0.959009 -1.42771 2.06916 -0.093506 -0.0168964 -0.136148 0.986121
1548265920.79215 0.961293 -1.42748 2.0721 -0.0975783 -0.0162228 -0.139466 0.985274
1548265920.82573 0.963267 -1.42801 2.07473 -0.0985141 -0.0162931 -0.139884 0.98512
1548265920.85887 0.965431 -1.42861 2.07704 -0.0988567 -0.016367 -0.144196 0.984463
1548265920.89232 0.967731 -1.42935 2.07915 -0.0974269 -0.0143408 -0.146057 0.984363
1548265920.92582 0.970317 -1.4295 2.08082 -0.0978276 -0.0134432 -0.148859 0.983916
1548265920.95906 0.972325 -1.42983 2.08184 -0.0979031 -0.0131047 -0.151246 0.983549
1548265920.99248 0.974558 -1.42962 2.08202 -0.0991927 -0.0110734 -0.154401 0.982954
1548265921.02545 0.976467 -1.42888 2.08188 -0.0989864 -0.0106551 -0.158077 0.982395
1548265921.05895 0.978029 -1.42839 2.0811 -0.0999032 -0.00980917 -0.160857 0.98186
1548265921.09200 0.979576 -1.42789 2.07951 -0.102961 -0.00645256 -0.168945 0.980212
1548265921.12554 0.980653 -1.42721 2.0772 -0.104867 -0.00343918 -0.173384 0.979249
1548265921.15885 0.981222 -1.42683 2.07463 -0.105008 -0.00354773 -0.174303 0.979071
1548265921.19213 0.981545 -1.42762 2.07134 -0.104686 -0.0020004 -0.180218 0.978038
1548265921.22546 0.981518 -1.42927 2.0677 -0.100497 0.00101814 -0.185504 0.97749
1548265921.25883 0.981145 -1.43188 2.06441 -0.0987467 0.000895767 -0.190257 0.976755
1548265921.29211 0.980977 -1.43458 2.06071 -0.0954943 0.00441313 -0.193863 0.97636
1548265921.32514 0.98068 -1.43745 2.05727 -0.0933953 0.00526734 -0.199443 0.975434
1548265921.35880 0.979886 -1.44001 2.05366 -0.0913699 0.00701488 -0.202917 0.974898
1548265921.39207 0.979138 -1.44213 2.05014 -0.0902007 0.00961755 -0.210094 0.973464
1548265921.42550 0.97792 -1.44378 2.0467 -0.087957 0.0110929 -0.216845 0.972172
1548265921.45885 0.976727 -1.44445 2.04355 -0.087982 0.0138271 -0.223418 0.970645
1548265921.49240 0.975243 -1.44448 2.04047 -0.088948 0.015555 -0.229621 0.969082
1548265921.52520 0.973436 -1.44383 2.03765 -0.0885589 0.0157407 -0.237702 0.967165
1548265921.55906 0.971382 -1.44242 2.03497 -0.0890386 0.0162541 -0.243726 0.965611
1548265921.59236 0.969191 -1.44076 2.03221 -0.0902229 0.0160521 -0.248811 0.964207
1548265921.62563 0.967138 -1.43895 2.02961 -0.0899102 0.0156714 -0.252857 0.963189
1548265921.65900 0.966028 -1.43678 2.02709 -0.0917463 0.0162411 -0.259846 0.961145
1548265921.69218 0.964813 -1.43435 2.02489 -0.0911889 0.016554 -0.262756 0.960401
1548265921.72565 0.964052 -1.43207 2.02286 -0.0928701 0.017636 -0.266671 0.959141
1548265921.75893 0.963232 -1.42997 2.02106 -0.0935501 0.0180973 -0.270993 0.957854
1548265921.79228 0.962664 -1.42683 2.01949 -0.0970968 0.0179061 -0.273472 0.956799
1548265921.82549 0.962142 -1.42425 2.0182 -0.0979808 0.0187899 -0.281238 0.954438
1548265921.85907 0.961512 -1.42148 2.01679 -0.103046 0.0217945 -0.286556 0.952257
1548265921.89222 0.959946 -1.41957 2.01572 -0.103486 0.0209905 -0.293015 0.950259
1548265921.92550 0.957811 -1.41851 2.01451 -0.10395 0.0228553 -0.300297 0.947889
1548265921.95890 0.954768 -1.41741 2.01329 -0.104331 0.0224882 -0.309479 0.944898
1548265921.99203 0.951228 -1.41752 2.01188 -0.106691 0.0237214 -0.313117 0.943405
1548265922.02540 0.947265 -1.41792 2.01025 -0.102068 0.0211089 -0.32186 0.941033
1548265922.05887 0.942904 -1.4198 2.00791 -0.102494 0.0235345 -0.32571 0.939603
1548265922.09214 0.939385 -1.42178 2.00528 -0.105248 0.0278632 -0.32941 0.937889
1548265922.12560 0.934929 -1.42464 2.00213 -0.100329 0.0264373 -0.336932 0.935795
1548265922.15880 0.931273 -1.42682 1.99881 -0.0998815 0.0280689 -0.343012 0.933584
1548265922.19235 0.92671 -1.42988 1.99526 -0.0942051 0.0260276 -0.348901 0.932049
1548265922.22547 0.924009 -1.43145 1.99113 -0.10044 0.0354747 -0.352581 0.929699
1548265922.25894 0.919908 -1.43343 1.9872 -0.0915642 0.0298143 -0.363374 0.926653
1548265922.29225 0.91705 -1.43434 1.98281 -0.0920478 0.0331354 -0.369479 0.924075
1548265922.32544 0.914973 -1.43497 1.97903 -0.0953425 0.0393003 -0.369218 0.923604
1548265922.35893 0.913012 -1.43598 1.97575 -0.0919691 0.0384243 -0.374272 0.921947
1548265922.39244 0.912247 -1.43592 1.97231 -0.0871571 0.037078 -0.382062 0.91927
1548265922.42566 0.91213 -1.43565 1.96943 -0.0909569 0.0423451 -0.381496 0.918909
1548265922.45904 0.912096 -1.43503 1.96678 -0.0907317 0.0429466 -0.382563 0.91846
1548265922.49249 0.912137 -1.43367 1.96367 -0.0892736 0.0428604 -0.389879 0.915526
1548265922.52580 0.91214 -1.43234 1.96098 -0.0902396 0.0447644 -0.394468 0.913372
1548265922.55899 0.912358 -1.42978 1.95827 -0.0898592 0.0437448 -0.398336 0.911779
1548265922.59233 0.913041 -1.42793 1.95589 -0.0905916 0.0450645 -0.401591 0.910213
1548265922.62549 0.91374 -1.42546 1.95346 -0.0897037 0.0452993 -0.411093 0.906038
1548265922.65894 0.914249 -1.42328 1.95144 -0.0890133 0.0457601 -0.417601 0.903102
1548265922.69197 0.915018 -1.42059 1.9493 -0.0912813 0.0494252 -0.424119 0.899638
1548265922.72535 0.915748 -1.41773 1.94764 -0.0919966 0.0502337 -0.43127 0.896114
1548265922.75868 0.915949 -1.41474 1.947 -0.0948054 0.0499432 -0.430254 0.896325
1548265922.79209 0.915985 -1.4116 1.94606 -0.0943117 0.0492954 -0.437174 0.893059
1548265922.82559 0.916206 -1.40841 1.94545 -0.0960057 0.0507572 -0.443398 0.889722
1548265922.85858 0.916295 -1.40602 1.94484 -0.0966835 0.0498272 -0.445457 0.888672
1548265922.89226 0.916911 -1.4041 1.94434 -0.099029 0.0487303 -0.448411 0.886987
1548265922.92550 0.917347 -1.40286 1.94401 -0.0974946 0.0472268 -0.453835 0.884476
1548265922.95888 0.918144 -1.40209 1.94374 -0.0993862 0.048724 -0.457064 0.88252
1548265922.99207 0.919007 -1.40236 1.94445 -0.0972582 0.0480516 -0.46194 0.880252
1548265923.02536 0.919665 -1.4008 1.94588 -0.101957 0.0621035 -0.47096 0.874039
1548265923.05881 0.920407 -1.40236 1.94721 -0.101251 0.0552702 -0.466508 0.876963
1548265923.09247 0.919748 -1.40383 1.94922 -0.0986904 0.053252 -0.471915 0.874483
1548265923.12562 0.918715 -1.40415 1.95058 -0.0982993 0.0576576 -0.473911 0.873167
1548265923.15882 0.916147 -1.40508 1.95269 -0.0947777 0.0534748 -0.47899 0.871049
1548265923.19226 0.914677 -1.40584 1.95469 -0.0939045 0.0526138 -0.485662 0.867495
1548265923.22533 0.912566 -1.40592 1.95659 -0.0935908 0.0519317 -0.488288 0.866094
1548265923.25878 0.909697 -1.40633 1.95838 -0.0928913 0.0507902 -0.493339 0.86337
1548265923.29249 0.907129 -1.40624 1.96 -0.0945757 0.0529384 -0.497324 0.860768
1548265923.32571 0.903898 -1.40624 1.96207 -0.0932779 0.0494296 -0.503677 0.857418
1548265923.35896 0.900674 -1.40602 1.96426 -0.0947218 0.0502221 -0.506366 0.855628
1548265923.39238 0.897298 -1.40629 1.96705 -0.0930835 0.0460346 -0.513366 0.851864
1548265923.42568 0.894249 -1.40621 1.97007 -0.0936032 0.044839 -0.518735 0.848612
1548265923.45901 0.891365 -1.40619 1.9732 -0.0938224 0.0431088 -0.52357 0.845703
1548265923.49223 0.888792 -1.40563 1.97602 -0.09855 0.0480141 -0.526303 0.843201
1548265923.52517 0.88559 -1.40392 1.97917 -0.10283 0.0559176 -0.538041 0.834752
1548265923.55895 0.883041 -1.40366 1.98241 -0.105336 0.0501863 -0.536174 0.836004
1548265923.59226 0.879582 -1.40267 1.98551 -0.107287 0.0505148 -0.541782 0.832112
1548265923.62553 0.874955 -1.40256 1.98915 -0.104415 0.0460774 -0.547984 0.828667
1548265923.65889 0.870271 -1.40154 1.99236 -0.104721 0.0546451 -0.562368 0.818407
1548265923.69231 0.866777 -1.40336 1.99518 -0.110769 0.0503372 -0.558124 0.820788
1548265923.72555 0.861976 -1.4049 1.99817 -0.111455 0.0518345 -0.563222 0.817112
1548265923.75868 0.856847 -1.4063 2.00133 -0.110554 0.0519562 -0.570775 0.811969
1548265923.79222 0.851484 -1.40927 2.00432 -0.110445 0.0532868 -0.574176 0.809496
1548265923.82516 0.846196 -1.41147 2.00717 -0.110396 0.0547365 -0.579396 0.805678
1548265923.85859 0.840421 -1.4125 2.01006 -0.11176 0.0633809 -0.590867 0.796473
1548265923.89243 0.835492 -1.41558 2.01268 -0.111308 0.0558612 -0.589238 0.798304
1548265923.92577 0.830081 -1.41777 2.01486 -0.112847 0.0572766 -0.592983 0.795209
1548265923.95884 0.824067 -1.41865 2.01701 -0.11229 0.0649821 -0.607157 0.783919
1548265923.99221 0.818451 -1.42167 2.01868 -0.114864 0.0701096 -0.610393 0.780584
1548265924.02561 0.814202 -1.42606 2.0205 -0.11289 0.0576141 -0.605602 0.78561
1548265924.05908 0.808529 -1.42863 2.02231 -0.11263 0.0676987 -0.617281 0.77569
1548265924.09215 0.803775 -1.43375 2.024 -0.11186 0.0589348 -0.614576 0.778659
1548265924.12557 0.798027 -1.4369 2.02575 -0.10951 0.0669582 -0.627554 0.76792
1548265924.15905 0.791616 -1.44169 2.02759 -0.0973028 0.0633545 -0.630764 0.767238
1548265924.19239 0.787928 -1.4478 2.02996 -0.106426 0.0577511 -0.624687 0.77143
1548265924.22556 0.781764 -1.45369 2.03139 -0.108013 0.0606901 -0.631225 0.76564
1548265924.25884 0.77488 -1.45846 2.03315 -0.106073 0.0703737 -0.642671 0.755494
1548265924.29175 0.767021 -1.46503 2.03489 -0.101739 0.0684571 -0.640638 0.757988
1548265924.32548 0.760802 -1.47127 2.03558 -0.106668 0.0671296 -0.645705 0.753114
1548265924.35873 0.752182 -1.47607 2.03701 -0.105361 0.0666188 -0.649485 0.750087
1548265924.39215 0.741632 -1.48073 2.0383 -0.0991071 0.0621726 -0.65454 0.74692
1548265924.42561 0.730046 -1.48449 2.0386 -0.10105 0.0624589 -0.65758 0.74396
1548265924.45879 0.71827 -1.48828 2.03934 -0.0984851 0.0610783 -0.661954 0.740532
1548265924.49198 0.705552 -1.4915 2.03983 -0.093492 0.0573651 -0.667092 0.736856
1548265924.52556 0.693236 -1.49512 2.03965 -0.0942823 0.0587874 -0.671484 0.732642
1548265924.55866 0.681125 -1.49825 2.03948 -0.0942051 0.0585698 -0.676197 0.728322
1548265924.59214 0.669372 -1.50141 2.0391 -0.093065 0.0593261 -0.682152 0.722834
1548265924.62540 0.658159 -1.50495 2.03887 -0.0903487 0.059392 -0.687082 0.71849
1548265924.65868 0.647961 -1.50812 2.03805 -0.0910614 0.06444 -0.693268 0.711993
1548265924.69242 0.637627 -1.51153 2.0379 -0.0871178 0.0647281 -0.697958 0.707867
1548265924.72563 0.628723 -1.51387 2.03653 -0.091474 0.0731203 -0.70154 0.702942
1548265924.75885 0.619226 -1.51508 2.03593 -0.0901255 0.0719855 -0.707266 0.697474
1548265924.79224 0.611042 -1.51522 2.0344 -0.0944571 0.0779765 -0.711305 0.69213
1548265924.82566 0.602368 -1.51472 2.03348 -0.0934752 0.0773913 -0.717121 0.686302
1548265924.85887 0.594863 -1.51363 2.03267 -0.0947397 0.077767 -0.722088 0.680856
1548265924.89234 0.587493 -1.51221 2.03245 -0.0919327 0.0736011 -0.726645 0.676844
1548265924.92562 0.580841 -1.51121 2.03154 -0.0926863 0.075937 -0.733259 0.669308
1548265924.95895 0.573638 -1.50994 2.02989 -0.0930335 0.0768692 -0.739788 0.661929
1548265924.99221 0.567087 -1.50849 2.02834 -0.0917554 0.0773762 -0.746685 0.65426
1548265925.02547 0.559378 -1.50753 2.02641 -0.0894157 0.0783558 -0.752375 0.647917
1548265925.05872 0.552385 -1.50689 2.0243 -0.0853719 0.0774849 -0.761086 0.638323
1548265925.09205 0.54486 -1.50524 2.02106 -0.0843157 0.0827215 -0.766031 0.631858
1548265925.12561 0.538532 -1.50424 2.01841 -0.0821154 0.0825516 -0.772985 0.623648
1548265925.15878 0.53167 -1.5031 2.01544 -0.0796197 0.0836472 -0.778777 0.61658
1548265925.19198 0.525145 -1.50231 2.01253 -0.0760006 0.0846299 -0.783348 0.611087
1548265925.22525 0.519652 -1.50156 2.00962 -0.0749338 0.0851419 -0.788701 0.604224
1548265925.25893 0.514679 -1.50238 2.00719 -0.0685263 0.0882447 -0.79714 0.593367
1548265925.29203 0.50983 -1.5021 2.00407 -0.0725804 0.0902038 -0.800837 0.587585
1548265925.32535 0.50539 -1.50355 2.00245 -0.0636802 0.0878725 -0.808181 0.578849
1548265925.35875 0.50142 -1.50269 1.99921 -0.0692788 0.0915294 -0.807189 0.579024
1548265925.39227 0.497377 -1.50297 1.99687 -0.0662812 0.091413 -0.811252 0.573691
1548265925.42555 0.494243 -1.50376 1.99481 -0.0627054 0.0912191 -0.815173 0.568542
1548265925.45865 0.491376 -1.50422 1.99222 -0.0628426 0.0947755 -0.817265 0.564931
1548265925.49231 0.489169 -1.50472 1.99017 -0.0614545 0.0941899 -0.821979 0.558303
1548265925.52569 0.488005 -1.50576 1.9888 -0.0511634 0.0935281 -0.828412 0.549881
1548265925.55871 0.487406 -1.50524 1.98621 -0.055251 0.0975099 -0.831435 0.544201
1548265925.59234 0.487396 -1.50505 1.98451 -0.0534512 0.0991906 -0.836684 0.53597
1548265925.62581 0.487491 -1.50465 1.98247 -0.0546754 0.101709 -0.840318 0.529652
1548265925.65903 0.48789 -1.50452 1.98056 -0.0539158 0.104875 -0.845758 0.520372
1548265925.69213 0.488074 -1.50412 1.97849 -0.0526839 0.108152 -0.850278 0.512401
1548265925.72562 0.489317 -1.50326 1.97627 -0.0542104 0.110885 -0.853475 0.506306
1548265925.75909 0.489501 -1.50277 1.9735 -0.0523768 0.114708 -0.858333 0.497357
1548265925.79232 0.489342 -1.50224 1.97112 -0.0482875 0.111248 -0.865178 0.486579
1548265925.82574 0.489099 -1.50027 1.96666 -0.0515119 0.116561 -0.865874 0.483759
1548265925.85896 0.488006 -1.49904 1.96351 -0.0477902 0.113723 -0.870271 0.476877
1548265925.89218 0.486088 -1.49799 1.9592 -0.0499799 0.119759 -0.872433 0.471191
1548265925.92556 0.483915 -1.49724 1.9558 -0.049401 0.115936 -0.874529 0.468314
1548265925.95889 0.48155 -1.49723 1.95252 -0.0449635 0.119535 -0.877518 0.462224
1548265925.99224 0.479578 -1.49707 1.94935 -0.0424263 0.11825 -0.878586 0.460764
1548265926.02533 0.476855 -1.49742 1.94649 -0.0346777 0.117264 -0.880286 0.458415
1548265926.05891 0.475844 -1.49781 1.94265 -0.0365756 0.123263 -0.880399 0.456471
1548265926.09216 0.474874 -1.49849 1.93889 -0.0373817 0.125748 -0.88278 0.451099
1548265926.12554 0.472389 -1.49944 1.93554 -0.0360448 0.123356 -0.883864 0.449742
1548265926.15880 0.471232 -1.50184 1.93257 -0.0287828 0.130184 -0.885841 0.44442
1548265926.19203 0.470389 -1.50366 1.9293 -0.025304 0.131825 -0.8866 0.44263
1548265926.22545 0.469677 -1.50576 1.92623 -0.0235059 0.133679 -0.887329 0.440709
1548265926.25889 0.468967 -1.5073 1.92303 -0.0240448 0.136627 -0.887792 0.438839
1548265926.29250 0.467666 -1.50769 1.91942 -0.0251051 0.134334 -0.887392 0.440295
1548265926.32569 0.466699 -1.50807 1.91611 -0.0222606 0.13821 -0.888377 0.437252
1548265926.35858 0.465662 -1.50837 1.91316 -0.0216443 0.138279 -0.890053 0.433838
1548265926.39238 0.464183 -1.50856 1.91007 -0.0192139 0.139488 -0.891968 0.429612
1548265926.42562 0.462455 -1.50812 1.90749 -0.0135703 0.13639 -0.891684 0.431408
1548265926.45891 0.459993 -1.50812 1.90445 -0.0115867 0.137671 -0.894585 0.425007
1548265926.49248 0.459249 -1.50819 1.90171 -0.0160031 0.142405 -0.894735 0.422981
1548265926.52541 0.456953 -1.50915 1.89911 -0.0160477 0.14665 -0.895898 0.419051
1548265926.55886 0.454468 -1.50899 1.89652 -0.0122193 0.148593 -0.89518 0.420028
1548265926.59243 0.451795 -1.50838 1.89369 -0.0123189 0.151155 -0.897939 0.413165
1548265926.62583 0.449169 -1.50702 1.89087 -0.0119621 0.150388 -0.901217 0.406261
1548265926.65890 0.446605 -1.50498 1.88834 -0.0119365 0.151724 -0.90151 0.405115
1548265926.69206 0.443311 -1.50236 1.88551 -0.0117512 0.156806 -0.902056 0.401955
1548265926.72549 0.438999 -1.49977 1.88298 -0.0089027 0.151174 -0.907045 0.392857
1548265926.75874 0.434331 -1.49646 1.88056 -0.0080469 0.151837 -0.907748 0.390991
1548265926.79215 0.429447 -1.49262 1.87735 -0.0099534 0.146764 -0.912329 0.382122
1548265926.82553 0.423701 -1.489 1.87455 -0.00770293 0.148275 -0.914345 0.376735
1548265926.85843 0.417351 -1.48506 1.87156 -0.00307396 0.145316 -0.91612 0.373627
1548265926.89214 0.41108 -1.48046 1.86786 -0.00512976 0.144542 -0.917514 0.370472
1548265926.92537 0.404344 -1.47636 1.8643 -0.00291488 0.143592 -0.919585 0.365699
1548265926.95869 0.397775 -1.47332 1.86053 -0.00401942 0.145573 -0.919623 0.364809
1548265926.99224 0.390262 -1.47015 1.85702 0.00573822 0.139798 -0.921394 0.362569
1548265927.02561 0.383045 -1.46662 1.85283 0.00366677 0.138696 -0.921601 0.362493
1548265927.05874 0.375437 -1.46454 1.84845 0.00434406 0.136955 -0.922131 0.3618
1548265927.09210 0.367508 -1.46186 1.84447 0.0081913 0.133813 -0.922053 0.363105
1548265927.12551 0.359594 -1.45987 1.84051 0.0113243 0.133132 -0.922645 0.361765
1548265927.15885 0.351009 -1.45854 1.83649 0.0148526 0.135197 -0.923254 0.359309
1548265927.19257 0.342995 -1.45777 1.83355 0.0151534 0.133175 -0.923232 0.360108
1548265927.22553 0.335295 -1.45587 1.83022 0.0174467 0.133498 -0.924275 0.357198
1548265927.25881 0.328356 -1.45434 1.82728 0.0180683 0.13876 -0.924267 0.355177
1548265927.29250 0.321235 -1.45265 1.82559 0.016468 0.1379 -0.924901 0.353935
1548265927.32571 0.315524 -1.45005 1.82442 0.0163322 0.135987 -0.925809 0.352304
1548265927.35896 0.309797 -1.44728 1.82321 0.0159574 0.139178 -0.927559 0.346424
1548265927.39215 0.304332 -1.44387 1.82233 0.0140491 0.143527 -0.928995 0.340838
1548265927.42589 0.298767 -1.44 1.82315 0.0128689 0.144269 -0.929168 0.3401
1548265927.45865 0.292661 -1.43591 1.82404 0.0115804 0.146627 -0.931355 0.333083
1548265927.49209 0.286248 -1.43083 1.82521 0.00964512 0.147124 -0.932894 0.328587
1548265927.52538 0.279347 -1.42507 1.82645 0.00712924 0.149118 -0.934069 0.324388
1548265927.55885 0.271343 -1.41878 1.82772 0.00392286 0.15084 -0.935821 0.318545
1548265927.59218 0.262912 -1.4121 1.82902 0.00554053 0.15023 -0.936975 0.315402
1548265927.62530 0.253899 -1.40455 1.83004 0.00528611 0.148881 -0.938828 0.310498
1548265927.65875 0.24438 -1.39684 1.83138 0.00402165 0.147786 -0.940934 0.304608
1548265927.69213 0.234114 -1.38971 1.83335 0.00532096 0.14653 -0.943186 0.298162
1548265927.72551 0.223689 -1.38313 1.83594 0.00428975 0.146104 -0.944797 0.293248
1548265927.75892 0.212977 -1.37597 1.83814 0.00172647 0.14345 -0.946509 0.289033
1548265927.79205 0.203116 -1.36944 1.841 0.00150151 0.143376 -0.94803 0.284044
1548265927.82522 0.192561 -1.36253 1.84325 0.00210948 0.144843 -0.94907 0.27979
1548265927.85881 0.18268 -1.3559 1.84597 -0.000527346 0.144 -0.95071 0.274616
1548265927.89200 0.172472 -1.3492 1.84849 0.000402063 0.144065 -0.951995 0.270093
1548265927.92573 0.162109 -1.34254 1.85095 0.00147823 0.146206 -0.953158 0.264784
1548265927.95904 0.151522 -1.33654 1.85343 -0.000695332 0.144588 -0.954124 0.262184
1548265927.99249 0.14095 -1.32975 1.85562 0.000800678 0.143961 -0.955547 0.257304
1548265928.02575 0.130214 -1.32363 1.85842 -0.000240813 0.143085 -0.956396 0.254626
1548265928.05890 0.119461 -1.31666 1.86058 0.0034136 0.142281 -0.957449 0.251068
1548265928.09244 0.108527 -1.31057 1.86323 0.00178785 0.141313 -0.958095 0.249162
1548265928.12580 0.0976973 -1.30372 1.86551 0.00303112 0.140529 -0.959171 0.245424
1548265928.15901 0.0872901 -1.2969 1.86764 0.00565286 0.140389 -0.96021 0.241361
1548265928.19252 0.0759933 -1.29019 1.87004 0.0062172 0.136695 -0.960679 0.241603
1548265928.22571 0.0655302 -1.28324 1.87202 0.00962473 0.136445 -0.961911 0.236682
1548265928.25898 0.0557253 -1.27749 1.87457 0.00935952 0.137915 -0.961967 0.23561
1548265928.29218 0.046704 -1.27227 1.87759 0.0110429 0.140523 -0.961589 0.235537
1548265928.32565 0.0382858 -1.26721 1.8805 0.0107479 0.13832 -0.962103 0.234756
1548265928.35880 0.0305348 -1.26164 1.88343 0.00958103 0.141522 -0.962317 0.232003
1548265928.39223 0.0239317 -1.25619 1.88664 0.00699016 0.14219 -0.963262 0.227727
1548265928.42572 0.017184 -1.25027 1.89014 0.00687219 0.145486 -0.962493 0.228897
1548265928.45867 0.0111327 -1.24438 1.89352 0.00409714 0.146158 -0.963562 0.223984
1548265928.49230 0.00488831 -1.23779 1.8967 0.00289824 0.147321 -0.964558 0.218898
1548265928.52567 -0.00100858 -1.2318 1.90044 0.00209397 0.148612 -0.964683 0.217477
1548265928.55895 -0.0071361 -1.22537 1.90341 0.000385525 0.151803 -0.965536 0.211412
1548265928.59244 -0.0141698 -1.21774 1.90623 0.00107186 0.15299 -0.966838 0.204491
1548265928.62558 -0.0207437 -1.21062 1.9093 0.00173518 0.15348 -0.968098 0.198056
1548265928.65889 -0.0274826 -1.20369 1.9121 0.00178802 0.15762 -0.969257 0.188928
1548265928.69207 -0.0353677 -1.1957 1.91461 0.00136847 0.153841 -0.971038 0.182802
1548265928.72573 -0.0426925 -1.18761 1.91706 0.00229054 0.153672 -0.972762 0.173533
1548265928.75912 -0.0493135 -1.17927 1.91935 0.00250002 0.155319 -0.974072 0.164477
1548265928.79260 -0.0567474 -1.17057 1.92201 0.0011754 0.153875 -0.974914 0.160824
1548265928.82581 -0.0648158 -1.16224 1.92462 0.00228128 0.149967 -0.97713 0.150738
1548265928.85869 -0.0719012 -1.15426 1.92704 0.00759552 0.159436 -0.977785 0.135866
1548265928.89232 -0.0806353 -1.14504 1.92826 0.0115062 0.146936 -0.980671 0.128695
1548265928.92564 -0.08933 -1.13832 1.93022 0.00836326 0.148008 -0.981177 0.123756
1548265928.95906 -0.0994044 -1.13181 1.93179 0.00466578 0.144471 -0.981435 0.126061
1548265928.99233 -0.109384 -1.1255 1.9324 0.00696848 0.143597 -0.982408 0.119185
1548265929.02518 -0.119503 -1.11871 1.93208 0.00873342 0.140176 -0.983277 0.115933
1548265929.05911 -0.129644 -1.11407 1.93128 0.00962836 0.141297 -0.98336 0.113779
1548265929.09222 -0.1405 -1.11015 1.93021 0.00919401 0.13658 -0.983975 0.114258
1548265929.12556 -0.151162 -1.10793 1.92931 0.0122861 0.147423 -0.982519 0.11301
1548265929.15892 -0.163726 -1.10604 1.9278 0.00497488 0.133441 -0.983118 0.125094
1548265929.19229 -0.175841 -1.10479 1.92631 0.00329672 0.129871 -0.982786 0.131357
1548265929.22550 -0.188658 -1.10491 1.92448 0.00456482 0.13408 -0.981726 0.134966
1548265929.25900 -0.201574 -1.10421 1.92247 0.00765813 0.133273 -0.981472 0.137452
1548265929.29233 -0.215026 -1.1055 1.92047 0.00643581 0.134373 -0.980668 0.1421
1548265929.32543 -0.227923 -1.10575 1.91769 0.0112557 0.136198 -0.980241 0.143007
1548265929.35903 -0.240059 -1.10707 1.91504 0.0159157 0.148042 -0.978328 0.143888
1548265929.39213 -0.253585 -1.1059 1.91084 0.021419 0.138989 -0.979462 0.144489
1548265929.42536 -0.267041 -1.10543 1.90763 0.017151 0.142577 -0.978042 0.151033
1548265929.45887 -0.279395 -1.10313 1.90408 0.0154891 0.146694 -0.977131 0.153154
1548265929.49207 -0.292611 -1.10044 1.90143 0.022462 0.148342 -0.977844 0.145985
1548265929.52551 -0.306231 -1.09559 1.89909 0.0219718 0.143013 -0.977765 0.151787
1548265929.55916 -0.318605 -1.08904 1.89637 0.0228793 0.142071 -0.977972 0.151205
1548265929.59252 -0.331395 -1.08061 1.89365 0.0274225 0.136071 -0.978256 0.154103
1548265929.62600 -0.344004 -1.07248 1.88956 0.0241289 0.138792 -0.979089 0.146764
1548265929.65900 -0.357442 -1.06382 1.88629 0.0263285 0.14905 -0.977059 0.149822
1548265929.69250 -0.371258 -1.05176 1.88273 0.030548 0.134878 -0.978054 0.155836
1548265929.72574 -0.384842 -1.04153 1.87864 0.0251293 0.135265 -0.979638 0.14622
1548265929.75916 -0.399416 -1.02938 1.87505 0.0252849 0.131357 -0.979724 0.149158
1548265929.79233 -0.413643 -1.01696 1.87155 0.0252191 0.12784 -0.979804 0.151676
1548265929.82566 -0.428344 -1.00414 1.86814 0.0248486 0.126217 -0.979817 0.153007
1548265929.85910 -0.442221 -0.990481 1.86436 0.0353145 0.121382 -0.979876 0.154473
1548265929.89233 -0.458183 -0.978425 1.86155 0.0268677 0.123351 -0.978956 0.160338
1548265929.92550 -0.473236 -0.965687 1.85874 0.0298901 0.12174 -0.978625 0.163029
1548265929.95871 -0.488197 -0.952692 1.85555 0.037183 0.116813 -0.978804 0.164057
1548265929.99226 -0.503636 -0.941101 1.85317 0.030519 0.118982 -0.977561 0.171134
1548265930.02545 -0.518464 -0.929378 1.84992 0.0303903 0.119118 -0.976495 0.177045
1548265930.05872 -0.532742 -0.917978 1.84712 0.0332727 0.116018 -0.975802 0.182329
1548265930.09235 -0.546597 -0.906682 1.84377 0.0356273 0.114146 -0.975381 0.185293
1548265930.12550 -0.559646 -0.896446 1.84028 0.0362398 0.115653 -0.974993 0.186277
1548265930.15884 -0.572636 -0.88616 1.83683 0.0385492 0.113726 -0.974465 0.189731
1548265930.19236 -0.586019 -0.876371 1.8334 0.0408124 0.112871 -0.973844 0.192931
1548265930.22557 -0.598713 -0.86738 1.83007 0.0409795 0.110252 -0.97331 0.19706
1548265930.25879 -0.610253 -0.857608 1.82635 0.0443566 0.111131 -0.972251 0.201024
1548265930.29255 -0.621584 -0.848458 1.82246 0.0452356 0.109376 -0.971729 0.204289
1548265930.32577 -0.631902 -0.839065 1.81865 0.0478244 0.107312 -0.971137 0.207583
1548265930.35897 -0.642313 -0.83143 1.81487 0.0435921 0.101807 -0.969401 0.219081
1548265930.39224 -0.651507 -0.821943 1.81084 0.0474112 0.103286 -0.969058 0.219116
1548265930.42582 -0.660981 -0.814876 1.80652 0.0464853 0.101753 -0.968177 0.223872
1548265930.45912 -0.670686 -0.808516 1.80221 0.046673 0.098681 -0.966345 0.232941
1548265930.49245 -0.679696 -0.801179 1.7974 0.0465454 0.0935707 -0.96581 0.237253
1548265930.52550 -0.68853 -0.795827 1.79309 0.0469654 0.0915109 -0.964091 0.244843
1548265930.55903 -0.696182 -0.790028 1.78833 0.0448448 0.0866277 -0.963623 0.248828
1548265930.59235 -0.704269 -0.785262 1.78377 0.0474229 0.0839792 -0.962284 0.254378
1548265930.62563 -0.711863 -0.780542 1.779 0.0467717 0.0804523 -0.962414 0.255144
1548265930.65912 -0.719041 -0.776792 1.77519 0.0510035 0.0776033 -0.961086 0.260171
1548265930.69224 -0.725678 -0.773601 1.77144 0.0518372 0.07855 -0.959114 0.266914
1548265930.72565 -0.731472 -0.77087 1.76747 0.049478 0.0761693 -0.958365 0.270714
1548265930.75879 -0.736926 -0.769045 1.76412 0.0514558 0.0730145 -0.957497 0.274264
1548265930.79226 -0.741778 -0.767501 1.76039 0.0501385 0.0705412 -0.956589 0.278294
1548265930.82540 -0.746301 -0.766779 1.75669 0.0471157 0.0731556 -0.954313 0.28586
1548265930.85868 -0.750583 -0.766638 1.7534 0.0441055 0.0712041 -0.952532 0.292692
1548265930.89197 -0.755245 -0.767392 1.75097 0.0472812 0.0661217 -0.951406 0.297016
1548265930.92545 -0.759865 -0.768584 1.74774 0.0452822 0.0686215 -0.949089 0.304091
1548265930.95895 -0.764005 -0.770261 1.74525 0.0462589 0.0643147 -0.947032 0.311215
1548265930.99226 -0.768843 -0.772577 1.74226 0.0496704 0.06317 -0.945082 0.3168
1548265931.02540 -0.772874 -0.775021 1.7389 0.0454702 0.0617392 -0.942639 0.324889
1548265931.05892 -0.7774 -0.778124 1.73565 0.0469003 0.0604039 -0.940287 0.331682
1548265931.09239 -0.782371 -0.781427 1.73204 0.0476111 0.0585971 -0.93858 0.336701
1548265931.12569 -0.786714 -0.784866 1.72812 0.0500761 0.0570903 -0.935614 0.344759
1548265931.15896 -0.792153 -0.788612 1.72371 0.0519902 0.0570567 -0.932796 0.352041
1548265931.19213 -0.798307 -0.792879 1.7192 0.0577389 0.0545587 -0.931389 0.355253
1548265931.22558 -0.804516 -0.797006 1.71446 0.0538235 0.0491429 -0.929048 0.362708
1548265931.25917 -0.810482 -0.801954 1.71033 0.0554389 0.0472883 -0.926394 0.369438
1548265931.29250 -0.815937 -0.807225 1.70587 0.057862 0.0445401 -0.923662 0.376187
1548265931.32577 -0.822412 -0.812098 1.7014 0.0600248 0.041637 -0.920478 0.383906
1548265931.35872 -0.82819 -0.818396 1.69759 0.0623475 0.0406255 -0.91816 0.389159
1548265931.39247 -0.833877 -0.824518 1.69397 0.0651351 0.041712 -0.912662 0.401329
1548265931.42578 -0.839884 -0.830607 1.69014 0.0664083 0.0366218 -0.9098 0.408061
1548265931.45895 -0.845002 -0.837021 1.68673 0.0686444 0.032814 -0.90622 0.415905
1548265931.49203 -0.849763 -0.843278 1.68371 0.0705008 0.0300864 -0.902746 0.42329
1548265931.52550 -0.854435 -0.849832 1.68094 0.0717462 0.0291548 -0.900157 0.428626
1548265931.55905 -0.858472 -0.856272 1.67862 0.0755219 0.0279434 -0.897219 0.434182
1548265931.59237 -0.861696 -0.862756 1.67719 0.0756271 0.0230729 -0.892131 0.444804
1548265931.62567 -0.864618 -0.868675 1.67623 0.0766686 0.0214373 -0.889938 0.44908
1548265931.65899 -0.867197 -0.874391 1.67532 0.0759078 0.0217582 -0.886634 0.45568
1548265931.69237 -0.867381 -0.880704 1.67579 0.0793688 0.0187454 -0.891081 0.446456
1548265931.72572 -0.870376 -0.886114 1.67623 0.0754881 0.0230803 -0.880009 0.468352
1548265931.75917 -0.870326 -0.890697 1.67673 0.0634642 0.0271999 -0.875283 0.478656
1548265931.79238 -0.871293 -0.895377 1.6786 0.0638962 0.0242614 -0.87327 0.482419
1548265931.82533 -0.871839 -0.900091 1.68133 0.0670966 0.0246185 -0.871714 0.484774
1548265931.85846 -0.8723 -0.904476 1.68498 0.0718205 0.015742 -0.872434 0.48317
1548265931.89248 -0.872226 -0.907475 1.68817 0.0675237 0.0146811 -0.86891 0.490123
1548265931.92594 -0.871818 -0.910317 1.69229 0.0652973 0.0191501 -0.866601 0.49434
1548265931.95899 -0.871103 -0.912662 1.69625 0.062255 0.0139749 -0.866713 0.494711
1548265931.99235 -0.871 -0.91479 1.70048 0.0592954 0.011844 -0.863599 0.50054
1548265932.02551 -0.870491 -0.917736 1.7053 0.0574994 0.0175316 -0.862808 0.501945
1548265932.05904 -0.870963 -0.919739 1.70986 0.0578278 0.0168261 -0.860824 0.505327
1548265932.09232 -0.869878 -0.921474 1.71522 0.0547067 0.0110336 -0.860882 0.505735
1548265932.12591 -0.869725 -0.92365 1.7203 0.0536735 0.013316 -0.860282 0.50681
1548265932.15918 -0.870188 -0.925786 1.72552 0.0536915 0.00993135 -0.857544 0.511504
1548265932.19249 -0.868849 -0.928675 1.7313 0.051346 0.00975909 -0.857896 0.511159
1548265932.22584 -0.868173 -0.932308 1.73671 0.0533264 0.0085711 -0.858558 0.509863
1548265932.25923 -0.867678 -0.936238 1.74198 0.0458415 0.013895 -0.854667 0.516961
1548265932.29217 -0.867062 -0.9411 1.74853 0.0503376 0.0100123 -0.85448 0.516943
1548265932.32562 -0.866764 -0.946189 1.7539 0.0520832 0.00929799 -0.855594 0.514938
1548265932.35875 -0.866312 -0.952092 1.75984 0.0520114 0.00848698 -0.853513 0.5184
1548265932.39211 -0.86523 -0.958187 1.76543 0.0486542 0.0157845 -0.849462 0.525164
1548265932.42564 -0.864722 -0.965142 1.77026 0.050757 0.0119512 -0.849968 0.524248
1548265932.45923 -0.865145 -0.972754 1.77554 0.0587478 0.0145443 -0.847478 0.527369
1548265932.49210 -0.863373 -0.980235 1.7797 0.0528337 0.0164787 -0.844364 0.532904
1548265932.52558 -0.861888 -0.988123 1.78386 0.0546934 0.0182353 -0.844402 0.532599
1548265932.55911 -0.860904 -0.995446 1.78723 0.057186 0.0208212 -0.843095 0.534309
1548265932.59258 -0.857995 -1.00299 1.79161 0.054294 0.0187701 -0.839836 0.539792
1548265932.62554 -0.854569 -1.01048 1.79516 0.0548773 0.0191646 -0.83735 0.543568
1548265932.65899 -0.850867 -1.01779 1.79881 0.0582518 0.0181279 -0.840748 0.537979
1548265932.69264 -0.847482 -1.02669 1.80271 0.0559699 0.021638 -0.83435 0.547959
1548265932.72583 -0.845905 -1.03179 1.80473 0.0481979 0.0193484 -0.821009 0.568549
1548265932.75917 -0.839259 -1.04221 1.80938 0.0545826 0.0230998 -0.835519 0.546255
1548265932.79246 -0.835874 -1.05189 1.81334 0.0524129 0.0286239 -0.831233 0.552708
1548265932.82587 -0.833112 -1.0581 1.81618 0.0469046 0.0249494 -0.82244 0.566366
1548265932.85905 -0.828769 -1.06668 1.81991 0.0497508 0.0292051 -0.822488 0.56585
1548265932.89258 -0.824293 -1.07367 1.82348 0.0493173 0.0240962 -0.826037 0.560936
1548265932.92576 -0.820563 -1.08156 1.82722 0.0438385 0.0251981 -0.812929 0.580164
1548265932.95900 -0.816871 -1.08899 1.8308 0.0428863 0.0244693 -0.810633 0.58347
1548265932.99254 -0.812647 -1.09681 1.83396 0.0412143 0.0277099 -0.808192 0.586821
1548265933.02579 -0.808689 -1.1042 1.83798 0.0447942 0.0252803 -0.802808 0.594015
1548265933.05910 -0.804618 -1.11215 1.84177 0.0464104 0.0282643 -0.801152 0.595989
1548265933.09224 -0.800449 -1.11743 1.84509 0.0397711 0.0294392 -0.798105 0.600483
1548265933.12551 -0.797279 -1.1234 1.84832 0.0376164 0.0314792 -0.794058 0.60586
1548265933.15894 -0.794054 -1.12834 1.85216 0.0364682 0.0286629 -0.790139 0.61117
1548265933.19232 -0.791564 -1.13356 1.85533 0.0336964 0.0304297 -0.788446 0.613426
1548265933.22583 -0.788958 -1.13787 1.8583 0.031364 0.0293885 -0.787135 0.615281
1548265933.25909 -0.786345 -1.14228 1.8626 0.0373913 0.0255587 -0.785003 0.617834
1548265933.29200 -0.783871 -1.14631 1.86589 0.0357632 0.0241618 -0.78462 0.618473
1548265933.32546 -0.781585 -1.15007 1.86848 0.0312778 0.0282688 -0.780963 0.623153
1548265933.35917 -0.779196 -1.15354 1.87229 0.0344204 0.022416 -0.77969 0.624817
1548265933.39229 -0.77691 -1.15705 1.87529 0.0333068 0.0220215 -0.778803 0.625996
1548265933.42540 -0.774728 -1.15996 1.87745 0.0279544 0.023304 -0.775539 0.63025
1548265933.45885 -0.771947 -1.16397 1.88141 0.0316722 0.021044 -0.774567 0.631348
1548265933.49248 -0.769512 -1.16755 1.88407 0.0278629 0.0233617 -0.771491 0.6352
1548265933.52594 -0.767099 -1.17119 1.8876 0.0306847 0.0188312 -0.770239 0.636738
1548265933.55916 -0.764315 -1.17511 1.89019 0.0247765 0.0232066 -0.766381 0.641488
1548265933.59258 -0.761508 -1.17895 1.89434 0.0301114 0.0165737 -0.763601 0.644772
1548265933.62572 -0.758195 -1.18319 1.89671 0.0222699 0.0230351 -0.762778 0.645866
1548265933.65918 -0.75473 -1.18754 1.90098 0.029422 0.0187696 -0.760206 0.648745
1548265933.69231 -0.750389 -1.19126 1.90456 0.0256369 0.017331 -0.75553 0.654383
1548265933.72568 -0.745603 -1.19499 1.90785 0.0189844 0.0212733 -0.750058 0.660757
1548265933.75934 -0.740737 -1.19855 1.91227 0.020451 0.0167173 -0.744034 0.667619
1548265933.79251 -0.735109 -1.20202 1.91525 0.00827825 0.0205343 -0.737844 0.674608
1548265933.82576 -0.729901 -1.20556 1.92021 0.0150312 0.0113296 -0.734162 0.678714
1548265933.85902 -0.724145 -1.20936 1.923 0.00425231 0.0176447 -0.728408 0.684903
1548265933.89223 -0.718667 -1.21327 1.92765 0.0111632 0.0103187 -0.72415 0.689476
1548265933.92544 -0.712595 -1.2167 1.93071 0.000575395 0.0155871 -0.718491 0.695361
1548265933.95891 -0.707181 -1.2201 1.93476 -0.00117869 0.0121909 -0.713818 0.700224
1548265933.99223 -0.702079 -1.2233 1.93929 0.0040806 0.00774918 -0.711159 0.702977
1548265934.02541 -0.6959 -1.22632 1.94225 -0.00676531 0.0137309 -0.707616 0.706431
1548265934.05901 -0.690123 -1.22916 1.94591 -0.00850258 0.0141923 -0.703332 0.710669
1548265934.09244 -0.684256 -1.23184 1.94988 -0.00617213 0.00982161 -0.700647 0.713414
1548265934.12565 -0.678239 -1.23397 1.95254 -0.0171411 0.0147388 -0.694476 0.719161
1548265934.15883 -0.67234 -1.2359 1.95579 -0.0210973 0.0123055 -0.692224 0.721269
1548265934.19230 -0.667342 -1.23792 1.96001 -0.0145844 0.00537677 -0.685239 0.728152
1548265934.22562 -0.661378 -1.24062 1.96253 -0.0256788 0.0116174 -0.682627 0.730223
1548265934.25893 -0.656533 -1.24321 1.96646 -0.018846 0.00536726 -0.679194 0.733697
1548265934.29219 -0.651035 -1.24573 1.96922 -0.0276313 0.00870644 -0.674747 0.737481
1548265934.32581 -0.646013 -1.24808 1.97271 -0.0297655 0.00796966 -0.669303 0.74235
1548265934.35907 -0.640648 -1.25089 1.97588 -0.0325233 0.00875954 -0.66607 0.745129
1548265934.39249 -0.635109 -1.25363 1.97898 -0.0336461 0.00861385 -0.662228 0.748497
1548265934.42592 -0.629812 -1.256 1.98203 -0.0356223 0.00768993 -0.656322 0.753601
1548265934.45880 -0.624054 -1.25813 1.98486 -0.0375116 0.00759877 -0.651872 0.757363
1548265934.49227 -0.617611 -1.26121 1.9875 -0.0390432 0.0117302 -0.651702 0.757379
1548265934.52590 -0.610759 -1.26364 1.99033 -0.0407341 0.0127344 -0.649181 0.759435
1548265934.55917 -0.603936 -1.26658 1.99334 -0.0408944 0.0113127 -0.641043 0.766331
1548265934.59262 -0.59661 -1.26978 1.99509 -0.0493349 0.0184431 -0.637489 0.768658
1548265934.62589 -0.590115 -1.27364 1.99713 -0.0478946 0.0192221 -0.63759 0.768645
1548265934.65907 -0.583681 -1.27636 1.99891 -0.0508248 0.0237608 -0.633363 0.771818
1548265934.69220 -0.577551 -1.28041 2.00003 -0.0519606 0.021486 -0.62566 0.778067
1548265934.72559 -0.57236 -1.28438 2.00054 -0.049678 0.0225579 -0.625453 0.778352
1548265934.75914 -0.567525 -1.28831 2.00043 -0.0509827 0.0208864 -0.619726 0.782882
1548265934.79214 -0.563531 -1.29186 2.0002 -0.0473595 0.0162897 -0.612888 0.788581
1548265934.82570 -0.558607 -1.29515 1.99896 -0.0514869 0.0185594 -0.60832 0.791803
1548265934.85910 -0.554875 -1.29915 1.99725 -0.0477148 0.012928 -0.602244 0.79678
1548265934.89219 -0.550314 -1.30332 1.99462 -0.0508405 0.0133891 -0.598296 0.799549
1548265934.92569 -0.546085 -1.30725 1.99197 -0.0500425 0.0101626 -0.593094 0.803512
1548265934.95882 -0.542522 -1.31049 1.98883 -0.0461896 0.00744373 -0.584476 0.810061
1548265934.99230 -0.537946 -1.31349 1.98514 -0.045224 0.00522218 -0.581452 0.812306
1548265935.02580 -0.532919 -1.31606 1.98127 -0.0478442 0.00776275 -0.579958 0.813203
1548265935.05896 -0.527958 -1.31742 1.97829 -0.0465278 0.00627074 -0.573362 0.817956
1548265935.09219 -0.522696 -1.31917 1.97547 -0.0469805 0.00328314 -0.564777 0.823899
1548265935.12586 -0.517123 -1.3214 1.97256 -0.047184 0.00291472 -0.562261 0.825607
1548265935.15919 -0.510807 -1.32339 1.96958 -0.0512303 0.00989467 -0.560953 0.826202
1548265935.19259 -0.505004 -1.32513 1.96724 -0.0532871 0.00991597 -0.55549 0.829755
1548265935.22595 -0.499377 -1.32708 1.96502 -0.0541216 0.0120947 -0.553085 0.831277
1548265935.25926 -0.494867 -1.32974 1.96252 -0.0527918 0.0138604 -0.553089 0.831332
1548265935.29236 -0.489911 -1.33177 1.96013 -0.0550867 0.0162137 -0.550136 0.833098
1548265935.32586 -0.485312 -1.33364 1.95803 -0.0563238 0.0175517 -0.549077 0.833687
1548265935.35904 -0.481758 -1.33563 1.95579 -0.055296 0.0174731 -0.546846 0.835223
1548265935.39236 -0.477862 -1.33725 1.95376 -0.0578155 0.0192579 -0.544693 0.836419
1548265935.42586 -0.474585 -1.33901 1.95206 -0.0570075 0.0194618 -0.54444 0.836634
1548265935.45916 -0.47265 -1.34069 1.95029 -0.0523721 0.0126089 -0.546444 0.835761
1548265935.49196 -0.46892 -1.34133 1.94785 -0.0573745 0.0185545 -0.54123 0.83871
1548265935.52554 -0.465757 -1.34231 1.94566 -0.0582825 0.0182954 -0.539912 0.839502
1548265935.55888 -0.462532 -1.34337 1.94331 -0.0597063 0.0176788 -0.537088 0.841225
1548265935.59223 -0.459291 -1.34462 1.94079 -0.0600378 0.0161193 -0.534405 0.842939
1548265935.62556 -0.455567 -1.34639 1.93822 -0.0602902 0.0172525 -0.534936 0.842562
1548265935.65881 -0.452113 -1.34856 1.93507 -0.0596412 0.0146458 -0.533579 0.843517
1548265935.69232 -0.449423 -1.35119 1.93235 -0.0565149 0.0106497 -0.530896 0.845484
1548265935.72565 -0.444887 -1.3533 1.92857 -0.0600837 0.0168521 -0.529712 0.845879
1548265935.75897 -0.441555 -1.35551 1.92487 -0.0605861 0.0169315 -0.52747 0.847242
1548265935.79219 -0.438351 -1.35805 1.92154 -0.0583949 0.0113478 -0.525305 0.848832
1548265935.82539 -0.434284 -1.36113 1.91774 -0.0592012 0.0157379 -0.521854 0.850832
1548265935.85863 -0.430316 -1.3641 1.91403 -0.0591996 0.0173359 -0.522025 0.850697
1548265935.89246 -0.425826 -1.36685 1.91057 -0.0584411 0.0177969 -0.51875 0.85274
1548265935.92590 -0.421649 -1.36994 1.90769 -0.0552119 0.0140931 -0.515241 0.855149
1548265935.95896 -0.414867 -1.37263 1.90401 -0.058876 0.0210354 -0.51315 0.856019
1548265935.99260 -0.408703 -1.37572 1.90098 -0.0579451 0.0232333 -0.508348 0.858886
1548265936.02565 -0.401703 -1.37802 1.89819 -0.0591219 0.0244002 -0.500263 0.863508
1548265936.05926 -0.394379 -1.38 1.89538 -0.0606826 0.0267652 -0.495522 0.866059
1548265936.09243 -0.387036 -1.38236 1.89275 -0.0589625 0.0262064 -0.491345 0.868572
1548265936.12574 -0.378975 -1.38434 1.88944 -0.0629766 0.0313976 -0.481043 0.873868
1548265936.15916 -0.371202 -1.38641 1.88652 -0.0646402 0.0337057 -0.474967 0.876979
1548265936.19231 -0.363451 -1.38871 1.88402 -0.0621949 0.0344154 -0.470031 0.879783
1548265936.22583 -0.355568 -1.39046 1.88078 -0.0660041 0.038225 -0.462399 0.883385
1548265936.25926 -0.348254 -1.39212 1.87793 -0.0668237 0.0420668 -0.460157 0.884319
1548265936.29247 -0.341407 -1.39336 1.87537 -0.0686911 0.0436302 -0.4555 0.886508
1548265936.32569 -0.335018 -1.39425 1.87308 -0.0709207 0.0437534 -0.449334 0.889469
1548265936.35894 -0.329495 -1.3951 1.871 -0.0696436 0.0411671 -0.445427 0.891656
1548265936.39232 -0.324232 -1.39625 1.86873 -0.0686268 0.0396323 -0.44151 0.89375
1548265936.42568 -0.318739 -1.39734 1.86584 -0.0705421 0.0394774 -0.434388 0.897091
1548265936.45897 -0.313715 -1.39861 1.86242 -0.0701481 0.039053 -0.429437 0.899521
1548265936.49225 -0.308435 -1.40018 1.85838 -0.0734966 0.0402154 -0.425826 0.900918
1548265936.52576 -0.303077 -1.40226 1.85429 -0.0696659 0.036407 -0.420896 0.903697
1548265936.55886 -0.297278 -1.4047 1.84944 -0.0731668 0.0370312 -0.412799 0.907123
1548265936.59229 -0.291575 -1.40824 1.84432 -0.0716511 0.035873 -0.411274 0.907983
1548265936.62562 -0.286301 -1.41288 1.8394 -0.0678131 0.0354021 -0.407155 0.91015
1548265936.65896 -0.281501 -1.41793 1.83455 -0.0629532 0.034052 -0.396725 0.915143
1548265936.69216 -0.276786 -1.42337 1.82932 -0.0623565 0.034526 -0.392008 0.917197
1548265936.72568 -0.272565 -1.42986 1.8246 -0.0557848 0.03321 -0.384975 0.920641
1548265936.75923 -0.268495 -1.43678 1.82003 -0.0504365 0.0332217 -0.378585 0.923594
1548265936.79257 -0.264291 -1.44313 1.81575 -0.048111 0.0324265 -0.369944 0.927241
1548265936.82602 -0.260718 -1.44928 1.81153 -0.0427975 0.0326123 -0.365404 0.929293
1548265936.85922 -0.257571 -1.45433 1.8074 -0.0407709 0.032219 -0.358458 0.932099
1548265936.89240 -0.254832 -1.45868 1.80391 -0.0369692 0.0290675 -0.355738 0.933402
1548265936.92595 -0.252606 -1.4623 1.80053 -0.0351844 0.0267984 -0.351127 0.935283
1548265936.95917 -0.250609 -1.46513 1.79752 -0.0348748 0.0268159 -0.347375 0.936694
1548265936.99227 -0.248769 -1.46793 1.79498 -0.0346935 0.0264307 -0.34802 0.936472
1548265937.02570 -0.246892 -1.47024 1.79272 -0.0345138 0.0249246 -0.346784 0.936978
1548265937.05901 -0.245651 -1.47251 1.79071 -0.0318922 0.0234504 -0.3434 0.938355
1548265937.09247 -0.244176 -1.47415 1.78855 -0.0329924 0.0239266 -0.341241 0.939092
1548265937.12542 -0.243149 -1.47544 1.78674 -0.0325996 0.02257 -0.340793 0.939302
1548265937.15901 -0.241907 -1.47627 1.78532 -0.0318927 0.0215358 -0.339247 0.93991
1548265937.19232 -0.240789 -1.47699 1.78412 -0.0329067 0.0220632 -0.341209 0.939152
1548265937.22580 -0.239796 -1.477 1.78332 -0.0339449 0.0230716 -0.341936 0.938827
1548265937.25896 -0.238863 -1.47629 1.78249 -0.0359028 0.0216467 -0.339767 0.939575
1548265937.29262 -0.238177 -1.47569 1.78202 -0.0379176 0.0220301 -0.341095 0.939006
1548265937.32555 -0.237773 -1.47506 1.78203 -0.0380512 0.0210441 -0.34208 0.938664
1548265937.35895 -0.237265 -1.474 1.7821 -0.0402242 0.0210636 -0.341938 0.938625
1548265937.39239 -0.236848 -1.4728 1.78262 -0.0405694 0.0188858 -0.339661 0.939483
1548265937.42565 -0.236591 -1.47168 1.78339 -0.0403014 0.0182022 -0.340347 0.93926
1548265937.45892 -0.236081 -1.47068 1.78435 -0.0394971 0.0171122 -0.338414 0.940012
1548265937.49222 -0.23526 -1.46961 1.78523 -0.0395408 0.0155481 -0.338151 0.940132
1548265937.52549 -0.233904 -1.46846 1.78607 -0.0413057 0.0161609 -0.338923 0.939768
1548265937.55907 -0.232305 -1.46743 1.78691 -0.0418346 0.0173865 -0.338883 0.939737
1548265937.59247 -0.230424 -1.46647 1.78771 -0.0439376 0.0193368 -0.339789 0.939276
1548265937.62574 -0.228086 -1.46544 1.78835 -0.0447711 0.021479 -0.339196 0.939404
1548265937.65905 -0.225575 -1.46448 1.78878 -0.046763 0.0233023 -0.339137 0.939285
1548265937.69255 -0.223166 -1.46366 1.7891 -0.0483189 0.0248139 -0.337457 0.939773
1548265937.72596 -0.220828 -1.4629 1.78928 -0.048491 0.0269497 -0.338233 0.939426
1548265937.75907 -0.218459 -1.4621 1.78913 -0.0508819 0.0291102 -0.336668 0.939797
1548265937.79223 -0.216359 -1.46137 1.78885 -0.0530015 0.032453 -0.337848 0.939147
1548265937.82587 -0.215085 -1.46097 1.78872 -0.051554 0.0320483 -0.337037 0.939532
1548265937.85873 -0.214085 -1.46075 1.78837 -0.0523806 0.0320703 -0.336067 0.939833
1548265937.89216 -0.213449 -1.46072 1.78784 -0.0530087 0.0335066 -0.336881 0.939456
1548265937.92553 -0.213479 -1.46117 1.78741 -0.0522284 0.0330945 -0.336117 0.939788
1548265937.95902 -0.214211 -1.46222 1.78701 -0.0495112 0.0314094 -0.335827 0.940097
1548265937.99220 -0.215221 -1.4634 1.78653 -0.0484384 0.0306622 -0.333896 0.940865
1548265938.02553 -0.2166 -1.46518 1.78596 -0.0456613 0.0300078 -0.334907 0.940666
1548265938.05883 -0.218464 -1.46715 1.78532 -0.0431762 0.0292128 -0.334604 0.940916
1548265938.09241 -0.220544 -1.46918 1.78449 -0.039832 0.0266026 -0.334034 0.941343
1548265938.12543 -0.222603 -1.47107 1.78352 -0.0387533 0.0273279 -0.335542 0.940831
1548265938.15878 -0.224958 -1.47264 1.78247 -0.0368266 0.0256999 -0.334617 0.941284
1548265938.19230 -0.227459 -1.4742 1.7818 -0.0328982 0.0230313 -0.335834 0.941065
1548265938.22566 -0.229692 -1.47504 1.78092 -0.0315699 0.0234004 -0.336946 0.940703
1548265938.25912 -0.232394 -1.47538 1.78 -0.0314765 0.0214354 -0.337122 0.940691
1548265938.29267 -0.23466 -1.47512 1.77929 -0.0292049 0.0187596 -0.338059 0.940485
1548265938.32563 -0.236637 -1.47467 1.77859 -0.0300786 0.0179651 -0.339476 0.939962
1548265938.35931 -0.238401 -1.47428 1.77816 -0.0310666 0.0174394 -0.340586 0.939538
1548265938.39239 -0.239486 -1.47405 1.77813 -0.0309125 0.0170713 -0.34175 0.939127
1548265938.42593 -0.240408 -1.47382 1.77823 -0.0308151 0.0178052 -0.342144 0.938973
1548265938.45909 -0.240891 -1.47355 1.77858 -0.0304919 0.0179685 -0.343858 0.938354
1548265938.49232 -0.241525 -1.47315 1.77896 -0.03031 0.0182896 -0.344311 0.938188
1548265938.52597 -0.242 -1.47241 1.77912 -0.0311828 0.018475 -0.344629 0.938039
