# ground truth trajectory
# timestamp tx ty tz qx qy qz qw
1548265286.61770 0.315971 -2.12211 1.36195 -0.222249 0.0102722 -0.298052 0.928259
1548265286.65111 0.312404 -2.12107 1.37178 -0.222789 0.00914003 -0.30634 0.925439
1548265286.68437 0.309141 -2.12056 1.38083 -0.221677 0.0121473 -0.316631 0.922202
1548265286.71772 0.305549 -2.11941 1.38924 -0.220422 0.0122773 -0.320297 0.921235
1548265286.75111 0.302714 -2.11713 1.39604 -0.206844 0.0194875 -0.311537 0.927244
1548265286.78451 0.298443 -2.11741 1.40419 -0.209825 0.0128267 -0.325906 0.921734
1548265286.81742 0.293795 -2.11798 1.41057 -0.211496 0.0117763 -0.339585 0.916413
1548265286.85109 0.289724 -2.1167 1.41655 -0.208066 0.011935 -0.343515 0.915731
1548265286.88462 0.286062 -2.11543 1.42213 -0.206116 0.0134571 -0.351491 0.913121
1548265286.91769 0.282509 -2.11372 1.42766 -0.201793 0.0127377 -0.353911 0.913162
1548265286.95110 0.279219 -2.11239 1.43228 -0.202578 0.0140821 -0.358651 0.911117
1548265286.98451 0.275954 -2.11017 1.43685 -0.200108 0.0136761 -0.368561 0.907707
1548265287.01800 0.272611 -2.10736 1.44151 -0.197753 0.013229 -0.371994 0.906829
1548265287.05138 0.270191 -2.10483 1.44593 -0.19895 0.017234 -0.37371 0.905794
1548265287.08434 0.267813 -2.1014 1.44991 -0.196729 0.0170725 -0.379361 0.903931
1548265287.11795 0.265404 -2.09815 1.45378 -0.194901 0.0191012 -0.384179 0.90225
1548265287.15119 0.263481 -2.09439 1.45764 -0.191025 0.0184981 -0.383181 0.903515
1548265287.18463 0.261876 -2.09109 1.46036 -0.187972 0.0244065 -0.384561 0.903429
1548265287.21802 0.26005 -2.08811 1.4626 -0.18493 0.0243847 -0.386115 0.903394
1548265287.25145 0.257944 -2.0851 1.46424 -0.187559 0.0216585 -0.384494 0.903613
1548265287.28468 0.255677 -2.08179 1.46427 -0.182912 0.0260191 -0.386933 0.90341
1548265287.31810 0.25322 -2.07897 1.46321 -0.180801 0.0255044 -0.393789 0.900883
1548265287.35120 0.250105 -2.07593 1.46092 -0.177988 0.0259662 -0.39713 0.899963
1548265287.38445 0.249036 -2.07272 1.4578 -0.180079 0.0256443 -0.398873 0.898785
1548265287.41802 0.247696 -2.06982 1.45341 -0.178288 0.0277304 -0.401581 0.897874
1548265287.45090 0.246885 -2.06782 1.44824 -0.175787 0.0283334 -0.399522 0.899266
1548265287.48427 0.246075 -2.06658 1.44243 -0.171396 0.0340099 -0.40034 0.899552
1548265287.51774 0.245361 -2.06469 1.43646 -0.169557 0.0372852 -0.401022 0.899468
1548265287.55114 0.244713 -2.0623 1.42992 -0.167083 0.0372197 -0.398437 0.901081
1548265287.58401 0.243791 -2.05988 1.42301 -0.165682 0.0389489 -0.401797 0.899773
1548265287.61765 0.243039 -2.05736 1.4159 -0.162804 0.0375444 -0.403121 0.899766
1548265287.65121 0.242868 -2.05363 1.40839 -0.163228 0.0384797 -0.399355 0.901328
1548265287.68443 0.242752 -2.05043 1.40098 -0.161263 0.0379477 -0.401378 0.900805
1548265287.71764 0.242932 -2.04737 1.39354 -0.160904 0.0410613 -0.400787 0.900996
1548265287.75114 0.243088 -2.04468 1.38697 -0.15681 0.0407177 -0.400342 0.901931
1548265287.78430 0.243574 -2.04117 1.38051 -0.155173 0.0448761 -0.399902 0.902212
1548265287.81802 0.243944 -2.03835 1.37423 -0.151071 0.0457361 -0.397277 0.904023
1548265287.85141 0.244682 -2.03485 1.36764 -0.149422 0.047538 -0.392898 0.906115
1548265287.88456 0.245049 -2.03183 1.36111 -0.145457 0.0486083 -0.391678 0.907231
1548265287.91802 0.245873 -2.02762 1.35449 -0.144467 0.0482884 -0.388212 0.908894
1548265287.95110 0.245784 -2.02339 1.34804 -0.142707 0.0474369 -0.38221 0.911757
1548265287.98457 0.245671 -2.01908 1.34136 -0.14251 0.0478991 -0.379706 0.912809
1548265288.01778 0.245603 -2.0144 1.3346 -0.142736 0.0473741 -0.378686 0.913225
1548265288.05131 0.245549 -2.01008 1.328 -0.142721 0.0485196 -0.377587 0.913622
1548265288.08462 0.245573 -2.00597 1.32141 -0.140916 0.0457057 -0.371934 0.916362
1548265288.11793 0.245621 -2.00267 1.31419 -0.141988 0.049368 -0.372483 0.915783
1548265288.15122 0.245672 -1.99887 1.30769 -0.138104 0.0491653 -0.373815 0.915845
1548265288.18475 0.246452 -1.99448 1.30161 -0.138451 0.0504339 -0.37145 0.916686
1548265288.21803 0.247618 -1.98991 1.2968 -0.137268 0.0518062 -0.367049 0.918558
1548265288.25093 0.249269 -1.98503 1.29209 -0.139423 0.0526703 -0.361927 0.920215
1548265288.28443 0.25072 -1.98031 1.28677 -0.138045 0.0502243 -0.359471 0.921521
1548265288.31772 0.252076 -1.97556 1.282 -0.139456 0.0496923 -0.355848 0.922743
1548265288.35096 0.253121 -1.97107 1.27702 -0.140419 0.0503178 -0.356349 0.92237
1548265288.38423 0.25392 -1.96705 1.27204 -0.140389 0.0508988 -0.360218 0.920838
1548265288.41784 0.254694 -1.96384 1.26704 -0.140113 0.0510123 -0.35662 0.922274
1548265288.45105 0.255801 -1.96096 1.26175 -0.140706 0.054171 -0.358306 0.921349
1548265288.48451 0.256884 -1.95812 1.25727 -0.140406 0.0571359 -0.357538 0.921514
1548265288.51784 0.258083 -1.95532 1.25293 -0.138726 0.0576912 -0.353391 0.923332
1548265288.55098 0.259083 -1.9527 1.24886 -0.136539 0.0610628 -0.357538 0.921843
1548265288.58448 0.260235 -1.94983 1.24547 -0.135982 0.0632678 -0.356307 0.922253
1548265288.61814 0.261472 -1.94674 1.24203 -0.135536 0.0640423 -0.349955 0.924695
1548265288.65126 0.262645 -1.94362 1.2388 -0.133513 0.0650127 -0.353331 0.923637
1548265288.68458 0.263698 -1.9401 1.23583 -0.135129 0.0672681 -0.352261 0.923649
1548265288.71791 0.264962 -1.93624 1.23281 -0.134616 0.065981 -0.347891 0.925471
1548265288.75128 0.265962 -1.9321 1.22966 -0.134695 0.0638577 -0.346642 0.926077
1548265288.78469 0.266806 -1.92795 1.2257 -0.137048 0.0614732 -0.343611 0.927022
1548265288.81791 0.267336 -1.92389 1.22171 -0.138755 0.0615893 -0.345251 0.926151
1548265288.85147 0.267754 -1.92029 1.21777 -0.141094 0.0626869 -0.345687 0.925561
1548265288.88452 0.268412 -1.91678 1.21434 -0.14162 0.0612903 -0.346172 0.925393
1548265288.91796 0.269179 -1.91355 1.21121 -0.145337 0.0613622 -0.341531 0.926536
1548265288.95126 0.269985 -1.91091 1.2075 -0.146554 0.0628617 -0.346922 0.924238
1548265288.98464 0.270605 -1.90874 1.20386 -0.146232 0.0640166 -0.347115 0.924137
1548265289.01795 0.271338 -1.90697 1.20038 -0.145587 0.0644538 -0.343844 0.92543
1548265289.05117 0.271837 -1.90618 1.19651 -0.144063 0.0667042 -0.344823 0.925145
1548265289.08426 0.271879 -1.90561 1.19299 -0.142415 0.0697415 -0.34659 0.924516
1548265289.11761 0.271446 -1.90527 1.18967 -0.142843 0.0725083 -0.346128 0.92441
1548265289.15112 0.270742 -1.90512 1.18682 -0.138303 0.071904 -0.3474 0.924671
1548265289.18436 0.270091 -1.90468 1.18478 -0.135877 0.0729147 -0.346599 0.925251
1548265289.21765 0.269258 -1.90439 1.18324 -0.134656 0.0731386 -0.348184 0.924817
1548265289.25117 0.268157 -1.90387 1.18223 -0.134767 0.0739166 -0.348271 0.924706
1548265289.28446 0.267222 -1.90312 1.18174 -0.131952 0.0717966 -0.351528 0.924046
1548265289.31776 0.266482 -1.90261 1.18191 -0.131614 0.0714921 -0.356207 0.922325
1548265289.35085 0.266113 -1.90203 1.18255 -0.132054 0.0694553 -0.354022 0.923258
1548265289.38422 0.26592 -1.90195 1.18333 -0.131602 0.0666042 -0.353488 0.923737
1548265289.41787 0.265689 -1.90233 1.18412 -0.13146 0.0663271 -0.357922 0.922069
1548265289.45129 0.265755 -1.90275 1.18545 -0.133301 0.067142 -0.356125 0.922441
1548265289.48463 0.266283 -1.90322 1.18712 -0.133357 0.0647086 -0.355885 0.9227
1548265289.51808 0.267136 -1.9036 1.18907 -0.134935 0.0626661 -0.358046 0.921775
1548265289.55116 0.268159 -1.90399 1.19186 -0.136924 0.0616005 -0.354929 0.922758
1548265289.58463 0.26936 -1.90413 1.19498 -0.13869 0.0590119 -0.353628 0.923163
1548265289.61784 0.270369 -1.90425 1.19854 -0.141459 0.0572288 -0.354856 0.922384
1548265289.65126 0.271307 -1.90444 1.20249 -0.143369 0.054938 -0.354385 0.922409
1548265289.68451 0.272056 -1.90459 1.20628 -0.146633 0.053797 -0.353319 0.922372
1548265289.71793 0.272489 -1.90487 1.20991 -0.148351 0.0514166 -0.355864 0.921254
1548265289.75133 0.272674 -1.90534 1.2139 -0.15224 0.0501685 -0.355749 0.920733
1548265289.78458 0.272972 -1.90604 1.21787 -0.152128 0.0469746 -0.358168 0.919982
1548265289.81783 0.273301 -1.90691 1.22201 -0.153336 0.0462437 -0.359783 0.919187
1548265289.85115 0.273555 -1.90774 1.22644 -0.156624 0.0456217 -0.356534 0.91993
1548265289.88436 0.273786 -1.90822 1.23086 -0.156375 0.0428151 -0.359567 0.918926
1548265289.91730 0.274039 -1.90887 1.23539 -0.158352 0.0433534 -0.362028 0.917595
1548265289.95116 0.274133 -1.90936 1.23996 -0.160444 0.041767 -0.358451 0.918709
1548265289.98437 0.274287 -1.90935 1.24429 -0.160602 0.039181 -0.358782 0.918666
1548265290.01786 0.274358 -1.90973 1.24851 -0.163305 0.0399662 -0.361146 0.917228
1548265290.05111 0.274534 -1.90948 1.25256 -0.164761 0.0369119 -0.358943 0.917961
1548265290.08427 0.274785 -1.9091 1.25652 -0.168781 0.037552 -0.356475 0.918166
1548265290.11762 0.274932 -1.90892 1.26038 -0.168843 0.0364562 -0.363518 0.915433
1548265290.15102 0.275217 -1.90873 1.26444 -0.170506 0.0361149 -0.361114 0.91609
1548265290.18448 0.275657 -1.90848 1.26852 -0.172319 0.035683 -0.358963 0.916612
1548265290.21810 0.276219 -1.90817 1.27249 -0.171887 0.0342572 -0.363034 0.915144
1548265290.25136 0.276765 -1.90801 1.27675 -0.173789 0.0355129 -0.363312 0.914626
1548265290.28456 0.277537 -1.90755 1.2811 -0.174953 0.0354616 -0.361296 0.915205
1548265290.31806 0.278098 -1.90694 1.28551 -0.173833 0.0356896 -0.365478 0.913747
1548265290.35130 0.278607 -1.90602 1.2901 -0.174674 0.0360711 -0.367022 0.912953
1548265290.38436 0.279225 -1.90416 1.29453 -0.173644 0.0317656 -0.364139 0.914462
1548265290.41779 0.279816 -1.90218 1.29879 -0.174102 0.0309656 -0.365167 0.913993
1548265290.45142 0.280269 -1.89986 1.30276 -0.174365 0.0299616 -0.367784 0.912926
1548265290.48468 0.280871 -1.8974 1.30651 -0.176998 0.0297531 -0.364502 0.913742
1548265290.51790 0.281828 -1.89475 1.30997 -0.176307 0.0272321 -0.365717 0.913469
1548265290.55136 0.282985 -1.89215 1.3131 -0.176188 0.0271641 -0.368828 0.912242
1548265290.58475 0.284662 -1.88982 1.31586 -0.177115 0.0284225 -0.367633 0.912507
1548265290.61808 0.286511 -1.88738 1.3185 -0.175463 0.0276571 -0.366607 0.913262
1548265290.65114 0.288473 -1.88516 1.32098 -0.174259 0.0286905 -0.368417 0.912732
1548265290.68432 0.290819 -1.88304 1.32338 -0.17545 0.030682 -0.36474 0.913915
1548265290.71781 0.293643 -1.88015 1.32533 -0.173851 0.029038 -0.361141 0.915702
1548265290.75111 0.296483 -1.87703 1.32698 -0.173638 0.0291048 -0.360967 0.915809
1548265290.78421 0.299565 -1.87366 1.3284 -0.174544 0.0284494 -0.354539 0.918165
1548265290.81772 0.302737 -1.8701 1.32956 -0.176054 0.0286051 -0.349333 0.919866
1548265290.85082 0.305925 -1.86629 1.33053 -0.175274 0.0267431 -0.348003 0.920575
1548265290.88441 0.308848 -1.86258 1.3317 -0.17564 0.0260353 -0.342375 0.922633
1548265290.91770 0.311679 -1.85929 1.33246 -0.176445 0.0247056 -0.335644 0.924987
1548265290.95113 0.313667 -1.8565 1.33314 -0.175237 0.0249226 -0.338415 0.9242
1548265290.98433 0.315429 -1.85373 1.33385 -0.172417 0.02218 -0.336684 0.925432
1548265291.01796 0.316925 -1.85082 1.33439 -0.171895 0.0207263 -0.334349 0.926409
1548265291.05144 0.318256 -1.84773 1.33509 -0.169692 0.0187458 -0.335062 0.9266
1548265291.08443 0.319712 -1.84463 1.33583 -0.169412 0.0165477 -0.330358 0.92838
1548265291.11810 0.320926 -1.84165 1.33642 -0.166436 0.0134174 -0.330782 0.928818
1548265291.15106 0.322231 -1.83893 1.33697 -0.165842 0.012327 -0.333301 0.928038
1548265291.18440 0.323546 -1.83632 1.3374 -0.165199 0.0097158 -0.328634 0.929846
1548265291.21807 0.324788 -1.83404 1.33756 -0.163894 0.0084835 -0.328179 0.93025
1548265291.25145 0.325791 -1.83207 1.33759 -0.162878 0.00772959 -0.329696 0.929899
1548265291.28480 0.326687 -1.82988 1.33756 -0.162766 0.00726234 -0.325307 0.931467
1548265291.31758 0.327629 -1.82747 1.33744 -0.162635 0.00713357 -0.325928 0.931273
1548265291.35143 0.328324 -1.82528 1.33744 -0.163292 0.00680528 -0.325408 0.931343
1548265291.38458 0.328944 -1.82337 1.33711 -0.164128 0.00703036 -0.322662 0.932149
1548265291.41798 0.329108 -1.82166 1.33665 -0.163434 0.00695758 -0.322385 0.932367
1548265291.45122 0.328926 -1.82 1.33603 -0.163976 0.00797085 -0.323231 0.931971
1548265291.48442 0.328716 -1.8184 1.33537 -0.164613 0.00807313 -0.320979 0.932636
1548265291.51764 0.328384 -1.81674 1.33456 -0.165928 0.00897088 -0.320953 0.932404
1548265291.55086 0.327896 -1.81574 1.33369 -0.168093 0.0128615 -0.321569 0.931758
1548265291.58460 0.327123 -1.81444 1.33278 -0.167232 0.0114764 -0.32115 0.932075
1548265291.61793 0.326414 -1.81323 1.33167 -0.168931 0.0138985 -0.320574 0.931934
1548265291.65122 0.325205 -1.81237 1.33056 -0.169374 0.0146498 -0.324558 0.930462
1548265291.68424 0.323882 -1.81136 1.32952 -0.171364 0.0158015 -0.324828 0.929985
1548265291.71789 0.322482 -1.81066 1.32855 -0.172878 0.0171364 -0.327102 0.928883
1548265291.75122 0.321093 -1.8103 1.32752 -0.175581 0.019987 -0.328989 0.927652
1548265291.78440 0.319362 -1.80983 1.32646 -0.173624 0.0183327 -0.330368 0.927564
1548265291.81803 0.317623 -1.8096 1.32531 -0.175782 0.0207801 -0.330973 0.92689
1548265291.85125 0.315478 -1.80962 1.3238 -0.174398 0.0205459 -0.337114 0.924942
1548265291.88469 0.313155 -1.80987 1.32209 -0.173424 0.0207955 -0.340684 0.923811
1548265291.91811 0.310838 -1.81017 1.32031 -0.172618 0.0221324 -0.345604 0.922102
1548265291.95132 0.308793 -1.81013 1.31826 -0.173086 0.0231648 -0.34558 0.921997
1548265291.98457 0.306718 -1.81058 1.31604 -0.172399 0.0244806 -0.349967 0.920436
1548265292.01801 0.304703 -1.81101 1.31372 -0.1722 0.0257796 -0.353046 0.919261
1548265292.05124 0.303041 -1.81125 1.3115 -0.172908 0.0273311 -0.352703 0.919215
1548265292.08455 0.30147 -1.81136 1.30943 -0.171757 0.0289672 -0.356788 0.917803
1548265292.11808 0.300145 -1.81136 1.30735 -0.172724 0.0307044 -0.356777 0.917569
1548265292.15122 0.298936 -1.81135 1.30518 -0.172567 0.0326587 -0.357133 0.917393
1548265292.18465 0.297966 -1.81115 1.30337 -0.172855 0.034685 -0.358966 0.916549
1548265292.21801 0.297305 -1.81079 1.30173 -0.174077 0.035552 -0.357898 0.916702
1548265292.25123 0.296694 -1.8107 1.30013 -0.17552 0.0391471 -0.356355 0.916881
1548265292.28432 0.2959 -1.8105 1.29874 -0.173608 0.0389748 -0.3585 0.916417
1548265292.31749 0.295196 -1.81047 1.29746 -0.173688 0.0395543 -0.357548 0.916748
1548265292.35125 0.294307 -1.81059 1.29619 -0.174005 0.0406481 -0.356464 0.917062
1548265292.38442 0.293306 -1.81099 1.2951 -0.175931 0.043253 -0.355112 0.9171
1548265292.41769 0.291801 -1.81105 1.29425 -0.17195 0.0406224 -0.358283 0.916742
1548265292.45102 0.290535 -1.81132 1.29373 -0.170743 0.0399995 -0.359056 0.916693
1548265292.48428 0.289434 -1.81166 1.29344 -0.17138 0.0401158 -0.359052 0.91657
1548265292.51781 0.288502 -1.81199 1.29346 -0.16949 0.0392791 -0.358906 0.917015
1548265292.55118 0.287802 -1.81234 1.2937 -0.169113 0.0396204 -0.358122 0.917377
1548265292.58429 0.287297 -1.81276 1.29397 -0.168143 0.0386797 -0.358276 0.917535
1548265292.61780 0.286817 -1.81322 1.29429 -0.166744 0.0378414 -0.35856 0.917714
1548265292.65131 0.286284 -1.81362 1.29481 -0.166164 0.0370341 -0.358931 0.917707
1548265292.68456 0.285903 -1.8139 1.29519 -0.165565 0.035622 -0.358273 0.918129
1548265292.71807 0.285518 -1.81404 1.29525 -0.164677 0.0340787 -0.359134 0.918011
1548265292.75148 0.285219 -1.81388 1.29532 -0.165028 0.0331397 -0.360066 0.917616
1548265292.78477 0.285171 -1.81364 1.29542 -0.165876 0.0320262 -0.359647 0.917667
1548265292.81818 0.28539 -1.8135 1.29518 -0.166988 0.0316569 -0.358522 0.917919
1548265292.85143 0.285588 -1.8137 1.2945 -0.167679 0.0319168 -0.358607 0.917751
1548265292.88463 0.285828 -1.8141 1.29332 -0.167865 0.0328028 -0.357591 0.918082
1548265292.91810 0.285947 -1.81466 1.29183 -0.16865 0.0342941 -0.355765 0.918593
1548265292.95141 0.286144 -1.81532 1.29001 -0.167911 0.0348607 -0.356607 0.91838
1548265292.98481 0.286496 -1.81605 1.28837 -0.168123 0.03735 -0.355778 0.918565
1548265293.01777 0.286938 -1.81663 1.28664 -0.167298 0.0386598 -0.356524 0.918372
1548265293.05105 0.28746 -1.81709 1.28519 -0.166855 0.040737 -0.356018 0.918559
1548265293.08443 0.288093 -1.81712 1.28361 -0.166411 0.0419914 -0.356592 0.918361
1548265293.11752 0.288698 -1.81684 1.28223 -0.165855 0.0425787 -0.355547 0.918839
1548265293.15115 0.289367 -1.81586 1.28091 -0.166758 0.0426918 -0.355566 0.918663
1548265293.18443 0.290259 -1.81459 1.27959 -0.168227 0.0425233 -0.354897 0.918662
1548265293.21773 0.291289 -1.81324 1.27827 -0.168578 0.0421434 -0.352844 0.919406
1548265293.25091 0.292416 -1.81197 1.27695 -0.169431 0.04191 -0.351941 0.919605
1548265293.28455 0.293534 -1.81115 1.27556 -0.169312 0.0408975 -0.350313 0.920294
1548265293.31795 0.294682 -1.81098 1.27384 -0.168281 0.0412076 -0.348617 0.921113
1548265293.35117 0.295822 -1.81071 1.27174 -0.167049 0.0414689 -0.347918 0.92159
1548265293.38462 0.296907 -1.81064 1.26915 -0.165303 0.0399746 -0.346689 0.922433
1548265293.41811 0.297812 -1.81098 1.26645 -0.161723 0.0374577 -0.347943 0.922702
1548265293.45141 0.298811 -1.81115 1.26329 -0.161259 0.0383924 -0.350894 0.921626
1548265293.48469 0.299993 -1.81143 1.25986 -0.159928 0.0381814 -0.351408 0.921671
1548265293.51803 0.301466 -1.81179 1.25676 -0.158731 0.0384387 -0.349602 0.922554
1548265293.55131 0.303222 -1.81213 1.25396 -0.157959 0.0389304 -0.350561 0.922302
1548265293.58463 0.305489 -1.81315 1.25141 -0.156994 0.0402198 -0.346843 0.923815
1548265293.61812 0.307961 -1.81456 1.24946 -0.157402 0.0415844 -0.340657 0.925985
1548265293.65146 0.310531 -1.81597 1.2479 -0.157846 0.0450998 -0.338919 0.926382
1548265293.68472 0.312908 -1.81805 1.24681 -0.15421 0.0447343 -0.340858 0.926301
1548265293.71784 0.31553 -1.81986 1.24564 -0.154381 0.0464262 -0.339541 0.926673
1548265293.75131 0.317985 -1.82137 1.24509 -0.155726 0.0466184 -0.337804 0.927073
1548265293.78478 0.319982 -1.82295 1.24474 -0.158373 0.0474908 -0.335954 0.927253
1548265293.81787 0.321341 -1.82457 1.24542 -0.159096 0.0471855 -0.341203 0.925226
1548265293.85133 0.322631 -1.82623 1.24737 -0.162689 0.0487775 -0.342345 0.924096
1548265293.88432 0.323631 -1.82679 1.25012 -0.16531 0.0471531 -0.343877 0.923146
1548265293.91782 0.324451 -1.82749 1.25401 -0.168133 0.0448155 -0.346265 0.921859
1548265293.95101 0.325195 -1.82786 1.25814 -0.170129 0.0428606 -0.350159 0.920113
1548265293.98444 0.326149 -1.82818 1.2627 -0.173825 0.0393882 -0.347983 0.920403
1548265294.01763 0.326995 -1.82849 1.26723 -0.174592 0.0348442 -0.348803 0.920131
1548265294.05123 0.327973 -1.82923 1.27146 -0.175427 0.032952 -0.353257 0.918341
1548265294.08455 0.329161 -1.83039 1.2754 -0.176888 0.0311825 -0.352031 0.918593
1548265294.11767 0.330475 -1.83115 1.27911 -0.177865 0.0296945 -0.349571 0.919392
1548265294.15123 0.331592 -1.83182 1.28262 -0.176905 0.0274556 -0.351489 0.918916
1548265294.18424 0.332806 -1.83234 1.28573 -0.179318 0.0272401 -0.350497 0.918833
1548265294.21804 0.333712 -1.83204 1.28839 -0.178118 0.0231564 -0.350271 0.919265
1548265294.25141 0.334578 -1.83177 1.29097 -0.178306 0.0224163 -0.351966 0.918599
1548265294.28477 0.335545 -1.83128 1.29333 -0.179886 0.0215685 -0.351116 0.918637
1548265294.31793 0.336461 -1.83094 1.29568 -0.180227 0.0198576 -0.348272 0.919691
1548265294.35130 0.337483 -1.83088 1.29826 -0.180341 0.0196052 -0.346805 0.920228
1548265294.38470 0.338489 -1.83106 1.30112 -0.180646 0.0217155 -0.34482 0.920866
1548265294.41811 0.339192 -1.83121 1.3041 -0.179179 0.0210414 -0.34447 0.9213
1548265294.45138 0.339932 -1.83154 1.30708 -0.178085 0.0207792 -0.345001 0.921319
1548265294.48481 0.340715 -1.83178 1.3099 -0.178251 0.0224423 -0.342283 0.922261
1548265294.51809 0.341238 -1.83179 1.31278 -0.178131 0.0222661 -0.340007 0.92313
1548265294.55124 0.341507 -1.83157 1.31532 -0.177835 0.021415 -0.339898 0.923247
1548265294.58471 0.341646 -1.83115 1.31743 -0.17837 0.0207787 -0.337821 0.923921
1548265294.61799 0.341589 -1.83024 1.31918 -0.180739 0.0190738 -0.331759 0.925692
1548265294.65119 0.340876 -1.82918 1.32033 -0.181581 0.0176673 -0.336738 0.923755
1548265294.68442 0.340158 -1.82803 1.3211 -0.181049 0.0152283 -0.335581 0.924324
1548265294.71782 0.339341 -1.82698 1.32165 -0.182949 0.011406 -0.333582 0.924728
1548265294.75122 0.338282 -1.82625 1.32169 -0.184185 0.0096273 -0.337758 0.922986
1548265294.78456 0.337387 -1.82617 1.32129 -0.184944 0.0100489 -0.337326 0.922988
1548265294.81784 0.336654 -1.82655 1.32077 -0.183225 0.00873703 -0.33816 0.923038
1548265294.85073 0.336115 -1.82698 1.31991 -0.181584 0.00982124 -0.341945 0.921957
1548265294.88459 0.335954 -1.82764 1.31926 -0.181175 0.011601 -0.341044 0.92235
1548265294.91784 0.336121 -1.82798 1.31874 -0.180661 0.0139458 -0.338776 0.923254
1548265294.95116 0.336399 -1.82806 1.31797 -0.178451 0.0155344 -0.340144 0.923156
1548265294.98429 0.336993 -1.82777 1.31714 -0.178135 0.0169479 -0.33783 0.924041
1548265295.01802 0.337713 -1.82723 1.31603 -0.178475 0.0186179 -0.336786 0.924324
1548265295.05099 0.338748 -1.82622 1.31484 -0.178476 0.0207868 -0.335113 0.924886
1548265295.08478 0.340213 -1.82451 1.31372 -0.176844 0.0197683 -0.332879 0.926028
1548265295.11808 0.341904 -1.82269 1.31279 -0.176915 0.0200716 -0.329934 0.927061
1548265295.15112 0.343737 -1.82113 1.31205 -0.176917 0.0211612 -0.327478 0.927907
1548265295.18448 0.345881 -1.82002 1.31127 -0.177329 0.023599 -0.324389 0.928854
1548265295.21815 0.348068 -1.81845 1.31044 -0.175664 0.0225451 -0.321198 0.930304
1548265295.25138 0.350292 -1.81672 1.30979 -0.174085 0.0224404 -0.318706 0.93146
1548265295.28458 0.353076 -1.81502 1.30928 -0.174125 0.0217639 -0.315507 0.932557
1548265295.31800 0.356574 -1.81294 1.30862 -0.174659 0.0211172 -0.307142 0.935261
1548265295.35151 0.35982 -1.81044 1.30795 -0.170919 0.0194356 -0.303354 0.937222
1548265295.38469 0.36306 -1.80844 1.30748 -0.17033 0.0213513 -0.295557 0.939775
1548265295.41810 0.365729 -1.80777 1.30713 -0.171168 0.0170116 -0.293085 0.940486
1548265295.45120 0.367742 -1.80785 1.30609 -0.168886 0.0173018 -0.290696 0.941634
1548265295.48459 0.368707 -1.80868 1.30525 -0.166299 0.0151972 -0.286492 0.943417
1548265295.51786 0.368939 -1.80883 1.30348 -0.156645 0.0223125 -0.281446 0.946442
1548265295.55137 0.368622 -1.81155 1.30259 -0.163839 0.01497 -0.290134 0.942738
1548265295.58457 0.367997 -1.81237 1.29964 -0.156013 0.0210703 -0.286688 0.945
1548265295.61763 0.367504 -1.8134 1.29679 -0.155562 0.0223585 -0.285699 0.945345
1548265295.65124 0.367093 -1.81568 1.29473 -0.165917 0.0174402 -0.29494 0.940839
1548265295.68436 0.367273 -1.81669 1.29164 -0.167418 0.0191954 -0.297162 0.939839
1548265295.71788 0.36809 -1.81785 1.28822 -0.169985 0.0236175 -0.298553 0.938836
1548265295.75113 0.369039 -1.81872 1.28484 -0.17213 0.0270116 -0.299716 0.937983
1548265295.78435 0.370103 -1.81924 1.28123 -0.174524 0.0288467 -0.297411 0.93822
1548265295.81780 0.371204 -1.82013 1.27751 -0.1777 0.0319817 -0.299054 0.936999
1548265295.85130 0.372094 -1.82157 1.27427 -0.17804 0.032517 -0.300234 0.936538
1548265295.88480 0.373052 -1.82243 1.27115 -0.181756 0.0367143 -0.299282 0.935974
1548265295.91804 0.373418 -1.8234 1.26878 -0.181782 0.0350943 -0.297585 0.936572
1548265295.95143 0.373438 -1.82502 1.2667 -0.182906 0.0352342 -0.298806 0.935959
1548265295.98475 0.373454 -1.8271 1.26548 -0.184106 0.0369462 -0.300483 0.93512
1548265296.01794 0.373336 -1.8285 1.26408 -0.171804 0.0395859 -0.291152 0.940291
1548265296.05149 0.373151 -1.83178 1.26462 -0.180642 0.0338678 -0.301378 0.935624
1548265296.08426 0.373254 -1.83476 1.26502 -0.18012 0.0348765 -0.301716 0.935579
1548265296.11783 0.373606 -1.83795 1.2653 -0.178074 0.0354815 -0.299149 0.936771
1548265296.15126 0.373745 -1.84104 1.26573 -0.175896 0.0357382 -0.301422 0.936444
1548265296.18467 0.373818 -1.84417 1.26649 -0.174265 0.0366725 -0.30343 0.936065
1548265296.21798 0.373652 -1.84697 1.26734 -0.172424 0.0357406 -0.30465 0.936045
1548265296.25104 0.373123 -1.84994 1.26848 -0.17109 0.035454 -0.309829 0.9346
1548265296.28429 0.372338 -1.85262 1.26974 -0.169836 0.0346306 -0.314452 0.933315
1548265296.31784 0.371118 -1.8555 1.27188 -0.168072 0.0307662 -0.314488 0.933757
1548265296.35112 0.369885 -1.85824 1.27406 -0.170638 0.0327041 -0.318435 0.931887
1548265296.38457 0.368476 -1.86135 1.27673 -0.170948 0.0316471 -0.32528 0.929499
1548265296.41767 0.366735 -1.86488 1.27995 -0.166303 0.0259452 -0.329885 0.928895
1548265296.45118 0.364938 -1.86846 1.28295 -0.169858 0.0287077 -0.333543 0.926862
1548265296.48467 0.362724 -1.87291 1.28664 -0.169862 0.0295511 -0.344712 0.922739
1548265296.51770 0.360604 -1.87731 1.29083 -0.17016 0.0301219 -0.351214 0.92021
1548265296.55118 0.358353 -1.88133 1.29529 -0.171409 0.0294496 -0.355041 0.91853
1548265296.58464 0.356243 -1.88631 1.30018 -0.171249 0.0291129 -0.3624 0.915693
1548265296.61782 0.353959 -1.88961 1.30483 -0.174101 0.0280007 -0.364216 0.914468
1548265296.65133 0.351758 -1.8931 1.30972 -0.176649 0.0275943 -0.368489 0.912277
1548265296.68458 0.349799 -1.8964 1.31517 -0.17682 0.0269912 -0.37467 0.909741
1548265296.71809 0.348507 -1.89943 1.32105 -0.1819 0.0271657 -0.373482 0.909223
1548265296.75145 0.347318 -1.90202 1.32675 -0.181685 0.0239003 -0.376467 0.908126
1548265296.78483 0.346212 -1.90472 1.33244 -0.18283 0.0220993 -0.378574 0.907065
1548265296.81789 0.345182 -1.90745 1.338 -0.185384 0.0209105 -0.379796 0.906063
1548265296.85135 0.343936 -1.90999 1.34338 -0.1878 0.0182422 -0.37825 0.90627
1548265296.88456 0.342432 -1.91341 1.34879 -0.189863 0.0176642 -0.379363 0.905386
1548265296.91799 0.340378 -1.91748 1.35469 -0.188849 0.0158874 -0.380494 0.905156
1548265296.95136 0.337912 -1.92213 1.36095 -0.188974 0.0141968 -0.379562 0.90555
1548265296.98475 0.334733 -1.92746 1.36793 -0.186795 0.0139197 -0.381938 0.905007
1548265297.01798 0.331352 -1.93281 1.37506 -0.186012 0.0124815 -0.385287 0.903769
1548265297.05124 0.327299 -1.93829 1.38288 -0.183582 0.0101692 -0.384576 0.904597
1548265297.08455 0.323083 -1.9436 1.3909 -0.181882 0.00862392 -0.385755 0.904454
1548265297.11780 0.318836 -1.9488 1.39905 -0.179712 0.00637735 -0.386781 0.904469
1548265297.15124 0.314822 -1.95327 1.40738 -0.180822 0.00338314 -0.383484 0.905666
1548265297.18445 0.310462 -1.95745 1.41597 -0.179834 0.000786516 -0.382722 0.906191
1548265297.21798 0.306044 -1.96135 1.42446 -0.179932 -0.00355113 -0.379873 0.907364
1548265297.25123 0.301712 -1.96502 1.4328 -0.179417 -0.00653243 -0.376191 0.908982
1548265297.28460 0.297231 -1.96841 1.44081 -0.18214 -0.0107288 -0.374126 0.909252
1548265297.31788 0.29221 -1.97201 1.44827 -0.181736 -0.0147565 -0.375168 0.908847
1548265297.35105 0.287296 -1.9757 1.45592 -0.178587 -0.0179431 -0.372446 0.910532
1548265297.38441 0.281996 -1.98006 1.46256 -0.178137 -0.0207628 -0.371656 0.910883
1548265297.41783 0.276415 -1.98486 1.46785 -0.183319 -0.0229733 -0.373575 0.909015
1548265297.45136 0.271298 -1.98883 1.47391 -0.181085 -0.0249001 -0.374852 0.908886
1548265297.48490 0.266504 -1.99339 1.47898 -0.18071 -0.0260291 -0.370957 0.910526
1548265297.51794 0.26193 -1.99863 1.483 -0.179429 -0.0277161 -0.364315 0.913407
1548265297.55140 0.257286 -2.00454 1.48622 -0.177955 -0.0258023 -0.365322 0.913349
1548265297.58453 0.253073 -2.01086 1.48881 -0.178272 -0.0262615 -0.35102 0.918866
1548265297.62370 0.248796 -2.01659 1.48998 -0.175542 -0.0276371 -0.341074 0.923087
1548265297.65104 0.244671 -2.02246 1.49021 -0.172721 -0.0223245 -0.345132 0.922254
1548265297.68702 0.241131 -2.02745 1.4897 -0.172988 -0.0213662 -0.333165 0.926617
1548265297.71820 0.238108 -2.03207 1.48801 -0.17439 -0.0181822 -0.319625 0.931181
1548265297.75152 0.235226 -2.03671 1.48554 -0.174083 -0.0134212 -0.319996 0.931192
1548265297.78476 0.232851 -2.03956 1.48251 -0.171902 -0.0145895 -0.305104 0.936562
1548265297.81803 0.230576 -2.04298 1.4783 -0.175118 -0.00895345 -0.297824 0.938379
1548265297.85108 0.227913 -2.04626 1.47336 -0.175187 -0.00418045 -0.301066 0.937364
1548265297.88448 0.225827 -2.04956 1.46808 -0.17332 -0.00456612 -0.289294 0.941408
1548265297.91783 0.223158 -2.05211 1.46208 -0.174581 0.00147899 -0.285696 0.942283
1548265297.95080 0.220518 -2.05526 1.45581 -0.171754 0.00517303 -0.288855 0.941826
1548265297.98421 0.217567 -2.05822 1.44902 -0.169904 0.00563571 -0.279186 0.945069
1548265298.01773 0.214543 -2.06187 1.44267 -0.169963 0.00396294 -0.279544 0.944961
1548265298.05119 0.211479 -2.06462 1.43569 -0.165185 0.0118459 -0.277826 0.946249
1548265298.08441 0.208365 -2.06768 1.42904 -0.164308 0.0132428 -0.274978 0.947214
1548265298.11765 0.205237 -2.0703 1.42227 -0.161062 0.014646 -0.27624 0.947384
1548265298.15099 0.205237 -2.0703 1.42227 -0.161062 0.014646 -0.27624 0.947384
1548265298.18415 0.199365 -2.07541 1.4095 -0.151117 0.021391 -0.271247 0.950332
1548265298.21795 0.195733 -2.07865 1.40372 -0.153305 0.0204752 -0.276248 0.94856
1548265298.25147 0.192409 -2.08154 1.39767 -0.152269 0.0223646 -0.280443 0.947452
1548265298.28468 0.188734 -2.08382 1.39217 -0.148937 0.0209794 -0.279892 0.948176
1548265298.31805 0.185064 -2.0855 1.3866 -0.146237 0.0214767 -0.278515 0.94899
1548265298.35090 0.181612 -2.08685 1.38102 -0.148647 0.0227465 -0.281917 0.947581
1548265298.38465 0.177895 -2.08853 1.37601 -0.147365 0.0218225 -0.28203 0.947769
1548265298.41809 0.174492 -2.08921 1.37156 -0.145387 0.0213356 -0.281608 0.948211
1548265298.45120 0.171363 -2.08994 1.36699 -0.148517 0.0214147 -0.280697 0.947994
1548265298.48478 0.168212 -2.09079 1.36262 -0.14822 0.0213745 -0.279356 0.948438
1548265298.51801 0.165309 -2.09232 1.35814 -0.145284 0.0188165 -0.282076 0.948141
1548265298.55136 0.162848 -2.09332 1.35295 -0.146681 0.018447 -0.279941 0.948566
1548265298.58477 0.160446 -2.09558 1.34797 -0.143235 0.0190281 -0.281675 0.948568
1548265298.61794 0.158355 -2.09749 1.34236 -0.142802 0.0222041 -0.284607 0.947688
1548265298.65106 0.156643 -2.09827 1.33676 -0.144939 0.0237955 -0.282295 0.948017
1548265298.68447 0.155768 -2.09831 1.331 -0.145762 0.0247912 -0.282954 0.947669
1548265298.71777 0.155109 -2.09738 1.3254 -0.145285 0.0259992 -0.279098 0.948852
1548265298.75114 0.155234 -2.09616 1.31929 -0.147083 0.0283939 -0.279618 0.948353
1548265298.78456 0.155622 -2.0942 1.31357 -0.146058 0.0300196 -0.277684 0.94903
1548265298.81762 0.15688 -2.09197 1.3071 -0.153521 0.0352149 -0.276852 0.947916
1548265298.85111 0.158058 -2.08927 1.30182 -0.152086 0.0357161 -0.276132 0.948338
1548265298.88450 0.159486 -2.08652 1.29654 -0.151011 0.0389287 -0.27306 0.949273
1548265298.91770 0.161168 -2.08349 1.29088 -0.151913 0.0407325 -0.274713 0.948576
1548265298.95123 0.162857 -2.08019 1.28564 -0.151153 0.0431786 -0.270679 0.949748
1548265298.98427 0.164119 -2.07656 1.28017 -0.14937 0.0450394 -0.271355 0.949751
1548265299.01826 0.165322 -2.07246 1.27472 -0.147849 0.0458782 -0.27276 0.949546
1548265299.05155 0.166553 -2.06732 1.26906 -0.146662 0.0441044 -0.270478 0.950467
1548265299.08478 0.167693 -2.06157 1.26294 -0.143841 0.0483322 -0.27036 0.950726
1548265299.11803 0.168887 -2.05583 1.25757 -0.14453 0.0442658 -0.273071 0.950044
1548265299.15139 0.169659 -2.04946 1.2518 -0.142329 0.0420648 -0.267327 0.952108
1548265299.18451 0.170649 -2.04311 1.24571 -0.141231 0.0416108 -0.269551 0.951664
1548265299.21811 0.171452 -2.0367 1.23949 -0.136565 0.0399681 -0.27047 0.952155
1548265299.25131 0.172167 -2.02999 1.23312 -0.133352 0.0383991 -0.26613 0.953896
1548265299.28467 0.172944 -2.02341 1.22653 -0.129031 0.0378167 -0.267239 0.954203
1548265299.31797 0.173251 -2.017 1.22043 -0.124325 0.0378481 -0.26652 0.955028
1548265299.35163 0.173603 -2.01029 1.21471 -0.121622 0.0379442 -0.265347 0.955698
1548265299.38478 0.174302 -2.00334 1.2095 -0.11648 0.0378844 -0.266169 0.956113
1548265299.41815 0.175063 -1.9962 1.20524 -0.112041 0.0363078 -0.266197 0.956696
1548265299.45124 0.176305 -1.98855 1.20167 -0.10973 0.0364043 -0.261604 0.958226
1548265299.48447 0.177403 -1.98159 1.19878 -0.106776 0.0359597 -0.257591 0.959663
1548265299.51779 0.178397 -1.97444 1.19668 -0.103713 0.0374233 -0.257033 0.960092
1548265299.55140 0.179603 -1.96676 1.19541 -0.102353 0.0366743 -0.255468 0.960685
1548265299.58426 0.180677 -1.9592 1.19492 -0.102533 0.0363686 -0.250731 0.961924
1548265299.61757 0.181437 -1.95147 1.19529 -0.103011 0.0387189 -0.252804 0.961239
1548265299.65124 0.182178 -1.94352 1.19677 -0.101928 0.0371438 -0.250873 0.961922
1548265299.68455 0.182813 -1.93566 1.19926 -0.102759 0.0355134 -0.246043 0.963142
1548265299.71798 0.183066 -1.92811 1.20301 -0.10592 0.0351298 -0.247558 0.962425
1548265299.75133 0.182843 -1.92086 1.20787 -0.106479 0.0330971 -0.242984 0.9636
1548265299.78425 0.182234 -1.91441 1.21392 -0.109044 0.0329924 -0.240657 0.963901
1548265299.81805 0.181234 -1.90899 1.22137 -0.111637 0.0358694 -0.242131 0.963132
1548265299.85119 0.179588 -1.90339 1.22986 -0.112818 0.0320825 -0.234812 0.964938
1548265299.88484 0.177378 -1.89779 1.23925 -0.117016 0.0298775 -0.235964 0.964228
1548265299.91816 0.174363 -1.89309 1.24973 -0.118685 0.0287703 -0.241465 0.962695
1548265299.95152 0.170356 -1.88812 1.26077 -0.125752 0.024313 -0.235924 0.963294
1548265299.98511 0.16566 -1.88402 1.27242 -0.131322 0.0215948 -0.236956 0.962362
1548265300.01804 0.160364 -1.88138 1.28466 -0.133612 0.0209655 -0.243901 0.960323
1548265300.05129 0.154538 -1.87913 1.29726 -0.137653 0.0182633 -0.240833 0.960582
1548265300.08449 0.148373 -1.87839 1.30974 -0.138735 0.0173542 -0.244934 0.959406
1548265300.11762 0.142181 -1.87814 1.32207 -0.142727 0.0192872 -0.255039 0.956144
1548265300.15139 0.135492 -1.87835 1.33412 -0.146691 0.0166437 -0.254451 0.955751
1548265300.18549 0.128642 -1.87963 1.34634 -0.147214 0.0198534 -0.260113 0.954083
1548265300.21812 0.121757 -1.87995 1.35794 -0.151835 0.0209646 -0.264568 0.952108
1548265300.25118 0.113813 -1.88075 1.36965 -0.151121 0.0162393 -0.264961 0.952205
1548265300.28447 0.106039 -1.88239 1.38068 -0.153765 0.0167978 -0.274049 0.949195
1548265300.31797 0.0974559 -1.88428 1.39146 -0.152554 0.0133293 -0.280602 0.947529
1548265300.35112 0.0884383 -1.88655 1.4023 -0.148197 0.00605954 -0.280444 0.948342
1548265300.38440 0.079985 -1.88843 1.4121 -0.149562 0.00121334 -0.284912 0.946813
1548265300.41788 0.0706692 -1.89217 1.42147 -0.152591 0.00399609 -0.292163 0.944108
1548265300.45085 0.0629237 -1.89528 1.43043 -0.148245 -0.00681519 -0.284316 0.947176
1548265300.48457 0.0556016 -1.89878 1.43846 -0.149091 -0.00992691 -0.285685 0.946603
1548265300.51784 0.0487879 -1.90282 1.44524 -0.1501 -0.0117711 -0.288686 0.945511
1548265300.55124 0.0425628 -1.90666 1.45069 -0.148283 -0.0126001 -0.290094 0.945356
1548265300.58465 0.0385509 -1.91126 1.45522 -0.15128 -0.0151503 -0.289312 0.945084
1548265300.61795 0.0358573 -1.91728 1.45822 -0.153667 -0.0129633 -0.288982 0.944832
1548265300.65148 0.0342772 -1.92395 1.45959 -0.149373 -0.0121273 -0.289736 0.945301
1548265300.68460 0.0349427 -1.93082 1.45963 -0.152853 -0.00827566 -0.285685 0.946019
1548265300.71807 0.037516 -1.93823 1.45903 -0.149519 -0.00544802 -0.282425 0.94755
1548265300.75128 0.0409144 -1.94533 1.4569 -0.148897 -0.00181834 -0.278654 0.948777
1548265300.78477 0.0456797 -1.95233 1.45351 -0.15423 0.00583022 -0.269343 0.950597
1548265300.81809 0.0514318 -1.95962 1.44922 -0.153895 0.00950359 -0.264848 0.951883
1548265300.85146 0.0575778 -1.96764 1.44443 -0.153548 0.0150932 -0.261005 0.952928
1548265300.88484 0.0638286 -1.97499 1.43909 -0.154432 0.01888 -0.255552 0.954195
1548265300.91767 0.0706364 -1.9823 1.434 -0.151809 0.0214616 -0.250161 0.955988
1548265300.95154 0.0771081 -1.98926 1.42891 -0.15144 0.0230329 -0.241822 0.958153
1548265300.98475 0.0836528 -1.99449 1.42381 -0.152105 0.0272873 -0.239386 0.958548
1548265301.01820 0.0892248 -2.0005 1.41943 -0.146146 0.0266377 -0.232104 0.96128
1548265301.05124 0.0941722 -2.00602 1.41395 -0.14629 0.0264212 -0.230275 0.961704
1548265301.08446 0.0981079 -2.01082 1.40878 -0.144422 0.0253269 -0.224604 0.963356
1548265301.11776 0.101324 -2.01446 1.40286 -0.145382 0.0200461 -0.219775 0.964449
1548265301.15112 0.103673 -2.01768 1.39699 -0.144534 0.0174005 -0.217133 0.965226
1548265301.18465 0.105358 -2.02044 1.39079 -0.148226 0.0155083 -0.216929 0.964744
1548265301.21777 0.106858 -2.0225 1.38539 -0.147778 0.00932672 -0.214648 0.965402
1548265301.25088 0.108065 -2.02399 1.37957 -0.149886 0.00784059 -0.211305 0.965828
1548265301.28459 0.108804 -2.0258 1.37504 -0.144985 0.00269409 -0.217524 0.965223
1548265301.31791 0.110045 -2.02639 1.3702 -0.147951 0.00127734 -0.214163 0.965527
1548265301.35117 0.110869 -2.02792 1.366 -0.145117 -0.00190586 -0.215164 0.965734
1548265301.38459 0.11212 -2.02885 1.36186 -0.143465 -0.000510833 -0.216731 0.965632
1548265301.41789 0.113012 -2.02945 1.35839 -0.139171 -0.00373089 -0.214673 0.966713
1548265301.45147 0.114221 -2.02897 1.35527 -0.138708 -0.00308989 -0.214655 0.966785
1548265301.48461 0.115313 -2.02769 1.35314 -0.135891 -0.00356176 -0.213981 0.967333
1548265301.51818 0.116602 -2.02554 1.3515 -0.133628 -0.0047799 -0.210612 0.968382
1548265301.55145 0.117743 -2.023 1.34963 -0.134933 -0.00176034 -0.208621 0.968642
1548265301.58475 0.118329 -2.02089 1.34803 -0.134711 -0.00194451 -0.211189 0.968116
1548265301.61791 0.118817 -2.01809 1.34683 -0.132826 -0.00247175 -0.208229 0.969016
1548265301.65137 0.120019 -2.01486 1.34605 -0.128634 -0.00312862 -0.204606 0.970351
1548265301.68458 0.121045 -2.01134 1.3452 -0.125767 -0.00310362 -0.204895 0.970665
1548265301.71822 0.121621 -2.00766 1.34408 -0.124747 -0.00157488 -0.200362 0.971746
1548265301.75142 0.122302 -2.0035 1.34316 -0.127794 -0.000630859 -0.196337 0.972173
1548265301.78480 0.122944 -1.99957 1.34264 -0.12562 -0.00168504 -0.194724 0.972779
1548265301.81813 0.123309 -1.99558 1.34159 -0.125595 -0.00177159 -0.193222 0.973082
1548265301.85120 0.123687 -1.99199 1.34056 -0.123684 -0.00227706 -0.193181 0.973334
1548265301.88450 0.123765 -1.98813 1.33899 -0.127587 0.00106625 -0.189023 0.973648
1548265301.91780 0.123618 -1.98591 1.33818 -0.123634 -0.00192474 -0.190621 0.973845
1548265301.95072 0.123166 -1.98401 1.33728 -0.120509 -0.00104558 -0.189409 0.974475
1548265301.98450 0.122354 -1.98246 1.3368 -0.11657 -0.00131708 -0.188765 0.975078
1548265302.01803 0.121513 -1.98065 1.33611 -0.115979 -0.000460191 -0.187371 0.975418
1548265302.05125 0.120934 -1.97846 1.33529 -0.116834 0.000670141 -0.185847 0.975608
1548265302.08471 0.120524 -1.97632 1.33472 -0.120018 -0.000423647 -0.184575 0.975463
1548265302.11794 0.120428 -1.97446 1.33443 -0.119029 -0.00116498 -0.183334 0.975817
1548265302.15131 0.120661 -1.97281 1.33436 -0.118851 -0.00112705 -0.18272 0.975954
1548265302.18456 0.121212 -1.97125 1.33435 -0.118578 -0.00191404 -0.180392 0.976419
1548265302.21813 0.122229 -1.97016 1.33444 -0.116647 -0.00192648 -0.180024 0.976719
1548265302.25140 0.123426 -1.96912 1.33467 -0.113648 -0.00121328 -0.180197 0.977042
1548265302.28464 0.124813 -1.9673 1.33488 -0.114949 -0.000642634 -0.175176 0.977804
1548265302.31788 0.126476 -1.96512 1.33516 -0.118244 -0.000605028 -0.172309 0.97792
1548265302.35114 0.127977 -1.96302 1.33556 -0.119596 -0.00112455 -0.171194 0.977951
1548265302.38526 0.129321 -1.96103 1.33624 -0.117359 -0.00210309 -0.168196 0.97874
1548265302.41782 0.130791 -1.95888 1.33674 -0.118753 -0.00404573 -0.165512 0.979024
1548265302.45134 0.132486 -1.95639 1.33636 -0.125422 -0.00364366 -0.164974 0.978284
1548265302.48461 0.133856 -1.9551 1.33659 -0.12272 -0.00293998 -0.164197 0.97876
1548265302.51808 0.135329 -1.95339 1.33637 -0.125319 -0.0031326 -0.160449 0.979051
1548265302.55143 0.137132 -1.95204 1.33634 -0.127837 -0.00129452 -0.157602 0.979192
1548265302.58436 0.138666 -1.95112 1.33684 -0.123933 -0.0014945 -0.156035 0.979945
1548265302.61812 0.139872 -1.95009 1.33734 -0.121377 -0.00199309 -0.152235 0.980861
1548265302.65124 0.141404 -1.9484 1.33763 -0.125756 -0.00266833 -0.15161 0.980404
1548265302.68451 0.142602 -1.94697 1.33848 -0.122303 -0.002799 -0.149319 0.981192
1548265302.71787 0.143869 -1.9449 1.33865 -0.124391 -0.00221401 -0.144594 0.981639
1548265302.75121 0.144734 -1.94332 1.3391 -0.123077 -0.00207733 -0.145008 0.981744
1548265302.78461 0.145434 -1.94145 1.33924 -0.123547 -0.00258402 -0.146086 0.981524
1548265302.81780 0.145843 -1.93966 1.33937 -0.124308 -0.00359695 -0.144844 0.981608
1548265302.85129 0.146358 -1.93807 1.33935 -0.124754 -0.00299531 -0.145195 0.981502
1548265302.88447 0.146967 -1.93658 1.33924 -0.127349 -0.00245912 -0.145547 0.981118
1548265302.91784 0.147537 -1.93543 1.33948 -0.127184 -0.00269885 -0.14452 0.98129
1548265302.95129 0.148342 -1.93428 1.33992 -0.126252 -0.00267827 -0.14451 0.981412
1548265302.98472 0.149124 -1.93348 1.3409 -0.122351 -0.00242706 -0.14457 0.981898
1548265303.01818 0.150041 -1.93223 1.34192 -0.122422 -0.00223998 -0.142961 0.982125
1548265303.05087 0.150976 -1.93067 1.34313 -0.123983 -0.00292825 -0.140909 0.982224
1548265303.08485 0.151768 -1.92933 1.34487 -0.123758 -0.00404966 -0.142097 0.982077
1548265303.11827 0.152498 -1.92771 1.34693 -0.125774 -0.00498866 -0.141763 0.981865
