# ground truth trajectory
# timestamp tx ty tz qx qy qz qw
1548266633.52830 0.143035 -1.97059 1.37352 -0.00660049 -0.0133889 0.390277 0.920576
1548266633.56190 0.142167 -1.9705 1.3759 -0.0102267 -0.0125273 0.389231 0.920998
1548266633.59526 0.140768 -1.97034 1.37909 -0.00981931 -0.0143902 0.390637 0.92038
1548266633.62859 0.14019 -1.9702 1.38223 -0.0102025 -0.0161234 0.390958 0.920211
1548266633.66180 0.139578 -1.96985 1.3861 -0.0109045 -0.0157631 0.389693 0.920745
1548266633.69534 0.139362 -1.96975 1.38983 -0.0124485 -0.0180964 0.3903 0.920426
1548266633.72859 0.139131 -1.97009 1.39442 -0.0122003 -0.0215601 0.391234 0.919958
1548266633.76201 0.138694 -1.97029 1.39982 -0.00966136 -0.0206467 0.392007 0.91968
1548266633.79516 0.138306 -1.97049 1.4053 -0.0136285 -0.0247444 0.3896 0.920551
1548266633.82881 0.137882 -1.97134 1.41182 -0.011307 -0.0284612 0.39033 0.920165
1548266633.86199 0.137632 -1.97202 1.41864 -0.0133964 -0.0325558 0.388911 0.920602
1548266633.89540 0.137136 -1.97305 1.4263 -0.0102143 -0.0374453 0.391446 0.919382
1548266633.92868 0.136566 -1.97384 1.43446 -0.0107006 -0.0406514 0.390866 0.919487
1548266633.96177 0.136794 -1.97475 1.44263 -0.0138011 -0.0402778 0.382947 0.922789
1548266633.99511 0.136828 -1.97552 1.45148 -0.0166519 -0.0434959 0.376134 0.925394
1548266634.02836 0.136369 -1.97613 1.46044 -0.0167202 -0.0456976 0.379748 0.923809
1548266634.06188 0.136267 -1.97702 1.46965 -0.0189343 -0.045252 0.371755 0.927034
1548266634.09515 0.136992 -1.9776 1.47854 -0.0217613 -0.0439794 0.367441 0.928752
1548266634.12808 0.136794 -1.97784 1.48792 -0.0218562 -0.0470194 0.372215 0.926697
1548266634.16180 0.137124 -1.97846 1.49712 -0.0219291 -0.0435454 0.369223 0.928061
1548266634.19505 0.137722 -1.97827 1.50589 -0.0280266 -0.0434608 0.364078 0.929932
1548266634.22853 0.137651 -1.97773 1.51534 -0.0287965 -0.0424707 0.365844 0.92926
1548266634.26188 0.137224 -1.97729 1.52509 -0.0294408 -0.0386572 0.361561 0.931081
1548266634.29505 0.13726 -1.97684 1.53413 -0.0326589 -0.0358481 0.358883 0.932122
1548266634.32838 0.136198 -1.9761 1.54359 -0.0340125 -0.034621 0.355581 0.933385
1548266634.36178 0.135564 -1.97579 1.55191 -0.0398199 -0.0360704 0.351933 0.934482
1548266634.39545 0.13448 -1.97561 1.56089 -0.0399296 -0.0343308 0.348328 0.935892
1548266634.42853 0.133411 -1.97606 1.56939 -0.0405045 -0.0369465 0.347557 0.936055
1548266634.46203 0.132499 -1.97632 1.57775 -0.039487 -0.0367063 0.345766 0.936771
1548266634.49532 0.132062 -1.97705 1.58595 -0.03836 -0.0364515 0.345834 0.936802
1548266634.52868 0.131054 -1.97892 1.59491 -0.0333697 -0.0387561 0.348505 0.935911
1548266634.56195 0.13021 -1.97908 1.60357 -0.0353544 -0.0364346 0.342533 0.938133
1548266634.59518 0.129753 -1.9808 1.61213 -0.0346954 -0.0354357 0.337556 0.939998
1548266634.62875 0.1286 -1.98262 1.62092 -0.0351653 -0.037815 0.334234 0.941074
1548266634.66195 0.12677 -1.98441 1.63 -0.0323385 -0.0366049 0.332024 0.942005
1548266634.69527 0.124853 -1.98641 1.63887 -0.0320632 -0.0385732 0.325988 0.944042
1548266634.72864 0.121462 -1.98828 1.64845 -0.0310781 -0.0408505 0.322216 0.945274
1548266634.76177 0.118117 -1.98991 1.65773 -0.0313036 -0.0429861 0.317521 0.946759
1548266634.79510 0.114316 -1.99136 1.66686 -0.0348941 -0.0457707 0.310169 0.948938
1548266634.82842 0.109019 -1.99206 1.67641 -0.0376069 -0.0489685 0.306403 0.949897
1548266634.86184 0.104103 -1.99279 1.68588 -0.042299 -0.0517409 0.300526 0.95143
1548266634.89516 0.0991531 -1.99234 1.69501 -0.0471548 -0.0552285 0.296127 0.952384
1548266634.92809 0.0961295 -1.9923 1.70369 -0.0518069 -0.0562627 0.291455 0.953522
1548266634.96131 0.094322 -1.99243 1.71161 -0.053858 -0.0548858 0.292569 0.953148
1548266634.99518 0.0926763 -1.99219 1.71876 -0.0588533 -0.0566262 0.289769 0.953606
1548266635.02837 0.0925735 -1.99347 1.72546 -0.0560803 -0.0532001 0.290905 0.953624
1548266635.06170 0.0915849 -1.99406 1.73142 -0.0596574 -0.0542598 0.287137 0.954489
1548266635.09499 0.0902647 -1.99549 1.73665 -0.0621999 -0.0593505 0.287466 0.953925
1548266635.12846 0.0884125 -1.99722 1.7423 -0.0639062 -0.0589188 0.282545 0.955308
1548266635.16185 0.0868013 -1.99988 1.74815 -0.0625194 -0.059669 0.275396 0.957438
1548266635.19519 0.0851416 -2.00188 1.75359 -0.0660659 -0.0613174 0.271633 0.958171
1548266635.22869 0.0839166 -2.00442 1.75831 -0.0714413 -0.0647638 0.270456 0.957891
1548266635.26205 0.0821625 -2.00796 1.76348 -0.0707251 -0.0633328 0.263299 0.960032
1548266635.29537 0.0815944 -2.01152 1.76789 -0.0718503 -0.0652622 0.258393 0.961151
1548266635.32861 0.0807617 -2.01499 1.77262 -0.0746362 -0.0668097 0.255827 0.961519
1548266635.36170 0.0800269 -2.01903 1.77741 -0.0765381 -0.0678713 0.248788 0.963141
1548266635.39512 0.0791333 -2.02404 1.78214 -0.0765278 -0.067915 0.238557 0.965723
1548266635.42834 0.0795744 -2.02862 1.78575 -0.0837403 -0.0736126 0.230729 0.966609
1548266635.46184 0.0808684 -2.03515 1.79056 -0.0783772 -0.0675001 0.231813 0.967245
1548266635.49534 0.0824193 -2.0422 1.79378 -0.0827277 -0.0680171 0.224518 0.968567
1548266635.52856 0.0836675 -2.05027 1.79691 -0.0817031 -0.0659657 0.217341 0.970431
1548266635.56170 0.0858005 -2.05859 1.79849 -0.0843392 -0.068833 0.21473 0.970587
1548266635.59490 0.0884459 -2.06839 1.80016 -0.0812756 -0.0666866 0.208437 0.972369
1548266635.62813 0.0919819 -2.07842 1.79982 -0.0831267 -0.0711533 0.204222 0.97279
1548266635.66164 0.0963694 -2.08958 1.79962 -0.0763368 -0.0657438 0.202827 0.974018
1548266635.69498 0.100581 -2.10045 1.79792 -0.078649 -0.0629244 0.199451 0.974717
1548266635.72835 0.104963 -2.11253 1.79626 -0.0751212 -0.0628977 0.194015 0.976094
1548266635.76157 0.109367 -2.12352 1.79424 -0.0764606 -0.062598 0.192164 0.976375
1548266635.79513 0.1146 -2.13565 1.79272 -0.0715837 -0.0600849 0.187083 0.977888
1548266635.82842 0.118309 -2.14746 1.79103 -0.0731613 -0.0599258 0.183494 0.978461
1548266635.86173 0.121722 -2.1595 1.78963 -0.0730027 -0.0613503 0.182394 0.97859
1548266635.89533 0.126004 -2.1716 1.78842 -0.0705109 -0.0623827 0.180066 0.979139
1548266635.92851 0.129882 -2.18339 1.78727 -0.0719935 -0.0625673 0.181003 0.978847
1548266635.96143 0.133937 -2.19535 1.7865 -0.0707255 -0.0647652 0.177482 0.97944
1548266635.99507 0.138975 -2.20663 1.78515 -0.072035 -0.063606 0.17731 0.979452
1548266636.02844 0.145093 -2.2183 1.78323 -0.0706058 -0.062281 0.177511 0.979605
1548266636.06180 0.151207 -2.23025 1.78069 -0.0686832 -0.0601524 0.17592 0.980161
1548266636.09523 0.157677 -2.24242 1.77734 -0.0664998 -0.0586146 0.173549 0.980828
1548266636.12823 0.163009 -2.25501 1.77398 -0.0630036 -0.0548922 0.173117 0.98135
1548266636.16176 0.167486 -2.26802 1.76995 -0.0589117 -0.0529802 0.170815 0.982112
1548266636.19503 0.17135 -2.28084 1.76531 -0.0573813 -0.0531639 0.168484 0.982596
1548266636.22840 0.174699 -2.29446 1.76101 -0.0498411 -0.0497385 0.165063 0.983766
1548266636.26191 0.177249 -2.30748 1.75589 -0.0445325 -0.0482524 0.16212 0.984584
1548266636.29523 0.179164 -2.32026 1.75008 -0.0412456 -0.0485044 0.159161 0.985197
1548266636.32860 0.180695 -2.33315 1.74447 -0.0352612 -0.0442049 0.154939 0.986305
1548266636.36173 0.182124 -2.3456 1.73852 -0.0276291 -0.0447483 0.151539 0.987051
1548266636.39509 0.183031 -2.35765 1.73225 -0.0221808 -0.0434558 0.14846 0.987714
1548266636.42843 0.183482 -2.36874 1.72603 -0.0159633 -0.041427 0.144073 0.988571
1548266636.46160 0.183639 -2.37887 1.71984 -0.0110175 -0.040593 0.142974 0.988832
1548266636.49505 0.183303 -2.38804 1.71339 -0.0075771 -0.0392818 0.140423 0.989283
1548266636.52842 0.182553 -2.39624 1.70692 -0.00426063 -0.0363123 0.136494 0.989966
1548266636.56133 0.181264 -2.40354 1.70044 -0.00192488 -0.0334953 0.134202 0.990386
1548266636.59511 0.179244 -2.41021 1.69441 -0.000127344 -0.0345118 0.132003 0.990648
1548266636.62840 0.176409 -2.4164 1.68881 -0.00111979 -0.0316815 0.128801 0.991164
1548266636.66180 0.173065 -2.42237 1.68333 -0.000244266 -0.0313461 0.123656 0.99183
1548266636.69501 0.169313 -2.42753 1.67766 -0.00133078 -0.0294659 0.120483 0.992277
1548266636.72824 0.164849 -2.43205 1.67199 -0.00287071 -0.0323382 0.116325 0.99268
1548266636.76177 0.160132 -2.4361 1.66615 -0.003442 -0.0302408 0.113719 0.993047
1548266636.79536 0.156125 -2.44044 1.65948 -0.00527998 -0.029563 0.107897 0.993708
1548266636.82850 0.152262 -2.44472 1.65228 -0.00560474 -0.0271614 0.106918 0.993881
1548266636.86171 0.148241 -2.44926 1.64464 -0.00608268 -0.0248479 0.10344 0.994307
1548266636.89533 0.144098 -2.45412 1.6367 -0.00355658 -0.0247337 0.100312 0.994642
1548266636.92856 0.139208 -2.45811 1.62803 -0.00629948 -0.0250141 0.0979591 0.994856
1548266636.96192 0.134146 -2.46218 1.61928 -0.0051954 -0.0234146 0.0923792 0.995435
1548266636.99512 0.128053 -2.46539 1.61055 -0.00386617 -0.0257515 0.0952756 0.99511
1548266637.02820 0.121801 -2.46827 1.60147 -0.00669963 -0.0293972 0.0909276 0.995401
1548266637.06163 0.116381 -2.47156 1.59273 -0.00602497 -0.0276191 0.0878972 0.995728
1548266637.09538 0.110842 -2.47443 1.58383 -0.0056437 -0.0320474 0.0885198 0.995543
1548266637.12845 0.105509 -2.47695 1.57484 -0.00791862 -0.0307371 0.085442 0.995838
1548266637.16133 0.100527 -2.47942 1.5657 -0.00838794 -0.0309137 0.0840629 0.995946
1548266637.19493 0.0960568 -2.48162 1.55631 -0.00633902 -0.0324919 0.0852458 0.99581
1548266637.22849 0.0922404 -2.48382 1.54676 -0.00607086 -0.0318568 0.0846021 0.995887
1548266637.26166 0.0889727 -2.48591 1.53728 -0.00537945 -0.0294528 0.0824911 0.996142
1548266637.29503 0.0856779 -2.48755 1.52807 -0.00337318 -0.0278758 0.0844039 0.996036
1548266637.32829 0.0819484 -2.48848 1.51912 -0.00203197 -0.0297312 0.088676 0.995615
1548266637.36149 0.0782333 -2.48891 1.51073 -0.00303879 -0.0271914 0.0828105 0.99619
1548266637.39493 0.0743273 -2.48874 1.50268 -0.00378087 -0.0261849 0.0819482 0.996285
1548266637.42827 0.0705125 -2.48806 1.49516 -0.00334745 -0.0258393 0.081745 0.996313
1548266637.46185 0.0666684 -2.48689 1.48822 -0.00427134 -0.025718 0.0788138 0.996548
1548266637.49508 0.0627946 -2.48513 1.48195 -0.00688574 -0.0255187 0.0762054 0.996742
1548266637.52834 0.0594175 -2.48335 1.47648 -0.00852579 -0.025003 0.0730338 0.99698
1548266637.56171 0.0559244 -2.48112 1.47226 -0.00906959 -0.0238324 0.0723173 0.997056
1548266637.59523 0.051819 -2.47825 1.46949 -0.0118992 -0.0230957 0.0692797 0.997259
1548266637.62832 0.0468653 -2.47481 1.4683 -0.0155208 -0.0230596 0.0612454 0.997736
1548266637.66195 0.0408305 -2.47062 1.46938 -0.0201795 -0.0240169 0.0564766 0.997911
1548266637.69527 0.0340966 -2.46558 1.4724 -0.0268217 -0.0280827 0.0505877 0.997964
1548266637.72848 0.0277534 -2.46006 1.47708 -0.0349313 -0.0298193 0.0431636 0.998012
1548266637.76189 0.0223028 -2.45458 1.4831 -0.0421021 -0.0342057 0.0398113 0.997734
1548266637.79538 0.0180523 -2.44899 1.49006 -0.0478892 -0.0364499 0.0402679 0.997375
1548266637.82843 0.0148975 -2.44341 1.49752 -0.0549262 -0.0379782 0.0383789 0.99703
1548266637.86192 0.0133335 -2.43834 1.50538 -0.0597525 -0.037919 0.0379952 0.996769
1548266637.89515 0.0121949 -2.43317 1.51331 -0.0646452 -0.0401611 0.0407483 0.996267
1548266637.92814 0.0115936 -2.42823 1.52114 -0.069667 -0.0394828 0.0397171 0.995997
1548266637.96189 0.0105619 -2.42312 1.52885 -0.0744238 -0.0415809 0.0408314 0.995522
1548266637.99505 0.00958236 -2.41812 1.53644 -0.0785712 -0.0445268 0.0425448 0.995005
1548266638.02837 0.00849383 -2.41344 1.54413 -0.0827719 -0.0463038 0.0418465 0.994612
1548266638.06171 0.00695222 -2.40892 1.55199 -0.0882356 -0.0486418 0.0425878 0.993999
1548266638.09509 0.00535444 -2.40489 1.56019 -0.0924541 -0.0528423 0.0429013 0.993388
1548266638.12827 0.00353702 -2.40119 1.5685 -0.0967368 -0.0565937 0.0429278 0.992772
1548266638.16160 0.00218572 -2.39816 1.57689 -0.100204 -0.0584118 0.0415322 0.992382
1548266638.19494 0.00115362 -2.39566 1.58566 -0.10161 -0.0615976 0.0419807 0.992028
1548266638.22821 0.000202758 -2.39318 1.59452 -0.103427 -0.0624578 0.0418645 0.991791
1548266638.26148 -0.000749868 -2.39061 1.60317 -0.105908 -0.0653748 0.0388303 0.991465
1548266638.29497 -0.00140457 -2.38826 1.61209 -0.106549 -0.065796 0.0380185 0.991399
1548266638.32828 -0.0024758 -2.3853 1.62092 -0.107418 -0.068181 0.0353133 0.991245
1548266638.36133 -0.00383242 -2.38174 1.62939 -0.112018 -0.0693646 0.0332661 0.990724
1548266638.39516 -0.00525478 -2.37808 1.638 -0.114549 -0.0699807 0.0335687 0.990381
1548266638.42839 -0.00690468 -2.374 1.64678 -0.117241 -0.0706748 0.0321457 0.990064
1548266638.46184 -0.00854837 -2.36965 1.65556 -0.121313 -0.0722964 0.0299637 0.989524
1548266638.49491 -0.00989906 -2.36531 1.66462 -0.124492 -0.0737808 0.0281153 0.989074
1548266638.52831 -0.011076 -2.36081 1.67381 -0.126448 -0.0724431 0.0259175 0.988985
1548266638.56177 -0.012642 -2.35581 1.68286 -0.130294 -0.0732601 0.0249613 0.98845
1548266638.59498 -0.014068 -2.35104 1.69206 -0.130738 -0.0721936 0.0246365 0.988478
1548266638.62831 -0.0159936 -2.34599 1.70098 -0.13203 -0.0752169 0.0232692 0.988114
1548266638.66169 -0.0181303 -2.34076 1.70989 -0.131866 -0.075563 0.0242135 0.988087
1548266638.69506 -0.0204214 -2.3355 1.71865 -0.134276 -0.0757069 0.0227918 0.987785
1548266638.72844 -0.0230816 -2.3303 1.72734 -0.135031 -0.0757072 0.0202448 0.987737
1548266638.76167 -0.026233 -2.32504 1.73598 -0.135495 -0.0762075 0.023071 0.987573
1548266638.79498 -0.0296115 -2.31988 1.74434 -0.136778 -0.0781399 0.0231839 0.987243
1548266638.82823 -0.033211 -2.31524 1.75235 -0.136285 -0.0809174 0.0198675 0.98716
1548266638.86153 -0.0370709 -2.31106 1.76075 -0.134996 -0.0790935 0.0218029 0.987444
1548266638.89478 -0.0418836 -2.3065 1.76893 -0.133517 -0.081926 0.0248253 0.987342
1548266638.92815 -0.0462899 -2.3019 1.77676 -0.134851 -0.0823172 0.0209053 0.987219
1548266638.96166 -0.0513401 -2.29719 1.78472 -0.1343 -0.083341 0.0193079 0.987241
1548266638.99471 -0.0566411 -2.29158 1.79241 -0.137027 -0.0845704 0.020513 0.986737
1548266639.02819 -0.0623132 -2.28563 1.79997 -0.139408 -0.0853517 0.0170605 0.986402
1548266639.06174 -0.0684672 -2.27871 1.80711 -0.143181 -0.0890267 0.0104364 0.985629
1548266639.09488 -0.0743501 -2.27169 1.81379 -0.146834 -0.0892516 0.00972921 0.985078
1548266639.12802 -0.0806348 -2.26442 1.82025 -0.14893 -0.0844389 0.00840608 0.9852
1548266639.16146 -0.0874366 -2.25608 1.82529 -0.153651 -0.0876903 -0.00104095 0.984226
1548266639.19508 -0.09431 -2.24777 1.82944 -0.159978 -0.0899487 -0.00300339 0.983009
1548266639.22849 -0.100681 -2.24059 1.83305 -0.161742 -0.0903469 -0.00648391 0.982667
1548266639.26171 -0.107273 -2.23416 1.83574 -0.164398 -0.0896816 -0.0119144 0.982237
1548266639.29512 -0.112993 -2.22868 1.83798 -0.164915 -0.0875293 -0.0174804 0.982261
1548266639.32845 -0.119018 -2.22359 1.83963 -0.166539 -0.0846489 -0.0241841 0.982097
1548266639.36178 -0.125759 -2.21886 1.84049 -0.168901 -0.0847152 -0.0285858 0.981569
1548266639.39491 -0.132576 -2.21548 1.84148 -0.165559 -0.0840269 -0.0354614 0.981974
1548266639.42851 -0.138722 -2.21179 1.84214 -0.164656 -0.0811429 -0.0398899 0.982198
1548266639.46134 -0.145353 -2.20785 1.8427 -0.164781 -0.079895 -0.0439101 0.982108
1548266639.49501 -0.152273 -2.20362 1.84278 -0.162686 -0.0784645 -0.0487563 0.982344
1548266639.52837 -0.159272 -2.1994 1.8423 -0.160957 -0.0771953 -0.0541152 0.982449
1548266639.56156 -0.16614 -2.19465 1.84124 -0.15964 -0.0762758 -0.0586824 0.982473
1548266639.59488 -0.172621 -2.18951 1.83982 -0.161665 -0.0734553 -0.0606545 0.982237
1548266639.62817 -0.179356 -2.1843 1.83803 -0.157433 -0.0727003 -0.0661262 0.982628
1548266639.66165 -0.185441 -2.17867 1.83551 -0.15951 -0.0700876 -0.072693 0.982018
1548266639.69498 -0.191819 -2.1729 1.83298 -0.160242 -0.0691258 -0.0755857 0.981749
1548266639.72829 -0.197761 -2.16694 1.83002 -0.163477 -0.0658525 -0.0838109 0.980772
1548266639.76163 -0.203649 -2.16146 1.82703 -0.163149 -0.064562 -0.0870086 0.980634
1548266639.79476 -0.209246 -2.15624 1.8238 -0.162148 -0.0627464 -0.0906864 0.980585
1548266639.82811 -0.214296 -2.15128 1.82019 -0.162876 -0.0604838 -0.0916613 0.980516
1548266639.86140 -0.219751 -2.14706 1.81677 -0.155058 -0.0600895 -0.0951994 0.98147
1548266639.89483 -0.224764 -2.14218 1.81258 -0.156281 -0.057666 -0.0991481 0.98103
1548266639.92806 -0.229992 -2.13801 1.80799 -0.156458 -0.055133 -0.104239 0.98062
1548266639.96174 -0.23528 -2.1338 1.80298 -0.154809 -0.05372 -0.110272 0.9803
1548266639.99514 -0.24073 -2.12934 1.79742 -0.153917 -0.0530695 -0.11235 0.98024
1548266640.02844 -0.245965 -2.12561 1.79151 -0.152265 -0.050242 -0.121147 0.979599
1548266640.06190 -0.251182 -2.12233 1.7857 -0.145912 -0.048248 -0.124842 0.980202
1548266640.09493 -0.255464 -2.11823 1.77945 -0.147698 -0.04458 -0.131057 0.979297
1548266640.12850 -0.260231 -2.11491 1.77366 -0.140965 -0.0416564 -0.134983 0.979884
1548266640.16187 -0.264822 -2.11053 1.76747 -0.141899 -0.0378004 -0.141908 0.978927
1548266640.19505 -0.270087 -2.10635 1.76189 -0.136162 -0.0356777 -0.145928 0.97923
1548266640.22823 -0.275217 -2.10136 1.7561 -0.138716 -0.0318847 -0.152527 0.977996
1548266640.26172 -0.280889 -2.09661 1.75115 -0.134428 -0.0283314 -0.157504 0.977916
1548266640.29516 -0.286433 -2.09044 1.74633 -0.136825 -0.0268067 -0.161001 0.977056
1548266640.32837 -0.292706 -2.08418 1.74236 -0.136248 -0.0247845 -0.163597 0.976759
1548266640.36158 -0.299199 -2.07742 1.73872 -0.136939 -0.0236059 -0.166809 0.976148
1548266640.39483 -0.305846 -2.07004 1.73551 -0.138127 -0.0232423 -0.171884 0.975109
1548266640.42814 -0.312782 -2.06244 1.73245 -0.139021 -0.0209712 -0.177071 0.974104
1548266640.46164 -0.31976 -2.05387 1.72919 -0.140861 -0.0198336 -0.182389 0.972882
1548266640.49493 -0.326743 -2.04478 1.72612 -0.141148 -0.0196571 -0.187266 0.971917
1548266640.52824 -0.334437 -2.03558 1.72268 -0.142051 -0.0204538 -0.189816 0.971274
1548266640.56161 -0.342322 -2.02558 1.71877 -0.147447 -0.0191704 -0.196625 0.969139
1548266640.59459 -0.350387 -2.01601 1.71495 -0.148675 -0.0180017 -0.199145 0.968459
1548266640.62807 -0.359099 -2.00679 1.71067 -0.148763 -0.0191965 -0.202685 0.967688
1548266640.66155 -0.368113 -1.9981 1.70578 -0.149374 -0.0180414 -0.205802 0.966958
1548266640.69491 -0.37782 -1.9895 1.70032 -0.149276 -0.0192132 -0.208714 0.966326
1548266640.72816 -0.388137 -1.98103 1.69412 -0.148032 -0.020205 -0.212146 0.96575
1548266640.76158 -0.398548 -1.97273 1.68751 -0.148047 -0.0188897 -0.218941 0.964256
1548266640.79513 -0.409304 -1.96456 1.68059 -0.143304 -0.0178735 -0.22779 0.962942
1548266640.82835 -0.420017 -1.95556 1.67375 -0.141065 -0.0172383 -0.230841 0.962557
1548266640.86167 -0.430322 -1.94517 1.66705 -0.143154 -0.0140018 -0.23356 0.961645
1548266640.89488 -0.441297 -1.93414 1.66165 -0.1417 -0.0142781 -0.237935 0.960783
1548266640.92836 -0.450995 -1.92369 1.65701 -0.142317 -0.0121213 -0.242804 0.959503
1548266640.96163 -0.459891 -1.91327 1.65321 -0.142574 -0.00821139 -0.244477 0.959081
1548266640.99507 -0.468607 -1.90325 1.65068 -0.136856 -0.00549946 -0.249443 0.958654
1548266641.02830 -0.47663 -1.893 1.64879 -0.137777 -0.00403374 -0.250673 0.958209
1548266641.06176 -0.484115 -1.8832 1.64792 -0.135827 0.000748601 -0.253101 0.957857
1548266641.09519 -0.491243 -1.87289 1.64779 -0.140201 0.00664343 -0.25952 0.955484
1548266641.12815 -0.499037 -1.86235 1.64923 -0.136553 0.00865584 -0.261383 0.955488
1548266641.16156 -0.506073 -1.85065 1.65118 -0.140478 0.0108605 -0.262943 0.954468
1548266641.19466 -0.512834 -1.8393 1.65443 -0.142244 0.0126254 -0.264075 0.953872
1548266641.22833 -0.519037 -1.82876 1.65887 -0.142944 0.0153052 -0.269093 0.952325
1548266641.26158 -0.525499 -1.81874 1.66506 -0.13827 0.0144178 -0.269329 0.952962
1548266641.29486 -0.532054 -1.80783 1.67191 -0.139138 0.0126071 -0.270839 0.952433
1548266641.32800 -0.538331 -1.79698 1.67928 -0.142855 0.0132281 -0.27425 0.950897
1548266641.36134 -0.54437 -1.78764 1.6873 -0.141665 0.0142811 -0.277231 0.950195
1548266641.39462 -0.550341 -1.77757 1.69498 -0.141537 0.0079963 -0.274994 0.950937
1548266641.42822 -0.555384 -1.76764 1.70279 -0.143993 0.00523316 -0.2734 0.951047
1548266641.46164 -0.55917 -1.75803 1.71071 -0.145466 0.00412991 -0.27253 0.951078
1548266641.49488 -0.562404 -1.7488 1.71887 -0.144769 0.00437399 -0.264714 0.953388
1548266641.52813 -0.565024 -1.74017 1.72737 -0.146543 0.00368338 -0.264887 0.953072
1548266641.56160 -0.567676 -1.73169 1.73618 -0.151557 -0.00143548 -0.257329 0.954364
1548266641.59491 -0.569921 -1.72424 1.74519 -0.147895 -0.00289946 -0.251905 0.95638
1548266641.62828 -0.571792 -1.71687 1.75412 -0.148431 -0.00438327 -0.24789 0.95734
1548266641.66170 -0.574878 -1.70901 1.76294 -0.149852 -0.0139854 -0.234991 0.960275
1548266641.69468 -0.578005 -1.70147 1.77217 -0.146936 -0.0178159 -0.23588 0.960444
1548266641.72824 -0.581019 -1.69375 1.781 -0.148085 -0.0210511 -0.234103 0.960637
1548266641.76164 -0.584761 -1.68599 1.78945 -0.147721 -0.0256804 -0.230359 0.961485
1548266641.79485 -0.588448 -1.67798 1.79737 -0.147665 -0.0293328 -0.229583 0.961575
1548266641.82840 -0.592956 -1.66987 1.80516 -0.14633 -0.035727 -0.224473 0.962768
1548266641.86172 -0.596728 -1.66182 1.81251 -0.147139 -0.0394792 -0.22352 0.96272
1548266641.89499 -0.600617 -1.65426 1.81976 -0.14626 -0.0399366 -0.224544 0.962597
1548266641.92832 -0.604809 -1.64705 1.82705 -0.145967 -0.0411623 -0.225506 0.962365
1548266641.96149 -0.608699 -1.63914 1.83408 -0.147845 -0.0426837 -0.229176 0.961144
1548266641.99501 -0.613468 -1.63176 1.84108 -0.144934 -0.0476926 -0.228126 0.961602
1548266642.02806 -0.617765 -1.6244 1.84825 -0.142877 -0.0502909 -0.231743 0.960912
1548266642.06162 -0.622291 -1.6176 1.85541 -0.140887 -0.0508813 -0.237572 0.959751
1548266642.09464 -0.625851 -1.61129 1.86237 -0.144591 -0.0491328 -0.235586 0.95978
1548266642.12820 -0.629125 -1.60466 1.86945 -0.142577 -0.0527938 -0.237648 0.959379
1548266642.16158 -0.631944 -1.59793 1.87684 -0.142111 -0.0521748 -0.237599 0.959494
1548266642.19478 -0.634229 -1.59118 1.88399 -0.141296 -0.0550375 -0.234416 0.960237
1548266642.22799 -0.63616 -1.58442 1.89121 -0.143082 -0.0571857 -0.231172 0.960634
1548266642.26121 -0.638077 -1.57876 1.8985 -0.147513 -0.0528705 -0.228546 0.960839
1548266642.29477 -0.640579 -1.57324 1.90581 -0.145501 -0.056608 -0.22162 0.962554
1548266642.32822 -0.642301 -1.5668 1.91344 -0.145597 -0.0611981 -0.215796 0.963581
1548266642.36151 -0.643742 -1.56092 1.92061 -0.148135 -0.0622573 -0.211847 0.964003
1548266642.39507 -0.645277 -1.55576 1.92762 -0.149584 -0.0643945 -0.206152 0.964873
1548266642.42839 -0.64705 -1.55136 1.93414 -0.151265 -0.0636427 -0.204054 0.965106
1548266642.46125 -0.647713 -1.54697 1.9409 -0.153083 -0.0671828 -0.199016 0.965632
1548266642.49509 -0.647814 -1.54355 1.9474 -0.153337 -0.0678681 -0.193021 0.96676
1548266642.52833 -0.647957 -1.54094 1.95361 -0.153962 -0.069049 -0.188459 0.967477
1548266642.56178 -0.648274 -1.53931 1.95971 -0.153336 -0.0699103 -0.187041 0.96779
1548266642.59480 -0.648731 -1.53913 1.96525 -0.154738 -0.0661539 -0.187649 0.967713
1548266642.62838 -0.649395 -1.53887 1.97086 -0.152983 -0.0716399 -0.178991 0.96924
1548266642.66148 -0.651086 -1.53902 1.97591 -0.153057 -0.0747973 -0.175064 0.969707
1548266642.69508 -0.652843 -1.5402 1.98101 -0.14918 -0.0764339 -0.173814 0.970408
1548266642.72826 -0.654947 -1.54072 1.98577 -0.149344 -0.0819996 -0.166728 0.971172
1548266642.76147 -0.65726 -1.54109 1.99046 -0.147313 -0.0864607 -0.160832 0.972089
1548266642.79483 -0.658799 -1.54184 1.99475 -0.150182 -0.0846355 -0.161079 0.971769
1548266642.82820 -0.660719 -1.54234 1.99903 -0.146699 -0.0910538 -0.157098 0.972373
1548266642.86151 -0.661166 -1.54386 2.0029 -0.150051 -0.0922019 -0.152181 0.972535
1548266642.89491 -0.660955 -1.54656 2.00601 -0.146909 -0.0920585 -0.156971 0.972267
1548266642.92804 -0.65999 -1.55065 2.0086 -0.146385 -0.0937828 -0.156421 0.97227
1548266642.96120 -0.658022 -1.55518 2.01051 -0.146674 -0.0920327 -0.154742 0.972662
1548266642.99502 -0.655065 -1.56065 2.01191 -0.146952 -0.0901205 -0.153802 0.972948
1548266643.02794 -0.651694 -1.56581 2.01194 -0.147463 -0.0897186 -0.149907 0.973516
1548266643.06145 -0.647973 -1.57193 2.01215 -0.144046 -0.0904754 -0.151106 0.973772
1548266643.09475 -0.643251 -1.57878 2.0119 -0.140555 -0.088794 -0.148908 0.974775
1548266643.12804 -0.639185 -1.58606 2.01119 -0.141758 -0.0851631 -0.143794 0.975692
1548266643.16142 -0.635402 -1.59292 2.0095 -0.137603 -0.0833319 -0.151063 0.975347
1548266643.19483 -0.630404 -1.60018 2.00823 -0.138134 -0.0781276 -0.150387 0.975807
1548266643.22826 -0.62616 -1.60822 2.00667 -0.136325 -0.0766134 -0.152998 0.975775
1548266643.26150 -0.622063 -1.61561 2.0052 -0.131482 -0.071922 -0.15466 0.976535
1548266643.29480 -0.61721 -1.62407 2.00371 -0.129668 -0.0684081 -0.160305 0.976119
1548266643.32830 -0.612715 -1.63254 2.00185 -0.12804 -0.0653642 -0.160495 0.976512
1548266643.36147 -0.608047 -1.64146 2.00038 -0.129004 -0.0628426 -0.159945 0.97664
1548266643.39492 -0.603955 -1.65057 1.99893 -0.124781 -0.0606437 -0.162118 0.97697
1548266643.42828 -0.600123 -1.65973 1.99731 -0.122377 -0.0600288 -0.160353 0.977603
1548266643.46147 -0.59649 -1.66908 1.99553 -0.120281 -0.0595503 -0.159232 0.978075
1548266643.49499 -0.593109 -1.67884 1.99345 -0.122255 -0.0567668 -0.154167 0.978807
1548266643.52811 -0.588659 -1.6893 1.99074 -0.118347 -0.0570359 -0.15448 0.979223
1548266643.56145 -0.583956 -1.70022 1.98761 -0.117283 -0.0527512 -0.149353 0.980386
1548266643.59472 -0.579101 -1.71136 1.98426 -0.111292 -0.0497166 -0.149305 0.981249
1548266643.62814 -0.574346 -1.72289 1.98034 -0.108097 -0.0469445 -0.146123 0.982222
1548266643.66137 -0.570383 -1.73454 1.97615 -0.101354 -0.0457422 -0.144197 0.983281
1548266643.69482 -0.565706 -1.74623 1.97132 -0.0989784 -0.0417588 -0.146318 0.983387
1548266643.72800 -0.561583 -1.75739 1.9667 -0.0919562 -0.0370221 -0.144653 0.984504
1548266643.76141 -0.557645 -1.7674 1.96174 -0.0907946 -0.0337075 -0.143664 0.984876
1548266643.79461 -0.554571 -1.77804 1.9573 -0.0810329 -0.0323928 -0.143175 0.985842
1548266643.82807 -0.551721 -1.78717 1.95217 -0.0795961 -0.0285725 -0.14623 0.985629
1548266643.86156 -0.548883 -1.79536 1.9471 -0.0811514 -0.0239863 -0.149201 0.985179
1548266643.89485 -0.547186 -1.80283 1.94269 -0.0758601 -0.0235728 -0.149184 0.985613
1548266643.92795 -0.546298 -1.80962 1.93822 -0.0736872 -0.0228977 -0.14952 0.985743
1548266643.96111 -0.545268 -1.81603 1.93408 -0.072754 -0.0217722 -0.149337 0.985866
1548266643.99501 -0.544651 -1.82149 1.93017 -0.0710489 -0.0215837 -0.150002 0.985893
1548266644.02806 -0.544341 -1.82725 1.92652 -0.0685844 -0.0249008 -0.145763 0.986625
1548266644.06145 -0.543953 -1.83222 1.92341 -0.0645584 -0.029123 -0.13606 0.988166
1548266644.09497 -0.542857 -1.83725 1.92012 -0.0656551 -0.0293087 -0.13243 0.988581
1548266644.12833 -0.541775 -1.84189 1.91765 -0.0672192 -0.0355697 -0.119932 0.989865
1548266644.16146 -0.540507 -1.84698 1.91639 -0.0643083 -0.0466284 -0.101233 0.991687
1548266644.19471 -0.539187 -1.85238 1.91635 -0.0599164 -0.0573136 -0.0848713 0.992936
1548266644.22827 -0.537501 -1.8566 1.91732 -0.0614261 -0.0673804 -0.0661579 0.993635
1548266644.26163 -0.536453 -1.86075 1.92001 -0.055526 -0.081215 -0.0458838 0.99409
1548266644.29478 -0.534676 -1.86279 1.92404 -0.0565745 -0.0949221 -0.0200035 0.993675
1548266644.32831 -0.533259 -1.86388 1.92902 -0.0612941 -0.10707 -0.000528123 0.99236
1548266644.36136 -0.532337 -1.86356 1.93536 -0.0655455 -0.120019 0.0208723 0.990386
1548266644.39468 -0.531571 -1.86268 1.94283 -0.0656927 -0.131512 0.0403969 0.98831
1548266644.42808 -0.530941 -1.85983 1.95054 -0.0693159 -0.142138 0.0582941 0.985695
1548266644.46123 -0.530434 -1.85545 1.95832 -0.0765585 -0.152484 0.0771911 0.982308
1548266644.49464 -0.530005 -1.84998 1.96626 -0.0874013 -0.160185 0.0925721 0.978842
1548266644.52786 -0.529997 -1.84448 1.9743 -0.0960194 -0.168454 0.104028 0.975491
1548266644.56140 -0.530169 -1.83907 1.98229 -0.105027 -0.176189 0.114501 0.972017
1548266644.59473 -0.530241 -1.83447 1.99015 -0.112385 -0.179875 0.121456 0.969672
1548266644.62795 -0.531053 -1.8299 1.99756 -0.121491 -0.186077 0.127372 0.96664
1548266644.66121 -0.532543 -1.82589 2.00499 -0.127525 -0.193013 0.135901 0.963335
1548266644.69466 -0.534125 -1.8215 2.01209 -0.138006 -0.19858 0.144058 0.959566
1548266644.72812 -0.535383 -1.81817 2.0194 -0.146006 -0.203191 0.145572 0.957186
1548266644.76132 -0.536856 -1.81519 2.02627 -0.152937 -0.208259 0.150152 0.954302
1548266644.79471 -0.538881 -1.81188 2.03278 -0.160952 -0.212542 0.156674 0.950986
1548266644.82822 -0.540976 -1.80892 2.03871 -0.172944 -0.216882 0.157054 0.947833
1548266644.86161 -0.541919 -1.80708 2.04428 -0.18021 -0.22278 0.159099 0.944765
1548266644.89475 -0.541951 -1.80621 2.0497 -0.195068 -0.224082 0.172906 0.939063
1548266644.92826 -0.542058 -1.80427 2.05462 -0.188681 -0.228901 0.168132 0.940072
1548266644.96158 -0.541459 -1.80487 2.05935 -0.198845 -0.22541 0.172391 0.938047
1548266644.99474 -0.539838 -1.80381 2.06303 -0.196483 -0.234071 0.182332 0.934537
1548266645.02812 -0.537906 -1.80556 2.06668 -0.205481 -0.233412 0.178931 0.933424
1548266645.06163 -0.533594 -1.80667 2.0696 -0.201607 -0.232885 0.183666 0.933481
1548266645.09492 -0.528573 -1.80946 2.07175 -0.204772 -0.230205 0.191806 0.931818
1548266645.12819 -0.522409 -1.81155 2.07293 -0.199649 -0.231543 0.196549 0.93161
1548266645.16136 -0.514415 -1.81682 2.07352 -0.196689 -0.222438 0.19514 0.934749
1548266645.19491 -0.506309 -1.81929 2.07218 -0.194378 -0.222755 0.197369 0.934689
1548266645.22805 -0.497902 -1.82528 2.07075 -0.203523 -0.213898 0.194618 0.935388
1548266645.26142 -0.487295 -1.83206 2.06888 -0.194699 -0.203216 0.192401 0.940094
1548266645.29456 -0.476874 -1.83895 2.06576 -0.191359 -0.203688 0.199999 0.939092
1548266645.32810 -0.466528 -1.84889 2.06158 -0.185061 -0.195488 0.19652 0.942824
1548266645.36143 -0.454287 -1.85826 2.05637 -0.18102 -0.191269 0.195914 0.944598
1548266645.39475 -0.440889 -1.86918 2.04947 -0.173993 -0.186248 0.201471 0.945753
1548266645.42788 -0.426697 -1.88113 2.04092 -0.166655 -0.181493 0.203347 0.947595
1548266645.46138 -0.412197 -1.89447 2.03087 -0.162249 -0.173139 0.201322 0.950351
1548266645.49433 -0.396216 -1.90887 2.01874 -0.149782 -0.171328 0.204642 0.952015
1548266645.52789 -0.378647 -1.92423 2.00535 -0.132296 -0.168392 0.210521 0.953846
1548266645.56134 -0.358798 -1.94091 1.99052 -0.120456 -0.162374 0.21244 0.956031
1548266645.59480 -0.338054 -1.95765 1.97492 -0.106898 -0.155666 0.211489 0.958965
1548266645.62822 -0.315537 -1.97468 1.95886 -0.0967297 -0.149244 0.219035 0.959371
1548266645.66125 -0.29385 -1.98968 1.94237 -0.0948709 -0.145597 0.218896 0.960149
1548266645.69480 -0.271224 -2.00481 1.92649 -0.080658 -0.137724 0.216009 0.963258
1548266645.72818 -0.249869 -2.01825 1.91071 -0.0739739 -0.133175 0.22164 0.963155
1548266645.76162 -0.229368 -2.03038 1.89565 -0.0677472 -0.128933 0.225478 0.9633
1548266645.79476 -0.209281 -2.04139 1.88098 -0.063591 -0.124338 0.228692 0.96343
1548266645.82827 -0.190226 -2.05058 1.86708 -0.0597268 -0.119723 0.231398 0.963615
1548266645.86135 -0.171921 -2.05964 1.85392 -0.057387 -0.117808 0.232381 0.963757
1548266645.89482 -0.153501 -2.06832 1.84166 -0.0526629 -0.114392 0.234577 0.963906
1548266645.92819 -0.136301 -2.07632 1.83037 -0.0499207 -0.114299 0.239033 0.962968
1548266645.96144 -0.118563 -2.08467 1.81952 -0.0477658 -0.113376 0.24246 0.962329
1548266645.99464 -0.100077 -2.09306 1.80868 -0.0453812 -0.109562 0.24281 0.962798
1548266646.02797 -0.0831898 -2.10182 1.79805 -0.0438785 -0.103819 0.241538 0.963823
1548266646.06139 -0.0657641 -2.11019 1.78682 -0.03469 -0.101044 0.243489 0.964002
1548266646.09458 -0.0494788 -2.11894 1.77479 -0.0286832 -0.098825 0.245324 0.963964
1548266646.12813 -0.0349138 -2.12758 1.7625 -0.0231182 -0.0956277 0.246675 0.964091
1548266646.16098 -0.0194845 -2.13611 1.74921 -0.0186505 -0.0878672 0.240091 0.966586
1548266646.19439 -0.00498073 -2.14421 1.73507 -0.0126987 -0.082844 0.239362 0.967306
1548266646.22809 0.00804138 -2.15228 1.72015 -0.00701773 -0.0796124 0.240778 0.967284
1548266646.26121 0.020713 -2.16039 1.70467 -0.000183283 -0.0727533 0.237632 0.968627
1548266646.29444 0.031859 -2.16843 1.68911 0.00946101 -0.0655148 0.237091 0.96923
1548266646.32786 0.0414252 -2.17568 1.67345 0.0176277 -0.058157 0.230974 0.97106
1548266646.36122 0.049744 -2.18152 1.6576 0.020888 -0.0520468 0.226609 0.97237
1548266646.39455 0.0566665 -2.18691 1.64194 0.0255649 -0.0498245 0.228273 0.971985
1548266646.42804 0.0634802 -2.19261 1.62597 0.0300467 -0.0430845 0.220523 0.973966
1548266646.46145 0.0694583 -2.198 1.60987 0.035751 -0.0381303 0.217094 0.97475
1548266646.49484 0.074938 -2.20253 1.59383 0.0405934 -0.0339554 0.213993 0.975401
1548266646.52788 0.0801646 -2.20586 1.57762 0.0433843 -0.0280566 0.20804 0.976755
1548266646.56159 0.0846868 -2.20891 1.56185 0.0474427 -0.0246635 0.206073 0.977075
1548266646.59465 0.0891273 -2.2125 1.54633 0.0549372 -0.0190037 0.202627 0.977529
1548266646.62800 0.0927154 -2.2148 1.53059 0.0611999 -0.0149037 0.199622 0.977846
1548266646.66130 0.0958787 -2.21588 1.51501 0.0661588 -0.0164404 0.202897 0.976824
1548266646.69476 0.099807 -2.21681 1.49882 0.0701179 -0.0127432 0.201143 0.976966
1548266646.72821 0.104108 -2.21649 1.4828 0.0768354 -0.00792513 0.200807 0.976581
1548266646.76134 0.107332 -2.21399 1.46714 0.0804372 -0.00645797 0.206336 0.975148
1548266646.79466 0.109137 -2.20908 1.45222 0.0792442 -0.00611983 0.209992 0.974467
1548266646.82795 0.110948 -2.2011 1.43842 0.0780459 -0.00302315 0.215499 0.973375
1548266646.86108 0.112987 -2.19167 1.42518 0.0782275 -0.00109819 0.227142 0.970714
1548266646.89440 0.116676 -2.18173 1.41206 0.0743759 0.0098963 0.227847 0.970802
1548266646.92791 0.120647 -2.1722 1.39939 0.0746586 0.0175281 0.234969 0.968973
1548266646.96090 0.124011 -2.16438 1.38695 0.0764174 0.0226432 0.243785 0.966549
1548266646.99458 0.127142 -2.15848 1.37494 0.0779428 0.0286525 0.246881 0.965481
1548266647.02802 0.129468 -2.15448 1.36347 0.082717 0.0306259 0.255137 0.962873
1548266647.06129 0.131759 -2.15208 1.35376 0.087971 0.0309108 0.262666 0.960371
1548266647.09448 0.135194 -2.1501 1.34507 0.0935122 0.031326 0.270691 0.957601
1548266647.12803 0.14004 -2.14782 1.33591 0.0986009 0.0336351 0.277718 0.954997
1548266647.16141 0.144823 -2.14428 1.32697 0.100807 0.0360239 0.287017 0.951925
1548266647.19473 0.14994 -2.13975 1.31791 0.105695 0.0360836 0.299114 0.947659
1548266647.22796 0.155636 -2.13438 1.30932 0.11 0.0384203 0.306851 0.944598
1548266647.26153 0.161347 -2.12806 1.30254 0.11371 0.0424665 0.312857 0.942012
1548266647.29490 0.167077 -2.1209 1.29772 0.118015 0.0454424 0.320577 0.938743
1548266647.32802 0.172221 -2.11294 1.29564 0.116913 0.0439652 0.32821 0.93631
1548266647.36125 0.177673 -2.10534 1.29575 0.120275 0.045434 0.337459 0.932519
1548266647.39451 0.182857 -2.09792 1.29727 0.121092 0.0437091 0.346021 0.929352
1548266647.42794 0.187653 -2.09048 1.29988 0.119828 0.042529 0.355274 0.926074
1548266647.46142 0.192523 -2.08307 1.30353 0.115968 0.0395153 0.362147 0.924034
1548266647.49482 0.197308 -2.07574 1.30768 0.113456 0.0373574 0.372717 0.920225
1548266647.52794 0.202779 -2.06909 1.31177 0.114204 0.0354551 0.381746 0.916499
1548266647.56113 0.208359 -2.06276 1.31599 0.115804 0.0333713 0.393417 0.911427
1548266647.59460 0.214913 -2.0551 1.31958 0.110895 0.0323046 0.402509 0.9081
1548266647.62800 0.221743 -2.0465 1.32296 0.104838 0.0358562 0.41226 0.904303
1548266647.66115 0.22818 -2.03813 1.32609 0.101315 0.0392936 0.423536 0.899338
1548266647.69435 0.233897 -2.02992 1.32977 0.0986838 0.0395555 0.432939 0.895132
1548266647.72745 0.238782 -2.02196 1.33356 0.0934795 0.0412745 0.44266 0.890848
1548266647.76129 0.243478 -2.01437 1.33679 0.0905648 0.0396572 0.449823 0.887629
1548266647.79422 0.247473 -2.00831 1.34086 0.0908376 0.04173 0.455707 0.884499
1548266647.82771 0.25109 -2.00298 1.34395 0.0888434 0.0395116 0.462052 0.881506
1548266647.86082 0.254617 -1.9985 1.34699 0.0903529 0.0362131 0.468049 0.878325
1548266647.89448 0.258504 -1.99427 1.34943 0.0901606 0.0356796 0.472222 0.876131
1548266647.92805 0.262291 -1.98989 1.35161 0.0867726 0.0341909 0.477829 0.873488
1548266647.96120 0.266271 -1.98579 1.35417 0.0896894 0.0313363 0.482348 0.870813
1548266647.99463 0.270613 -1.98175 1.3572 0.0928934 0.03005 0.486946 0.867958
1548266648.02784 0.274735 -1.97697 1.36015 0.0892599 0.0262631 0.492241 0.865472
1548266648.06112 0.279425 -1.97287 1.36376 0.0975688 0.0237372 0.50034 0.859986
1548266648.09476 0.283896 -1.96655 1.36692 0.0972368 0.0244288 0.499938 0.860239
1548266648.12786 0.287014 -1.95982 1.36919 0.0845387 0.0148417 0.50504 0.858818
1548266648.16112 0.291378 -1.95493 1.37379 0.0985041 0.0210286 0.51662 0.85027
1548266648.19454 0.293745 -1.94594 1.37553 0.0820123 0.00781279 0.517991 0.85141
1548266648.22789 0.298627 -1.93953 1.37976 0.0959667 0.0211668 0.529175 0.842803
1548266648.26134 0.302206 -1.93105 1.38172 0.091524 0.0183645 0.531686 0.841781
1548266648.29450 0.305547 -1.92319 1.38392 0.0911244 0.0194822 0.537948 0.837812
1548266648.32808 0.308318 -1.9158 1.38617 0.0905159 0.0199202 0.543952 0.833982
1548266648.36113 0.310648 -1.90845 1.38777 0.0849082 0.0182263 0.546794 0.832751
1548266648.39461 0.313211 -1.90265 1.38936 0.082695 0.0192711 0.550597 0.830441
1548266648.42799 0.315903 -1.89787 1.39079 0.0827887 0.0192689 0.552639 0.829075
1548266648.46111 0.31841 -1.89362 1.39147 0.0802696 0.0209807 0.554154 0.828269
1548266648.49435 0.320707 -1.89041 1.392 0.0789545 0.0206424 0.554744 0.828009
1548266648.52749 0.323386 -1.8883 1.39263 0.0845233 0.0290187 0.559045 0.824307
1548266648.56110 0.324945 -1.8853 1.39249 0.0818451 0.0284594 0.558051 0.82527
1548266648.59450 0.325785 -1.88318 1.39215 0.0797107 0.0274717 0.558659 0.825101
1548266648.62780 0.3265 -1.88147 1.39211 0.0795719 0.0276214 0.560679 0.823738
1548266648.66123 0.327257 -1.88003 1.39274 0.0799054 0.0275671 0.558608 0.825114
1548266648.69417 0.328149 -1.87853 1.39342 0.0803397 0.0275801 0.55841 0.825205
1548266648.72781 0.32963 -1.87776 1.39439 0.0846351 0.0288694 0.56094 0.823013
1548266648.76111 0.330431 -1.8769 1.3956 0.0854002 0.0275836 0.561532 0.822574
1548266648.79475 0.330901 -1.87566 1.3971 0.085273 0.0266052 0.563789 0.821074
1548266648.82805 0.33173 -1.87464 1.39946 0.0880258 0.027681 0.563627 0.820859
1548266648.86097 0.332187 -1.87281 1.40125 0.0855202 0.024658 0.565542 0.819903
1548266648.89439 0.332431 -1.87149 1.4039 0.0857119 0.0226919 0.567737 0.818421
1548266648.92809 0.332953 -1.86994 1.40696 0.0842044 0.0191824 0.568061 0.818442
1548266648.96150 0.333827 -1.86833 1.40993 0.0892507 0.0216637 0.57018 0.81637
1548266648.99474 0.334103 -1.86698 1.4133 0.0914998 0.015676 0.569421 0.816788
1548266649.02784 0.33407 -1.86462 1.41555 0.0878325 0.0172071 0.574622 0.813511
1548266649.06137 0.334421 -1.8619 1.41799 0.0864678 0.0181355 0.576257 0.812479
1548266649.09456 0.334889 -1.86005 1.42124 0.0882068 0.0156585 0.575942 0.812567
1548266649.12805 0.33505 -1.85785 1.42393 0.0866825 0.014479 0.579281 0.810376
1548266649.16128 0.335156 -1.85616 1.42733 0.0871981 0.0130759 0.580946 0.809153
1548266649.19452 0.335774 -1.85479 1.43044 0.0857983 0.0129546 0.582389 0.808266
1548266649.22767 0.336655 -1.85375 1.4341 0.0849997 0.0116428 0.581878 0.808738
1548266649.26126 0.337426 -1.85325 1.43787 0.0848564 0.0108572 0.583912 0.807297
1548266649.29451 0.3383 -1.85293 1.44183 0.0835927 0.0101556 0.585521 0.806272
1548266649.32781 0.34007 -1.85266 1.44537 0.0830407 0.0115063 0.58682 0.805366
1548266649.36113 0.341329 -1.85277 1.44941 0.0811089 0.00856609 0.585442 0.806602
1548266649.39447 0.342592 -1.85334 1.454 0.0815227 0.00949097 0.586217 0.805986
1548266649.42779 0.343912 -1.85391 1.4585 0.082578 0.0091966 0.589481 0.803498
1548266649.46116 0.344951 -1.85397 1.46256 0.0797045 0.00683078 0.589383 0.803883
1548266649.49445 0.346083 -1.8549 1.46741 0.0810321 0.00539866 0.587572 0.805086
1548266649.52778 0.346461 -1.85522 1.47225 0.0816889 0.00286465 0.590657 0.802772
1548266649.56132 0.347293 -1.85556 1.47711 0.0820674 0.0025342 0.594265 0.800067
1548266649.59469 0.348465 -1.85504 1.48157 0.0803521 0.00116179 0.59407 0.800389
1548266649.62786 0.349805 -1.85453 1.4862 0.0819606 0.00151741 0.597004 0.798039
1548266649.66151 0.350463 -1.85385 1.49077 0.0813309 -0.00030984 0.599361 0.796336
1548266649.69458 0.351186 -1.85316 1.49554 0.0819294 3.52679e-05 0.601804 0.79443
1548266649.72781 0.35129 -1.85218 1.50013 0.0813016 -0.00168774 0.603495 0.793209
1548266649.76138 0.351111 -1.85115 1.50448 0.0806151 -0.00362013 0.604807 0.792273
1548266649.79457 0.351557 -1.84939 1.50796 0.0787191 -0.0032051 0.606252 0.791361
1548266649.82809 0.351996 -1.84771 1.51138 0.0792939 -0.00127374 0.60666 0.790996
1548266649.86144 0.351959 -1.84614 1.51408 0.0782334 -0.000723459 0.608386 0.789775
1548266649.89475 0.352113 -1.84432 1.51628 0.0779882 0.000732821 0.608924 0.789385
1548266649.92791 0.352099 -1.84221 1.51822 0.0771827 0.00273136 0.609297 0.789172
1548266649.96117 0.352356 -1.84001 1.51972 0.0762959 0.00519763 0.609272 0.789265
1548266649.99461 0.352798 -1.838 1.52087 0.0758846 0.00747573 0.611104 0.787869
1548266650.02771 0.353436 -1.83616 1.52199 0.0765787 0.00949682 0.613285 0.786083
1548266650.06110 0.354396 -1.83419 1.52267 0.0753604 0.0138021 0.611526 0.787507
1548266650.09449 0.355622 -1.83184 1.52288 0.0755212 0.0182644 0.609128 0.789257
1548266650.12737 0.356026 -1.82976 1.52265 0.078431 0.0213052 0.613599 0.785424
1548266650.16099 0.356167 -1.82718 1.5212 0.0785901 0.0227458 0.615017 0.784258
1548266650.19461 0.356908 -1.82475 1.51848 0.0805252 0.0290395 0.615448 0.783515
1548266650.22773 0.357258 -1.82209 1.51473 0.0822083 0.0339057 0.61949 0.779951
1548266650.26130 0.357101 -1.8196 1.51068 0.0844691 0.0362539 0.620291 0.778968
1548266650.29451 0.357668 -1.8178 1.50627 0.0911666 0.0422859 0.622645 0.776025
1548266650.32788 0.357455 -1.81543 1.50108 0.0884342 0.0435536 0.623728 0.7754
1548266650.36111 0.356984 -1.81368 1.49617 0.090419 0.0471501 0.625457 0.773567
1548266650.39467 0.355995 -1.81162 1.4917 0.0910347 0.0490129 0.627004 0.772125
1548266650.42809 0.355379 -1.80999 1.48784 0.0951868 0.0512905 0.629245 0.769649
1548266650.46117 0.354479 -1.80822 1.4844 0.0979821 0.0561672 0.630858 0.767634
1548266650.49454 0.352765 -1.80621 1.48115 0.0958419 0.0564244 0.631752 0.76715
1548266650.52791 0.35076 -1.80385 1.47856 0.0929376 0.0557615 0.632921 0.766593
1548266650.56132 0.348616 -1.80241 1.47661 0.0931277 0.0572024 0.633606 0.765898
1548266650.59457 0.346126 -1.80157 1.47502 0.0953512 0.0595047 0.635013 0.764281
1548266650.62805 0.342849 -1.80024 1.47323 0.0957958 0.0598997 0.637482 0.762136
1548266650.66127 0.339412 -1.79829 1.47112 0.0916518 0.0600515 0.636881 0.763136
1548266650.69467 0.336065 -1.79739 1.46824 0.0862803 0.0594868 0.635508 0.764949
1548266650.72805 0.332862 -1.79677 1.46603 0.0850797 0.0588157 0.633675 0.766654
1548266650.76125 0.329452 -1.7966 1.46421 0.0869224 0.0594306 0.638169 0.762662
1548266650.79443 0.327209 -1.79746 1.46231 0.0919455 0.0607736 0.63872 0.761505
1548266650.82766 0.325534 -1.79791 1.46012 0.0961846 0.0631832 0.638741 0.760767
1548266650.86087 0.32346 -1.79798 1.45697 0.0935527 0.0605239 0.640116 0.760155
1548266650.89423 0.322572 -1.79932 1.45445 0.100263 0.0633368 0.639749 0.759379
1548266650.92757 0.320996 -1.7999 1.45099 0.0974229 0.0628219 0.639063 0.760368
1548266650.96085 0.31951 -1.80153 1.44794 0.103313 0.0646652 0.640228 0.758454
1548266650.99446 0.317279 -1.80206 1.44418 0.100415 0.0645302 0.639417 0.759539
1548266651.02772 0.315225 -1.80367 1.44139 0.106006 0.0657923 0.640811 0.757493
1548266651.06107 0.313278 -1.80467 1.43888 0.109614 0.0679917 0.64076 0.756828
1548266651.09431 0.311177 -1.80497 1.43616 0.104539 0.0672889 0.639366 0.758785
1548266651.12784 0.309139 -1.80571 1.43443 0.106791 0.0691207 0.639717 0.758011
1548266651.16097 0.307269 -1.80663 1.43338 0.110457 0.0706618 0.640656 0.756549
1548266651.19455 0.304717 -1.80693 1.43233 0.106457 0.0684444 0.64064 0.75734
1548266651.22795 0.302563 -1.80791 1.43206 0.107194 0.0679256 0.640492 0.757407
1548266651.26120 0.300798 -1.80947 1.43288 0.114587 0.0708304 0.641827 0.754925
1548266651.29477 0.297921 -1.81018 1.4335 0.111282 0.0673934 0.641092 0.756356
1548266651.32791 0.295132 -1.81104 1.43451 0.108879 0.0648486 0.639887 0.757948
1548266651.36098 0.29222 -1.81163 1.43682 0.109457 0.0652994 0.641516 0.756447
1548266651.39437 0.289133 -1.81239 1.43922 0.108229 0.0628292 0.64305 0.75553
1548266651.42795 0.286734 -1.81329 1.44237 0.110484 0.0635724 0.642866 0.755298
1548266651.46115 0.283827 -1.81392 1.44574 0.107902 0.0643775 0.640488 0.75762
1548266651.49446 0.280701 -1.81482 1.44956 0.105813 0.0629949 0.640059 0.758393
1548266651.52780 0.277247 -1.81565 1.45352 0.100504 0.0594561 0.639379 0.759972
1548266651.56116 0.274295 -1.81659 1.45813 0.0958531 0.0578539 0.633625 0.765496
1548266651.59442 0.270846 -1.81927 1.46332 0.0966245 0.0533584 0.634767 0.764779
1548266651.62781 0.267029 -1.82081 1.46802 0.0895578 0.0495941 0.634804 0.765862
1548266651.66116 0.263592 -1.82311 1.47319 0.0877567 0.0473357 0.632577 0.768052
1548266651.69449 0.259994 -1.8253 1.47781 0.085441 0.0421543 0.632707 0.768508
1548266651.72750 0.256862 -1.82718 1.48253 0.0844449 0.0378636 0.633551 0.768146
1548266651.76119 0.254229 -1.82869 1.48659 0.0815966 0.0365571 0.631933 0.769848
1548266651.79442 0.252204 -1.82975 1.49009 0.0801985 0.0361832 0.630979 0.770795
1548266651.82753 0.250833 -1.83131 1.49366 0.0870271 0.0377333 0.634514 0.767068
1548266651.86107 0.249612 -1.83085 1.49539 0.0805534 0.0342924 0.633142 0.769068
1548266651.89414 0.249581 -1.83136 1.49717 0.0819177 0.0369697 0.634926 0.767328
1548266651.92757 0.25093 -1.83165 1.49826 0.0888623 0.0429106 0.635226 0.765996
1548266651.96094 0.251736 -1.8318 1.49837 0.091485 0.0435159 0.638189 0.763185
1548266651.99448 0.252439 -1.83177 1.49778 0.0906977 0.0435834 0.638902 0.762678
1548266652.02737 0.25357 -1.83233 1.49693 0.0933231 0.0454132 0.639098 0.762091
1548266652.06119 0.254318 -1.83352 1.49626 0.0977748 0.0447756 0.639902 0.760895
1548266652.09448 0.255206 -1.83461 1.49556 0.101298 0.0455654 0.640861 0.759578
1548266652.12780 0.256173 -1.83562 1.49479 0.103104 0.0462034 0.640248 0.759814
1548266652.16124 0.257377 -1.83682 1.49422 0.106144 0.0478104 0.639879 0.759607
1548266652.19462 0.258247 -1.8382 1.49404 0.109373 0.046415 0.640915 0.758361
1548266652.22783 0.258568 -1.83859 1.49392 0.106665 0.0448163 0.640098 0.759532
1548266652.26142 0.259726 -1.83861 1.49384 0.105931 0.0467162 0.638028 0.76126
1548266652.29455 0.260304 -1.83887 1.49453 0.106544 0.0459732 0.638615 0.760727
1548266652.32805 0.260665 -1.83932 1.49536 0.107171 0.0465433 0.639687 0.759703
1548266652.36109 0.260493 -1.83935 1.49621 0.105286 0.0458161 0.639276 0.760356
1548266652.39423 0.260296 -1.83961 1.49704 0.103957 0.0451996 0.63996 0.76
1548266652.42769 0.260323 -1.84069 1.49849 0.109471 0.046463 0.641195 0.758107
1548266652.46104 0.259734 -1.84135 1.49933 0.108593 0.0435445 0.640617 0.758895
1548266652.49431 0.258987 -1.84124 1.49953 0.102832 0.0403619 0.639418 0.760881
1548266652.52784 0.259067 -1.84179 1.50015 0.107039 0.04037 0.640509 0.759382
1548266652.56110 0.259151 -1.84144 1.50029 0.106546 0.0405829 0.640254 0.759655
1548266652.59439 0.259537 -1.84082 1.50027 0.107322 0.0415357 0.640677 0.759137
1548266652.62772 0.25969 -1.83957 1.49946 0.102896 0.0405138 0.641288 0.75929
1548266652.66091 0.26014 -1.83906 1.49881 0.103843 0.0411578 0.641805 0.758689
1548266652.69445 0.260536 -1.83836 1.49798 0.104901 0.0435671 0.642431 0.757879
1548266652.72753 0.260361 -1.83782 1.49692 0.105158 0.0424765 0.643101 0.757337
1548266652.76072 0.260328 -1.83701 1.49587 0.104935 0.0436785 0.643434 0.757016
1548266652.79454 0.260598 -1.83661 1.49544 0.111146 0.047466 0.643335 0.755985
1548266652.82784 0.259922 -1.83577 1.49465 0.110196 0.0492567 0.644822 0.754742
1548266652.86110 0.259154 -1.83541 1.49441 0.110732 0.0503574 0.645909 0.753661
1548266652.89435 0.257534 -1.8348 1.49401 0.104248 0.0481748 0.64564 0.754957
1548266652.92771 0.256901 -1.83438 1.49388 0.104299 0.049532 0.644371 0.755946
1548266652.96158 0.255909 -1.83514 1.4943 0.106068 0.0515794 0.644283 0.755638
1548266652.99459 0.254515 -1.83529 1.49412 0.101239 0.0508745 0.643047 0.757399
1548266653.02792 0.253183 -1.83607 1.49423 0.101093 0.0500966 0.64262 0.757832
1548266653.06119 0.25242 -1.83748 1.49504 0.108617 0.0519259 0.642398 0.756856
1548266653.09453 0.2514 -1.83831 1.49525 0.107766 0.0512722 0.64135 0.75791
1548266653.12763 0.250685 -1.83893 1.49555 0.106422 0.0507633 0.640768 0.758626
1548266653.16126 0.250469 -1.83971 1.49618 0.108571 0.0512135 0.6401 0.758856
1548266653.19441 0.24988 -1.84062 1.49665 0.107291 0.0514173 0.638384 0.760467
1548266653.22787 0.249045 -1.84137 1.49703 0.10214 0.0488766 0.636642 0.762801
1548266653.26103 0.248747 -1.84268 1.49749 0.102045 0.0471625 0.636368 0.76315
1548266653.29409 0.248465 -1.84449 1.49863 0.105782 0.0490881 0.635228 0.763469
