# ground truth trajectory
# timestamp tx ty tz qx qy qz qw
1548266530.56676 -0.172014 -1.28786 1.95182 -0.0656877 -0.00238973 0.0018355 0.997836
1548266530.60006 -0.167173 -1.29148 1.94792 -0.0628028 -0.00297571 0.00533519 0.998007
1548266530.63339 -0.161602 -1.29526 1.94426 -0.0600314 -0.000978532 0.00773046 0.998166
1548266530.66669 -0.155947 -1.29921 1.94115 -0.056357 0.000265045 0.0109969 0.99835
1548266530.70018 -0.150329 -1.3018 1.93862 -0.0595044 -0.0026861 0.0177549 0.998066
1548266530.73337 -0.143949 -1.30528 1.93683 -0.0566324 3.90212e-05 0.0233715 0.998122
1548266530.76644 -0.137515 -1.30887 1.93574 -0.0554272 0.00355818 0.0225492 0.998202
1548266530.79973 -0.131754 -1.31175 1.93513 -0.0585302 0.00348992 0.0218729 0.99804
1548266530.83328 -0.126938 -1.31523 1.93497 -0.0580444 0.00272726 0.0265815 0.997956
1548266530.86649 -0.122848 -1.31933 1.93512 -0.057444 0.00410526 0.0305911 0.997872
1548266530.89993 -0.119632 -1.32363 1.93529 -0.0587763 0.00162196 0.029977 0.99782
1548266530.93321 -0.117185 -1.32813 1.93554 -0.0573178 0.00147433 0.0332915 0.9978
1548266530.96615 -0.115285 -1.3328 1.93594 -0.055427 0.00125516 0.0357075 0.997823
1548266530.99987 -0.114062 -1.33709 1.9361 -0.0558511 -0.00142636 0.0373303 0.99774
1548266531.03320 -0.112971 -1.34155 1.93594 -0.0539693 -0.00162479 0.0372446 0.997846
1548266531.06655 -0.11276 -1.34514 1.93523 -0.053668 -0.00313627 0.036069 0.997902
1548266531.09989 -0.112795 -1.34866 1.9345 -0.0535091 -0.00339672 0.0394225 0.997783
1548266531.13312 -0.112828 -1.3521 1.93404 -0.0549507 -0.0044254 0.0360653 0.997828
1548266531.16620 -0.112643 -1.35642 1.93438 -0.0523062 -0.00268098 0.0333385 0.998071
1548266531.20014 -0.113328 -1.36019 1.93575 -0.0526835 -0.00464195 0.0338515 0.998027
1548266531.23320 -0.114492 -1.36417 1.93822 -0.0525603 -0.00509455 0.0365333 0.997936
1548266531.26677 -0.11546 -1.36808 1.94177 -0.0526998 -0.00693817 0.0320302 0.998073
1548266531.29977 -0.116626 -1.37195 1.9464 -0.0518345 -0.00690388 0.0291179 0.998207
1548266531.33320 -0.118821 -1.37459 1.95194 -0.0530721 -0.00985618 0.0295771 0.998104
1548266531.36667 -0.122114 -1.37597 1.95821 -0.0571396 -0.0139026 0.0299336 0.99782
1548266531.40020 -0.125607 -1.37694 1.96517 -0.0585632 -0.0183785 0.0284892 0.997708
1548266531.43322 -0.129984 -1.37683 1.97227 -0.06317 -0.0230499 0.0298783 0.997289
1548266531.46668 -0.135012 -1.37626 1.97971 -0.0672133 -0.0279281 0.0323966 0.996821
1548266531.49984 -0.140408 -1.3754 1.98709 -0.0691906 -0.0330183 0.0307184 0.996584
1548266531.53327 -0.145963 -1.37389 1.99421 -0.0749511 -0.0382785 0.0297759 0.996007
1548266531.56662 -0.151506 -1.37214 2.00107 -0.0769809 -0.0415837 0.0304182 0.995701
1548266531.59980 -0.157168 -1.37007 2.00756 -0.081413 -0.0443766 0.0285571 0.995282
1548266531.63311 -0.16258 -1.3682 2.0135 -0.085005 -0.047664 0.0248615 0.994929
1548266531.66650 -0.168061 -1.36616 2.01902 -0.0884463 -0.0494595 0.0233769 0.994578
1548266531.69976 -0.173607 -1.36442 2.02404 -0.0910446 -0.0523332 0.0219712 0.994228
1548266531.73309 -0.178626 -1.36284 2.02856 -0.0940904 -0.0550625 0.0190585 0.993857
1548266531.76656 -0.183114 -1.36175 2.03288 -0.0960089 -0.0536616 0.0164484 0.993797
1548266531.79977 -0.188088 -1.36076 2.03674 -0.098502 -0.0556498 0.0146499 0.993472
1548266531.83307 -0.19269 -1.36013 2.04065 -0.0991056 -0.0555367 0.0125605 0.993447
1548266531.86657 -0.197296 -1.35983 2.04453 -0.0999741 -0.0565848 0.0098828 0.993331
1548266531.90001 -0.202203 -1.35922 2.04826 -0.099826 -0.0558861 0.00956308 0.993388
1548266531.93316 -0.207434 -1.35806 2.05187 -0.102749 -0.0579023 0.00576231 0.993004
1548266531.96669 -0.212535 -1.35694 2.05553 -0.10391 -0.0574266 0.00495875 0.992915
1548266531.99980 -0.217993 -1.35586 2.05924 -0.105587 -0.0604501 0.00303772 0.992566
1548266532.03310 -0.223033 -1.35464 2.06285 -0.10686 -0.0587106 0.000551271 0.992539
1548266532.06667 -0.22817 -1.35338 2.06647 -0.10786 -0.0593676 -0.0019527 0.99239
1548266532.10008 -0.233486 -1.35163 2.07011 -0.111252 -0.0601988 -0.00399566 0.991959
1548266532.13334 -0.238702 -1.35073 2.07376 -0.112601 -0.0606534 -0.00768556 0.991758
1548266532.16660 -0.243601 -1.35008 2.07721 -0.113996 -0.0583307 -0.0124375 0.991689
1548266532.19984 -0.248719 -1.34972 2.08052 -0.114237 -0.0578634 -0.0177075 0.991609
1548266532.23307 -0.254034 -1.34976 2.08341 -0.114273 -0.0572548 -0.0219502 0.991555
1548266532.26667 -0.259131 -1.35005 2.08588 -0.115729 -0.0540616 -0.0284045 0.991402
1548266532.29995 -0.264389 -1.35081 2.08792 -0.116169 -0.0507546 -0.0336833 0.99136
1548266532.33330 -0.270365 -1.35193 2.08949 -0.116059 -0.0489236 -0.0381827 0.991302
1548266532.36620 -0.277061 -1.35324 2.09071 -0.117439 -0.0465559 -0.0432676 0.991044
1548266532.39979 -0.284631 -1.35515 2.09127 -0.117605 -0.0461248 -0.047803 0.990836
1548266532.43319 -0.293611 -1.35697 2.0911 -0.117819 -0.0470399 -0.049202 0.990699
1548266532.46636 -0.303264 -1.35948 2.08997 -0.117207 -0.048807 -0.0504015 0.990626
1548266532.49963 -0.312977 -1.3623 2.08777 -0.116878 -0.0483678 -0.0522809 0.990589
1548266532.53272 -0.322446 -1.36551 2.08477 -0.116751 -0.0479598 -0.0567107 0.99038
1548266532.56624 -0.332222 -1.36918 2.08109 -0.117202 -0.047396 -0.0586511 0.990241
1548266532.59981 -0.342951 -1.37341 2.07666 -0.11678 -0.0486689 -0.0585838 0.990233
1548266532.63318 -0.353011 -1.37841 2.07178 -0.115351 -0.048978 -0.0592809 0.990344
1548266532.66640 -0.362275 -1.38403 2.06668 -0.114776 -0.047724 -0.0604647 0.9904
1548266532.69971 -0.371488 -1.39007 2.06156 -0.112782 -0.0469372 -0.0592496 0.990741
1548266532.73312 -0.379867 -1.39693 2.05627 -0.110319 -0.0440439 -0.0596399 0.991127
1548266532.76667 -0.388014 -1.40367 2.0509 -0.108555 -0.0417724 -0.0596737 0.991418
1548266532.79966 -0.395441 -1.41033 2.04521 -0.108837 -0.0387913 -0.0619308 0.99137
1548266532.83319 -0.403276 -1.41703 2.03995 -0.105573 -0.0354847 -0.0629575 0.991782
1548266532.86659 -0.41123 -1.42356 2.03461 -0.104354 -0.0342108 -0.0621461 0.992007
1548266532.89981 -0.419496 -1.4299 2.02918 -0.103688 -0.0329048 -0.0614853 0.992162
1548266532.93335 -0.428036 -1.43619 2.02395 -0.102104 -0.0327465 -0.0613918 0.992337
1548266532.96660 -0.436347 -1.44235 2.01876 -0.100869 -0.0326277 -0.0611375 0.992483
1548266532.99998 -0.444942 -1.44848 2.01373 -0.098562 -0.0315797 -0.0623108 0.992676
1548266533.03303 -0.453396 -1.45464 2.00863 -0.0970955 -0.0323809 -0.0621897 0.992802
1548266533.06660 -0.461264 -1.46111 2.00366 -0.094659 -0.0317341 -0.0618829 0.993078
1548266533.09990 -0.469095 -1.46789 1.99828 -0.0936425 -0.0305092 -0.0637847 0.993092
1548266533.13329 -0.47709 -1.47493 1.99297 -0.0892622 -0.0305697 -0.0647387 0.993432
1548266533.16645 -0.484441 -1.48136 1.9868 -0.0877374 -0.0291244 -0.065796 0.993542
1548266533.19956 -0.491223 -1.48759 1.98014 -0.0856339 -0.0284544 -0.0673787 0.993639
1548266533.23308 -0.498096 -1.49377 1.97324 -0.0832822 -0.0276145 -0.0683015 0.993799
1548266533.26635 -0.504522 -1.49982 1.96604 -0.0809294 -0.026967 -0.0683914 0.994005
1548266533.29972 -0.510193 -1.50567 1.95862 -0.0800745 -0.0256156 -0.0694508 0.994036
1548266533.33307 -0.515625 -1.51178 1.95143 -0.075711 -0.0242768 -0.0697738 0.994389
1548266533.36657 -0.520953 -1.51786 1.94379 -0.0736329 -0.0221745 -0.0717947 0.994451
1548266533.39985 -0.52604 -1.52385 1.93598 -0.0711319 -0.0212165 -0.0738628 0.994502
1548266533.43308 -0.531299 -1.52957 1.9282 -0.068692 -0.0195662 -0.0745124 0.994659
1548266533.46647 -0.536368 -1.53549 1.92034 -0.0657518 -0.0178917 -0.0766336 0.994728
1548266533.49982 -0.541168 -1.54139 1.91246 -0.0632746 -0.0155175 -0.078706 0.994767
1548266533.53296 -0.545632 -1.54737 1.9045 -0.060943 -0.0130509 -0.0797548 0.994864
1548266533.56665 -0.550008 -1.5535 1.8965 -0.0576808 -0.00903649 -0.0820296 0.994918
1548266533.59991 -0.5536 -1.55959 1.88822 -0.0553488 -0.00479589 -0.0850814 0.994824
1548266533.63328 -0.557709 -1.56568 1.88017 -0.0504313 -0.00473944 -0.0867058 0.994945
1548266533.66629 -0.560809 -1.5714 1.87179 -0.0498638 0.00107732 -0.0891143 0.994772
1548266533.70003 -0.564898 -1.57731 1.86398 -0.0456907 0.00102253 -0.0905372 0.994844
1548266533.73320 -0.569383 -1.58263 1.85644 -0.0433695 0.00203347 -0.0907033 0.994931
1548266533.76653 -0.573947 -1.58776 1.8494 -0.0419975 0.00330911 -0.0917789 0.994888
1548266533.79983 -0.579315 -1.59317 1.84282 -0.0394804 0.00184566 -0.0919379 0.99498
1548266533.83334 -0.585056 -1.59855 1.83627 -0.0369098 -0.000733616 -0.0937996 0.994906
1548266533.86623 -0.590506 -1.60419 1.8296 -0.035245 -0.000918152 -0.0962303 0.994735
1548266533.89996 -0.595813 -1.61023 1.82279 -0.0326925 -0.000708653 -0.0967214 0.994774
1548266533.93306 -0.600992 -1.61729 1.81616 -0.0283145 0.000363856 -0.0997309 0.994612
1548266533.96644 -0.606343 -1.62448 1.81 -0.0237736 -4.27549e-05 -0.104145 0.994278
1548266533.99974 -0.611448 -1.63141 1.80495 -0.0201647 0.00156164 -0.108891 0.993848
1548266534.03295 -0.616547 -1.63827 1.80161 -0.013555 0.000485984 -0.114105 0.993376
1548266534.06649 -0.621585 -1.64453 1.7998 -0.0098382 0.00319821 -0.120957 0.992604
1548266534.09974 -0.626821 -1.64955 1.80005 -0.00654795 0.00411444 -0.126996 0.991873
1548266534.13295 -0.63265 -1.65269 1.80222 -0.00830653 0.00229732 -0.128297 0.991698
1548266534.16644 -0.638704 -1.65522 1.80633 -0.00891469 -0.000445097 -0.132986 0.991078
1548266534.19978 -0.644404 -1.65725 1.81146 -0.0118805 -0.0012966 -0.135617 0.990689
1548266534.23301 -0.650492 -1.65843 1.81767 -0.01485 -0.00483261 -0.137416 0.99039
1548266534.26634 -0.656623 -1.65906 1.82436 -0.0171856 -0.00810326 -0.140933 0.989837
1548266534.29969 -0.662853 -1.65953 1.83136 -0.0205698 -0.0120054 -0.142929 0.989446
1548266534.33300 -0.668535 -1.65997 1.83865 -0.0248113 -0.0155634 -0.143661 0.989194
1548266534.36646 -0.673235 -1.66066 1.84596 -0.026436 -0.0175179 -0.148789 0.98836
1548266534.39981 -0.677268 -1.6612 1.853 -0.0302663 -0.0188729 -0.15293 0.987593
1548266534.43303 -0.68106 -1.6616 1.86001 -0.0335687 -0.0216435 -0.156124 0.98693
1548266534.46660 -0.683804 -1.6618 1.86697 -0.0370418 -0.0230574 -0.159101 0.986298
1548266534.49981 -0.686166 -1.66243 1.87399 -0.0378521 -0.0268825 -0.161775 0.985735
1548266534.53294 -0.687184 -1.66275 1.88084 -0.0415429 -0.0286157 -0.162843 0.985362
1548266534.56646 -0.687651 -1.66304 1.88768 -0.0437642 -0.0319282 -0.163979 0.984975
1548266534.59981 -0.687133 -1.6632 1.89432 -0.0458303 -0.0345374 -0.163873 0.984811
1548266534.63304 -0.685318 -1.66336 1.90095 -0.0470649 -0.0370484 -0.16486 0.984497
1548266534.66648 -0.682375 -1.66277 1.9072 -0.0518842 -0.0387709 -0.163948 0.98434
1548266534.69941 -0.678987 -1.66158 1.91351 -0.054913 -0.0410596 -0.161775 0.984443
1548266534.73281 -0.674182 -1.66021 1.91973 -0.0583279 -0.0429954 -0.159985 0.984456
1548266534.76607 -0.668863 -1.65908 1.92602 -0.0616316 -0.0441158 -0.158797 0.984398
1548266534.79975 -0.662989 -1.65801 1.93241 -0.0647607 -0.0457626 -0.155415 0.984661
1548266534.83313 -0.655986 -1.65735 1.93886 -0.0685866 -0.0463339 -0.153785 0.984632
1548266534.86623 -0.649361 -1.65678 1.94532 -0.0711218 -0.0465368 -0.151369 0.984816
1548266534.89924 -0.642385 -1.65631 1.95179 -0.0716061 -0.0473901 -0.150338 0.984899
1548266534.93307 -0.6351 -1.65556 1.95815 -0.0736918 -0.0492511 -0.146445 0.98524
1548266534.96620 -0.627979 -1.65471 1.96464 -0.0731966 -0.051129 -0.140797 0.986004
1548266534.99954 -0.620251 -1.65371 1.97077 -0.0748748 -0.0510238 -0.138763 0.986172
1548266535.03300 -0.612515 -1.65225 1.97684 -0.0748472 -0.0528318 -0.135639 0.986513
1548266535.06628 -0.604866 -1.65012 1.98265 -0.0757233 -0.0545743 -0.129169 0.98722
1548266535.09942 -0.596688 -1.6476 1.9878 -0.0792205 -0.0533027 -0.126886 0.987311
1548266535.13281 -0.588479 -1.64483 1.99257 -0.0821219 -0.0520377 -0.126028 0.987251
1548266535.16649 -0.580658 -1.6417 1.99748 -0.081098 -0.054818 -0.120462 0.98788
1548266535.19986 -0.572614 -1.63811 2.00179 -0.0820571 -0.0555882 -0.116019 0.98829
1548266535.23302 -0.564643 -1.63428 2.00543 -0.0867719 -0.0553452 -0.115234 0.987992
1548266535.26621 -0.556437 -1.63114 2.00895 -0.0888939 -0.0535672 -0.113507 0.988102
1548266535.29970 -0.548544 -1.62886 2.01221 -0.0897709 -0.0548572 -0.108986 0.98846
1548266535.33317 -0.54125 -1.62698 2.01473 -0.0901256 -0.0550497 -0.104201 0.988933
1548266535.36659 -0.533854 -1.62556 2.0166 -0.089382 -0.0547461 -0.104156 0.989022
1548266535.39980 -0.526159 -1.62408 2.01724 -0.0927023 -0.0528395 -0.0999874 0.989251
1548266535.43271 -0.518645 -1.62346 2.01781 -0.0889707 -0.0531897 -0.0951602 0.99005
1548266535.46661 -0.510894 -1.6228 2.01762 -0.0892664 -0.0509613 -0.0952649 0.990131
1548266535.49963 -0.503965 -1.62182 2.01742 -0.0852044 -0.0507311 -0.0901158 0.990982
1548266535.53314 -0.497409 -1.61931 2.01695 -0.0849369 -0.0514491 -0.0828468 0.991602
1548266535.56639 -0.491134 -1.61691 2.01681 -0.0822675 -0.0534755 -0.0775936 0.992145
1548266535.59959 -0.484833 -1.61402 2.01676 -0.083382 -0.054426 -0.0709746 0.992496
1548266535.63299 -0.479105 -1.61079 2.01715 -0.0832668 -0.0557581 -0.0615357 0.993061
1548266535.66623 -0.473713 -1.60741 2.01764 -0.0831604 -0.0572436 -0.0539045 0.993429
1548266535.69948 -0.468204 -1.60401 2.01831 -0.0848397 -0.056518 -0.0497955 0.993543
1548266535.73261 -0.463169 -1.60022 2.0192 -0.0864255 -0.0585334 -0.0448798 0.993524
1548266535.76631 -0.458673 -1.59713 2.02011 -0.0856817 -0.0606756 -0.0374674 0.993767
1548266535.79938 -0.454418 -1.594 2.0206 -0.0870039 -0.0609694 -0.0310341 0.993856
1548266535.83287 -0.450565 -1.59088 2.02074 -0.0884688 -0.0624199 -0.0247992 0.993812
1548266535.86633 -0.44731 -1.58787 2.02038 -0.0882872 -0.0641418 -0.0184694 0.993856
1548266535.89939 -0.444551 -1.58482 2.01899 -0.0890538 -0.0650791 -0.0117622 0.993829
1548266535.93293 -0.441783 -1.58239 2.01708 -0.0894084 -0.065285 -0.00795392 0.993821
1548266535.96638 -0.439393 -1.58022 2.01465 -0.0894734 -0.0651711 -0.00310549 0.99385
1548266535.99981 -0.437334 -1.57844 2.01195 -0.0878451 -0.0654731 0.00421336 0.993971
1548266536.03302 -0.435636 -1.57758 2.00874 -0.0858072 -0.0656528 0.00821777 0.994112
1548266536.06615 -0.434154 -1.57673 2.00482 -0.0865266 -0.0629215 0.0126246 0.994181
1548266536.09974 -0.433254 -1.57624 2.00111 -0.0828348 -0.0628167 0.016864 0.994439
1548266536.13302 -0.432307 -1.57602 1.99693 -0.0810067 -0.0609574 0.0185756 0.994674
1548266536.16636 -0.431304 -1.57572 1.99258 -0.0794692 -0.0574415 0.0206799 0.994966
1548266536.19969 -0.430596 -1.57564 1.9883 -0.0751476 -0.0544558 0.0231535 0.995415
1548266536.23316 -0.430532 -1.57487 1.9834 -0.0742849 -0.052896 0.0246221 0.995529
1548266536.26647 -0.430684 -1.57393 1.9785 -0.0726548 -0.048703 0.0270456 0.9958
1548266536.29983 -0.432061 -1.57267 1.97335 -0.0730395 -0.0474722 0.027749 0.995812
1548266536.33293 -0.434524 -1.57135 1.96834 -0.0704022 -0.0464379 0.0295341 0.995999
1548266536.36630 -0.437649 -1.56975 1.96306 -0.0691598 -0.046522 0.0328023 0.99598
1548266536.39927 -0.441339 -1.56817 1.95769 -0.0685016 -0.0461229 0.0328111 0.996044
1548266536.43320 -0.445178 -1.56682 1.95256 -0.0672978 -0.0464039 0.0319688 0.99614
1548266536.46611 -0.449036 -1.56532 1.94767 -0.0653141 -0.0471203 0.0338043 0.996178
1548266536.49958 -0.452628 -1.56398 1.94319 -0.0628638 -0.0459678 0.033445 0.996402
1548266536.53268 -0.455748 -1.56231 1.93882 -0.0620488 -0.0443031 0.0343693 0.996497
1548266536.56610 -0.458611 -1.56054 1.9347 -0.0613499 -0.0436029 0.0340479 0.996582
1548266536.59956 -0.461502 -1.55849 1.93086 -0.0609458 -0.0418397 0.0354172 0.996635
1548266536.63298 -0.464177 -1.55624 1.92722 -0.0602827 -0.0402764 0.0359836 0.996719
1548266536.66619 -0.466458 -1.55425 1.92418 -0.0582606 -0.037434 0.0353091 0.996974
1548266536.69918 -0.469252 -1.55194 1.9217 -0.0565837 -0.0353799 0.0349634 0.997158
1548266536.73277 -0.472614 -1.5487 1.91965 -0.0553445 -0.033656 0.0345854 0.9973
1548266536.76633 -0.476602 -1.54418 1.91856 -0.0545133 -0.0313028 0.0357432 0.997382
1548266536.79976 -0.481855 -1.53924 1.91821 -0.0575011 -0.0305894 0.0384227 0.997137
1548266536.83310 -0.487481 -1.53266 1.91873 -0.0559187 -0.0327264 0.0372691 0.997203
1548266536.86624 -0.493569 -1.52473 1.91991 -0.0647438 -0.0347906 0.0352076 0.996674
1548266536.89980 -0.499547 -1.5178 1.92214 -0.0643253 -0.0361209 0.0348446 0.996666
1548266536.93305 -0.505783 -1.50968 1.92474 -0.0692853 -0.0381213 0.0368717 0.996186
1548266536.96636 -0.512035 -1.50105 1.92796 -0.0741398 -0.041944 0.0407594 0.995531
1548266536.99973 -0.517775 -1.49307 1.93147 -0.0780518 -0.0443699 0.0433529 0.995018
1548266537.03287 -0.522406 -1.48527 1.9351 -0.0826573 -0.0455856 0.0400509 0.994729
1548266537.06627 -0.526888 -1.47749 1.93921 -0.0864303 -0.0473022 0.0422641 0.994236
1548266537.09966 -0.531604 -1.47028 1.94324 -0.0896902 -0.0499612 0.0436651 0.993757
1548266537.13310 -0.535373 -1.4632 1.94726 -0.0930491 -0.0509839 0.0417426 0.993479
1548266537.16628 -0.537993 -1.45667 1.95108 -0.0957893 -0.0505043 0.0419351 0.993235
1548266537.19955 -0.540593 -1.45053 1.95439 -0.09851 -0.0522793 0.0421076 0.992869
1548266537.23271 -0.543226 -1.44492 1.95748 -0.0984672 -0.0528916 0.0428061 0.992811
1548266537.26634 -0.545235 -1.4399 1.96016 -0.099029 -0.0537049 0.0436363 0.992676
1548266537.29965 -0.546588 -1.43529 1.96264 -0.0980665 -0.0527835 0.0429427 0.992851
1548266537.33281 -0.548418 -1.43087 1.96487 -0.0975881 -0.0535755 0.0439885 0.99281
1548266537.36620 -0.550589 -1.427 1.96689 -0.0963748 -0.055441 0.0473715 0.99267
1548266537.39969 -0.552101 -1.42351 1.9686 -0.0952726 -0.0557298 0.0501245 0.992625
1548266537.43294 -0.553287 -1.41985 1.97033 -0.0947746 -0.0561274 0.0523423 0.992536
1548266537.46625 -0.554433 -1.41593 1.97227 -0.0948123 -0.0563678 0.0553123 0.992358
1548266537.49964 -0.55536 -1.41233 1.97421 -0.0949604 -0.0586004 0.0581381 0.992053
1548266537.53284 -0.55667 -1.40855 1.97634 -0.0964847 -0.0589491 0.0676187 0.991284
1548266537.56635 -0.558449 -1.40479 1.97914 -0.0964486 -0.0631358 0.0785839 0.99022
1548266537.59969 -0.560491 -1.40106 1.98181 -0.0974673 -0.0670541 0.0874392 0.98912
1548266537.63299 -0.562924 -1.39718 1.98476 -0.0992194 -0.0717929 0.100578 0.987363
1548266537.66644 -0.565916 -1.39351 1.98788 -0.100062 -0.0790295 0.120318 0.984513
1548266537.69967 -0.567936 -1.38993 1.9909 -0.101599 -0.0840403 0.132645 0.982354
1548266537.73294 -0.569371 -1.38666 1.99376 -0.102256 -0.0861607 0.141639 0.980846
1548266537.76644 -0.571623 -1.38344 1.99652 -0.102835 -0.095269 0.166281 0.976063
1548266537.79982 -0.573441 -1.38036 1.99922 -0.103697 -0.0995874 0.186179 0.97194
1548266537.83311 -0.574008 -1.37781 2.00189 -0.105353 -0.100809 0.191338 0.970633
1548266537.86639 -0.57393 -1.37673 2.00406 -0.101014 -0.102968 0.205334 0.968004
1548266537.89981 -0.575175 -1.37525 2.00613 -0.101289 -0.106053 0.221088 0.964165
1548266537.93303 -0.576056 -1.37467 2.00788 -0.114406 -0.0975623 0.208866 0.966317
1548266537.96627 -0.573775 -1.37438 2.00977 -0.101176 -0.10014 0.227477 0.963322
1548266537.99933 -0.57371 -1.37489 2.0117 -0.0965151 -0.0982799 0.239963 0.96096
1548266538.03281 -0.57367 -1.37536 2.01296 -0.0960242 -0.0976793 0.240323 0.96098
1548266538.06613 -0.573588 -1.37554 2.01428 -0.0971037 -0.0993882 0.243337 0.959938
1548266538.09953 -0.574468 -1.37607 2.01551 -0.0991059 -0.106754 0.240589 0.959635
1548266538.13276 -0.575035 -1.37725 2.01785 -0.097361 -0.107055 0.240992 0.959679
1548266538.16593 -0.575209 -1.37852 2.02013 -0.0949137 -0.107654 0.248274 0.957999
1548266538.19952 -0.576135 -1.37977 2.0228 -0.0922218 -0.110637 0.259777 0.954867
1548266538.23265 -0.576433 -1.38072 2.02505 -0.0899077 -0.1118 0.266314 0.95315
1548266538.26608 -0.577798 -1.38133 2.02718 -0.0901021 -0.114909 0.273319 0.950776
1548266538.29928 -0.578319 -1.382 2.02887 -0.0892418 -0.116816 0.277791 0.949327
1548266538.33289 -0.57844 -1.38242 2.03056 -0.0878669 -0.113587 0.278477 0.949646
1548266538.36632 -0.578909 -1.38288 2.03222 -0.0864954 -0.11328 0.281009 0.949063
1548266538.39960 -0.579454 -1.38336 2.03364 -0.0881273 -0.118758 0.280063 0.948523
1548266538.43304 -0.57969 -1.38476 2.03522 -0.086417 -0.116484 0.280016 0.948976
1548266538.46655 -0.579934 -1.38616 2.03719 -0.0836233 -0.117429 0.281237 0.948748
1548266538.49977 -0.580154 -1.38797 2.03947 -0.0807629 -0.118037 0.281903 0.948723
1548266538.53297 -0.580969 -1.38923 2.04209 -0.0827614 -0.119785 0.280332 0.948797
1548266538.56629 -0.581846 -1.3905 2.04522 -0.0802184 -0.120359 0.282113 0.948415
1548266538.59946 -0.583613 -1.39069 2.04844 -0.079879 -0.120832 0.282698 0.948209
1548266538.63276 -0.585578 -1.39023 2.05196 -0.0811105 -0.123716 0.283155 0.947596
1548266538.66636 -0.587957 -1.38998 2.05607 -0.0813253 -0.124109 0.288404 0.945942
1548266538.69979 -0.59081 -1.38833 2.06009 -0.08497 -0.127355 0.283612 0.946639
1548266538.73290 -0.593512 -1.38698 2.06454 -0.0879795 -0.129091 0.278266 0.947715
1548266538.76604 -0.596166 -1.38544 2.06896 -0.0891781 -0.130914 0.274027 0.948587
1548266538.79928 -0.599345 -1.38382 2.07339 -0.0932505 -0.132907 0.270961 0.948799
1548266538.83278 -0.602469 -1.38206 2.07772 -0.0961355 -0.133161 0.264747 0.950229
1548266538.86615 -0.604742 -1.38077 2.08158 -0.0997604 -0.132328 0.252724 0.953241
1548266538.89934 -0.607173 -1.37946 2.08528 -0.102542 -0.132562 0.247731 0.954223
1548266538.93239 -0.609972 -1.37714 2.08902 -0.103106 -0.134388 0.244365 0.954775
1548266538.96591 -0.611677 -1.37518 2.09267 -0.105434 -0.132978 0.23958 0.95593
1548266538.99946 -0.611765 -1.37287 2.09594 -0.109493 -0.131246 0.231278 0.957756
1548266539.03285 -0.611613 -1.37077 2.09982 -0.111211 -0.130844 0.229429 0.958057
1548266539.06622 -0.611317 -1.36832 2.10338 -0.118858 -0.12883 0.219991 0.959625
1548266539.09955 -0.609717 -1.36599 2.10781 -0.116838 -0.128379 0.221306 0.959631
1548266539.13267 -0.608604 -1.36438 2.1122 -0.129791 -0.121947 0.208221 0.961731
1548266539.16625 -0.605705 -1.36277 2.11621 -0.117716 -0.125638 0.21693 0.960885
1548266539.19943 -0.603817 -1.36228 2.12052 -0.116406 -0.124239 0.216304 0.961367
1548266539.23278 -0.602088 -1.36051 2.12423 -0.119023 -0.125589 0.21405 0.961376
1548266539.26620 -0.600206 -1.35956 2.12752 -0.120315 -0.126151 0.212232 0.961545
1548266539.29961 -0.598297 -1.35881 2.13058 -0.120171 -0.126788 0.206822 0.962657
1548266539.33277 -0.596202 -1.35888 2.13324 -0.119222 -0.124572 0.205245 0.963402
1548266539.36616 -0.59405 -1.35861 2.13551 -0.120093 -0.124387 0.203177 0.963756
1548266539.39952 -0.592129 -1.35875 2.13721 -0.120645 -0.122584 0.198418 0.964908
1548266539.43300 -0.591074 -1.35907 2.13835 -0.132283 -0.117499 0.183245 0.967014
1548266539.46614 -0.586324 -1.36154 2.13998 -0.131103 -0.115098 0.206152 0.962843
1548266539.49948 -0.585634 -1.36018 2.14061 -0.11936 -0.11505 0.185367 0.968584
1548266539.53295 -0.584742 -1.35996 2.1413 -0.12128 -0.116343 0.178455 0.969489
1548266539.56604 -0.58314 -1.35995 2.14122 -0.121677 -0.113311 0.172951 0.970795
1548266539.59934 -0.58173 -1.36 2.14073 -0.122719 -0.111539 0.164218 0.972384
1548266539.63282 -0.580003 -1.3596 2.13967 -0.125051 -0.109067 0.160586 0.972974
1548266539.66583 -0.578424 -1.35994 2.13803 -0.126997 -0.107096 0.153629 0.974064
1548266539.69934 -0.576456 -1.36121 2.13597 -0.124472 -0.105232 0.146841 0.975639
1548266539.73262 -0.57458 -1.36204 2.13342 -0.126182 -0.102387 0.140633 0.976636
1548266539.76601 -0.572712 -1.36384 2.13036 -0.124788 -0.101381 0.13826 0.977258
1548266539.79949 -0.571102 -1.36575 2.12747 -0.123152 -0.0992298 0.133492 0.978349
1548266539.83256 -0.569082 -1.36794 2.12438 -0.12319 -0.0969934 0.129256 0.979137
1548266539.86596 -0.567233 -1.37046 2.12139 -0.120103 -0.0946071 0.125687 0.980218
1548266539.89924 -0.564766 -1.37274 2.11822 -0.117862 -0.0898037 0.123836 0.981177
1548266539.93262 -0.562755 -1.37381 2.11453 -0.118713 -0.0879263 0.114493 0.982379
1548266539.96613 -0.560615 -1.37483 2.11104 -0.116119 -0.0846298 0.112734 0.983181
1548266539.99935 -0.558232 -1.37514 2.10735 -0.117013 -0.080349 0.109785 0.983768
1548266540.03288 -0.556491 -1.37534 2.10379 -0.115778 -0.0769049 0.106842 0.984513
1548266540.06631 -0.554765 -1.37479 2.10017 -0.116817 -0.07336 0.0992913 0.985451
1548266540.09936 -0.553844 -1.37365 2.09683 -0.117798 -0.0699421 0.0965812 0.985852
1548266540.13285 -0.553522 -1.37226 2.09329 -0.119921 -0.0697345 0.095817 0.985685
1548266540.16588 -0.553742 -1.37125 2.08956 -0.122114 -0.0677278 0.0902865 0.986078
1548266540.19966 -0.555078 -1.37033 2.08598 -0.122056 -0.0675604 0.0868108 0.986409
1548266540.23285 -0.556754 -1.36899 2.08208 -0.123431 -0.070426 0.0851497 0.986182
1548266540.26618 -0.558629 -1.36784 2.07788 -0.12526 -0.0709248 0.0820843 0.986175
1548266540.29966 -0.560377 -1.36708 2.07346 -0.126846 -0.0714781 0.0785884 0.986217
1548266540.33294 -0.562103 -1.36603 2.06892 -0.129177 -0.0731827 0.0766543 0.985942
1548266540.36593 -0.563436 -1.36559 2.06449 -0.128345 -0.0752134 0.0759782 0.98595
1548266540.39947 -0.56428 -1.36459 2.05983 -0.129965 -0.0759629 0.0764034 0.985648
1548266540.43277 -0.563964 -1.36419 2.05518 -0.13127 -0.0759469 0.0742782 0.985638
1548266540.46612 -0.563025 -1.36417 2.05046 -0.130885 -0.0756435 0.076741 0.985524
1548266540.49902 -0.561265 -1.36413 2.04555 -0.131975 -0.0748756 0.0766932 0.985441
1548266540.53246 -0.559126 -1.36454 2.04045 -0.131609 -0.0738125 0.077768 0.985486
1548266540.56600 -0.55635 -1.36556 2.03519 -0.131639 -0.0720498 0.0766497 0.9857
1548266540.59937 -0.553719 -1.36697 2.03002 -0.131064 -0.0696401 0.0770294 0.98592
1548266540.63267 -0.551206 -1.36848 2.02444 -0.130984 -0.0690358 0.0792117 0.985801
1548266540.66575 -0.547668 -1.36985 2.01843 -0.129925 -0.0678713 0.077911 0.986125
1548266540.69912 -0.544423 -1.37136 2.01234 -0.129129 -0.0651058 0.0761225 0.986556
1548266540.73271 -0.540948 -1.37294 2.00653 -0.128415 -0.0628393 0.0746854 0.986906
1548266540.76623 -0.53725 -1.37446 2.00085 -0.127439 -0.0621671 0.0761205 0.986965
1548266540.79958 -0.533489 -1.37641 1.99566 -0.124929 -0.0619836 0.07797 0.987153
1548266540.83271 -0.528968 -1.37794 1.99052 -0.123222 -0.0587555 0.0802879 0.987379
1548266540.86607 -0.524027 -1.37958 1.98523 -0.120598 -0.0590597 0.0867813 0.987136
1548266540.89959 -0.518302 -1.38085 1.97991 -0.11917 -0.0559416 0.0910853 0.987103
1548266540.93272 -0.512296 -1.3819 1.97468 -0.117658 -0.055668 0.0964666 0.986789
1548266540.96619 -0.506158 -1.38269 1.96975 -0.113028 -0.0516572 0.109047 0.986238
1548266540.99958 -0.499644 -1.38287 1.96382 -0.112876 -0.0505579 0.113151 0.98585
1548266541.03276 -0.493086 -1.38273 1.95743 -0.114425 -0.0502799 0.11673 0.985268
1548266541.06597 -0.485541 -1.38297 1.95147 -0.109023 -0.0456451 0.128594 0.984629
1548266541.09939 -0.47863 -1.38274 1.94504 -0.107681 -0.0440348 0.137033 0.983711
1548266541.13269 -0.4716 -1.38203 1.93833 -0.108531 -0.0451789 0.144688 0.982469
1548266541.16610 -0.464209 -1.38254 1.93179 -0.102499 -0.0444347 0.159817 0.980805
1548266541.19938 -0.456369 -1.38264 1.92529 -0.10284 -0.0425423 0.162776 0.980366
1548266541.23247 -0.448484 -1.38247 1.91956 -0.0995998 -0.0407266 0.175885 0.978512
1548266541.26581 -0.440237 -1.38318 1.9143 -0.0964931 -0.0408873 0.183996 0.977324
1548266541.29924 -0.432082 -1.384 1.90919 -0.0920825 -0.0354571 0.188985 0.97701
1548266541.33263 -0.425201 -1.38432 1.90423 -0.0883867 -0.0351823 0.199575 0.975254
1548266541.36588 -0.41908 -1.38396 1.89906 -0.0923192 -0.0378124 0.206208 0.973409
1548266541.39917 -0.411951 -1.38472 1.8947 -0.0836436 -0.0347822 0.212487 0.972956
1548266541.43238 -0.405956 -1.38376 1.88987 -0.081867 -0.0362709 0.221812 0.970969
1548266541.46600 -0.400169 -1.38215 1.88484 -0.0804495 -0.0329169 0.229431 0.969436
1548266541.49939 -0.394844 -1.37936 1.87953 -0.0883042 -0.035113 0.231899 0.968087
1548266541.53253 -0.389204 -1.37823 1.87505 -0.0802292 -0.0344431 0.242157 0.966301
1548266541.56596 -0.38439 -1.37546 1.87019 -0.0794692 -0.0330079 0.248578 0.964782
1548266541.59932 -0.379902 -1.37199 1.86541 -0.081242 -0.0346829 0.254583 0.963008
1548266541.63281 -0.375676 -1.36817 1.86036 -0.0833519 -0.0362082 0.262506 0.960642
1548266541.66609 -0.371298 -1.36367 1.85548 -0.0905479 -0.0364261 0.264465 0.959444
1548266541.69932 -0.366921 -1.36108 1.85128 -0.087444 -0.0365654 0.272376 0.957511
1548266541.73290 -0.36229 -1.35838 1.84661 -0.088622 -0.0370191 0.276178 0.956296
1548266541.76600 -0.358441 -1.35552 1.84221 -0.0862274 -0.0352626 0.281328 0.955079
1548266541.79951 -0.354593 -1.35289 1.83682 -0.0866797 -0.0371935 0.287308 0.953183
1548266541.83283 -0.350923 -1.35011 1.8311 -0.0894604 -0.0383464 0.289325 0.952269
1548266541.86635 -0.34681 -1.34764 1.825 -0.0886866 -0.0390728 0.293921 0.950904
1548266541.89939 -0.34299 -1.34444 1.81804 -0.0964752 -0.043154 0.295799 0.949386
1548266541.93261 -0.337977 -1.34248 1.81105 -0.0969864 -0.0421701 0.298327 0.948587
1548266541.96601 -0.331659 -1.34106 1.80403 -0.0955916 -0.041979 0.297746 0.948919
1548266541.99897 -0.325082 -1.3401 1.79726 -0.0934045 -0.0394861 0.303199 0.947516
1548266542.03270 -0.317936 -1.33894 1.79009 -0.0933905 -0.0387771 0.307068 0.9463
1548266542.06608 -0.310745 -1.33888 1.78326 -0.0912568 -0.0372209 0.310805 0.94535
1548266542.09935 -0.303387 -1.33904 1.77631 -0.0898774 -0.0329624 0.312626 0.94504
1548266542.13263 -0.296169 -1.33884 1.76967 -0.0853403 -0.0341155 0.323295 0.941824
1548266542.16601 -0.288478 -1.33923 1.76273 -0.0828242 -0.0327206 0.326655 0.940939
1548266542.19941 -0.280362 -1.33985 1.75563 -0.0823408 -0.0307242 0.326513 0.941098
1548266542.23276 -0.272546 -1.34063 1.74896 -0.0800426 -0.0280406 0.330421 0.940015
1548266542.26595 -0.26487 -1.34271 1.74309 -0.0732556 -0.0255905 0.335823 0.938723
1548266542.29932 -0.257376 -1.34389 1.73722 -0.0756611 -0.023107 0.330797 0.94038
1548266542.33264 -0.250618 -1.34629 1.7322 -0.071069 -0.0226829 0.33445 0.939456
1548266542.36607 -0.244817 -1.34842 1.72713 -0.0699257 -0.0233856 0.336326 0.938855
1548266542.39960 -0.238981 -1.35097 1.72237 -0.066713 -0.0228989 0.336343 0.939094
1548266542.43245 -0.232574 -1.35314 1.71764 -0.0655967 -0.0232983 0.33461 0.939782
1548266542.46613 -0.22723 -1.35598 1.7132 -0.0743631 -0.0235209 0.329245 0.941018
1548266542.49966 -0.219601 -1.3588 1.71032 -0.064158 -0.0226368 0.33319 0.940402
1548266542.53275 -0.212762 -1.36248 1.70809 -0.0603107 -0.0208417 0.335004 0.940054
1548266542.56613 -0.206306 -1.36616 1.70713 -0.058177 -0.0215549 0.3339 0.940565
1548266542.59940 -0.200011 -1.37047 1.70694 -0.0561687 -0.0217272 0.333571 0.940799
1548266542.63257 -0.193733 -1.37542 1.70726 -0.0549013 -0.0215568 0.328922 0.942513
1548266542.66617 -0.188479 -1.38033 1.70835 -0.0504516 -0.0224096 0.328782 0.942791
1548266542.69945 -0.183815 -1.38427 1.70983 -0.0499015 -0.0231768 0.330174 0.942315
1548266542.73261 -0.179184 -1.38777 1.71154 -0.0488218 -0.0247597 0.331438 0.941887
1548266542.76565 -0.174504 -1.3913 1.71357 -0.0474037 -0.026403 0.331475 0.941902
1548266542.79927 -0.170331 -1.39438 1.71572 -0.0469648 -0.0283046 0.334941 0.940642
1548266542.83258 -0.16549 -1.39698 1.71827 -0.0454609 -0.0260783 0.336759 0.940131
1548266542.86580 -0.161698 -1.39914 1.7206 -0.046439 -0.0286835 0.336759 0.940008
1548266542.89888 -0.157147 -1.40213 1.7232 -0.0459236 -0.0259335 0.338618 0.939445
1548266542.93263 -0.153869 -1.40488 1.72625 -0.0454474 -0.0309168 0.339494 0.939001
1548266542.96597 -0.150185 -1.40793 1.72947 -0.0460362 -0.0322504 0.339598 0.93889
1548266542.99927 -0.146672 -1.41127 1.73313 -0.0448552 -0.0336227 0.340775 0.938472
1548266543.03230 -0.14348 -1.41465 1.7367 -0.0432666 -0.0359211 0.344707 0.937024
1548266543.06579 -0.140507 -1.41814 1.74059 -0.0425062 -0.0390057 0.346502 0.936273
1548266543.09919 -0.138071 -1.42156 1.74479 -0.0394234 -0.0404186 0.351207 0.934594
1548266543.13233 -0.136109 -1.4246 1.74832 -0.0434521 -0.0471685 0.352341 0.933672
1548266543.16614 -0.134184 -1.42802 1.75321 -0.0402839 -0.046367 0.358831 0.931379
1548266543.19942 -0.132356 -1.43039 1.7577 -0.0420973 -0.0482503 0.360063 0.930728
1548266543.23286 -0.131131 -1.43237 1.76233 -0.0417577 -0.053163 0.361196 0.930036
1548266543.26618 -0.129668 -1.43454 1.76711 -0.0438582 -0.0553332 0.361656 0.929634
1548266543.29949 -0.128269 -1.43652 1.77148 -0.0438441 -0.0576766 0.36572 0.927901
1548266543.33268 -0.126708 -1.43832 1.77603 -0.0448111 -0.0602764 0.363874 0.928415
1548266543.36592 -0.125168 -1.43998 1.78069 -0.0462988 -0.0613992 0.361088 0.929356
1548266543.39934 -0.122709 -1.4427 1.78607 -0.0390413 -0.0563427 0.373305 0.925173
1548266543.43267 -0.121474 -1.44302 1.79073 -0.043369 -0.0599444 0.371787 0.925365
1548266543.46612 -0.120339 -1.44437 1.79603 -0.0456268 -0.0623811 0.37053 0.925599
1548266543.49951 -0.119121 -1.44595 1.80138 -0.0471441 -0.0628741 0.368832 0.926168
1548266543.53262 -0.119086 -1.44712 1.80686 -0.049885 -0.068054 0.368512 0.925786
1548266543.56589 -0.119077 -1.44819 1.81284 -0.0520329 -0.0697807 0.367165 0.926074
1548266543.59931 -0.119609 -1.44923 1.81937 -0.0532665 -0.0724288 0.365524 0.92645
1548266543.63265 -0.119857 -1.45006 1.82603 -0.0552656 -0.0748594 0.365557 0.926126
1548266543.66598 -0.12076 -1.45068 1.83323 -0.0594927 -0.0765055 0.360218 0.92782
1548266543.69912 -0.12011 -1.4517 1.84045 -0.0625525 -0.0769226 0.35465 0.929728
1548266543.73216 -0.119464 -1.45296 1.84796 -0.0673617 -0.0764569 0.347974 0.93195
1548266543.76587 -0.118924 -1.45485 1.85576 -0.0678592 -0.0747762 0.347211 0.932335
1548266543.79930 -0.118538 -1.45768 1.86352 -0.0723211 -0.0756794 0.338464 0.935139
1548266543.83261 -0.118837 -1.46098 1.87126 -0.0715565 -0.0768839 0.336586 0.935777
1548266543.86596 -0.119077 -1.46481 1.87874 -0.0683623 -0.075947 0.340875 0.934539
1548266543.89927 -0.121195 -1.46873 1.88573 -0.0814006 -0.073904 0.321244 0.940593
1548266543.93251 -0.121455 -1.47191 1.89233 -0.0725116 -0.0796413 0.32521 0.939488
1548266543.96598 -0.123682 -1.47545 1.89855 -0.0691758 -0.0828184 0.324838 0.939594
1548266543.99904 -0.125803 -1.47858 1.90393 -0.0688997 -0.0832476 0.32521 0.939447
1548266544.03268 -0.129612 -1.48078 1.90881 -0.0729392 -0.0869138 0.316952 0.94163
1548266544.06606 -0.133546 -1.4827 1.91268 -0.0766865 -0.0884129 0.311742 0.942931
1548266544.09937 -0.137351 -1.48481 1.9164 -0.0780498 -0.0893666 0.310056 0.943285
1548266544.13277 -0.141451 -1.4855 1.91945 -0.08346 -0.0931405 0.299901 0.945737
1548266544.16606 -0.144915 -1.48651 1.92245 -0.0850756 -0.09212 0.29658 0.94674
1548266544.19949 -0.148379 -1.488 1.92503 -0.0875289 -0.0941269 0.296709 0.946278
1548266544.23281 -0.151528 -1.48879 1.92734 -0.087464 -0.094119 0.291472 0.947911
1548266544.26595 -0.154099 -1.48993 1.92953 -0.090922 -0.0925783 0.289357 0.948385
1548266544.29954 -0.156937 -1.49155 1.93162 -0.0897082 -0.0914848 0.289393 0.948596
1548266544.33271 -0.159568 -1.49273 1.93279 -0.0914378 -0.0911931 0.281914 0.950709
1548266544.36596 -0.162198 -1.49435 1.93353 -0.0943675 -0.0898358 0.274922 0.952598
1548266544.39908 -0.164942 -1.49687 1.93328 -0.0948026 -0.0913026 0.276056 0.952087
1548266544.43242 -0.169271 -1.49886 1.93262 -0.0943599 -0.0917116 0.275866 0.952147
1548266544.46586 -0.173242 -1.502 1.9315 -0.0896288 -0.0908542 0.277202 0.952298
1548266544.49917 -0.177395 -1.50425 1.92942 -0.0877008 -0.0909488 0.278057 0.952219
1548266544.53237 -0.181817 -1.50553 1.92657 -0.0900634 -0.0953895 0.272603 0.953141
1548266544.56576 -0.185529 -1.50792 1.92396 -0.0863252 -0.0933826 0.277576 0.952249
1548266544.59912 -0.187355 -1.50842 1.92003 -0.0932635 -0.0981275 0.267149 0.954099
1548266544.63257 -0.189687 -1.51002 1.91739 -0.0881171 -0.0949784 0.267915 0.954692
1548266544.66588 -0.191228 -1.51076 1.91393 -0.0892098 -0.0907521 0.267926 0.954998
1548266544.69888 -0.191951 -1.51151 1.90994 -0.0904403 -0.0881292 0.268303 0.955022
1548266544.73226 -0.193813 -1.51187 1.90572 -0.0925691 -0.086469 0.265827 0.955662
1548266544.76562 -0.196071 -1.51266 1.90154 -0.0889786 -0.0837424 0.267367 0.955816
1548266544.79944 -0.198294 -1.51368 1.89683 -0.0873438 -0.081222 0.268675 0.955818
1548266544.83264 -0.201061 -1.514 1.89181 -0.089755 -0.0821596 0.267889 0.955735
1548266544.86595 -0.204627 -1.51443 1.88705 -0.0850383 -0.0801097 0.269848 0.955789
1548266544.89949 -0.20744 -1.51514 1.88199 -0.0812739 -0.079441 0.268696 0.956497
1548266544.93264 -0.211144 -1.5146 1.87697 -0.086106 -0.0786903 0.269826 0.955818
1548266544.96605 -0.214367 -1.51443 1.8728 -0.0875328 -0.0781982 0.267021 0.956516
1548266544.99941 -0.216734 -1.51524 1.86922 -0.0820795 -0.0724613 0.267779 0.957239
1548266545.03249 -0.219654 -1.51541 1.86584 -0.0817349 -0.0723207 0.264862 0.95809
1548266545.06603 -0.22292 -1.51479 1.86232 -0.0868602 -0.0713845 0.262355 0.958399
1548266545.09909 -0.225706 -1.51524 1.85954 -0.0855793 -0.0715272 0.261849 0.958642
1548266545.13267 -0.230636 -1.51492 1.8562 -0.104896 -0.0657285 0.245723 0.961404
1548266545.16572 -0.232126 -1.51438 1.85309 -0.0938697 -0.0702412 0.257505 0.959138
1548266545.19892 -0.234902 -1.51411 1.84992 -0.0932749 -0.0699603 0.255097 0.95986
1548266545.23239 -0.237961 -1.51456 1.84736 -0.0915822 -0.0691361 0.252706 0.960715
1548266545.26583 -0.241405 -1.51425 1.84419 -0.096419 -0.0706321 0.250192 0.960791
1548266545.29922 -0.245564 -1.5141 1.84109 -0.097951 -0.0707441 0.25182 0.960202
1548266545.33232 -0.248467 -1.51502 1.83805 -0.0938214 -0.071422 0.251329 0.960692
1548266545.36576 -0.251552 -1.51484 1.83474 -0.0957902 -0.0711614 0.248395 0.961281
1548266545.39902 -0.253649 -1.51558 1.83178 -0.0926406 -0.0701187 0.249579 0.961359
1548266545.43257 -0.25618 -1.5151 1.82839 -0.0952259 -0.0716149 0.250138 0.960851
1548266545.46578 -0.257578 -1.5157 1.82532 -0.0934002 -0.0693798 0.250602 0.961073
1548266545.49915 -0.258624 -1.51655 1.82249 -0.0876195 -0.0649446 0.253699 0.961115
1548266545.53236 -0.259678 -1.51671 1.8192 -0.0882544 -0.0670177 0.25338 0.960999
1548266545.56588 -0.261096 -1.51697 1.81695 -0.0893084 -0.0667018 0.252801 0.961076
1548266545.59909 -0.260709 -1.51783 1.81481 -0.0878857 -0.0659914 0.251198 0.961676
1548266545.63256 -0.261903 -1.51864 1.81304 -0.0885147 -0.0640746 0.253865 0.961048
1548266545.66569 -0.262313 -1.52075 1.81096 -0.0828126 -0.0642493 0.252071 0.962016
1548266545.69930 -0.26353 -1.52219 1.80861 -0.0832037 -0.0641248 0.253452 0.961627
1548266545.73244 -0.264609 -1.52369 1.80614 -0.0801995 -0.0657139 0.249538 0.962798
1548266545.76588 -0.26533 -1.5254 1.80338 -0.0789887 -0.0647278 0.248966 0.963113
1548266545.79920 -0.265802 -1.52632 1.80007 -0.0802843 -0.0659482 0.245266 0.963872
1548266545.83259 -0.266055 -1.52794 1.79705 -0.0769623 -0.064615 0.246167 0.964004
1548266545.86595 -0.266228 -1.52843 1.79404 -0.0805172 -0.0639719 0.242991 0.964562
1548266545.89940 -0.265529 -1.53033 1.7919 -0.0754831 -0.0597023 0.242644 0.96533
1548266545.93267 -0.265075 -1.5319 1.79049 -0.0734818 -0.0580914 0.241456 0.96588
1548266545.96574 -0.264823 -1.53345 1.78992 -0.0717829 -0.0570079 0.240325 0.966355
1548266545.99917 -0.265024 -1.535 1.79026 -0.0711264 -0.0570128 0.238132 0.966946
1548266546.03237 -0.265942 -1.53622 1.79128 -0.0723786 -0.0553146 0.239232 0.96668
1548266546.06558 -0.267442 -1.53736 1.79325 -0.0706235 -0.05966 0.237476 0.966984
1548266546.09905 -0.269672 -1.53771 1.79583 -0.0738926 -0.0610791 0.234695 0.96733
1548266546.13241 -0.271261 -1.53862 1.79945 -0.072809 -0.061639 0.238443 0.96646
1548266546.16559 -0.274813 -1.53707 1.80341 -0.0790005 -0.0662308 0.232162 0.967199
1548266546.19895 -0.277609 -1.53587 1.80793 -0.0798177 -0.0689273 0.230597 0.967318
1548266546.23241 -0.280431 -1.53421 1.81278 -0.0825372 -0.0719735 0.226158 0.967915
