# ground truth trajectory
# timestamp tx ty tz qx qy qz qw
1548339594.66103 0.405651 -1.33654 1.33724 0.114288 0.0691369 -0.298359 -0.945061
1548339594.69452 0.406367 -1.33759 1.34085 0.112927 0.0696127 -0.29806 -0.945284
1548339594.72786 0.407132 -1.33897 1.34426 0.112269 0.0709723 -0.296287 -0.945818
1548339594.76109 0.407996 -1.34064 1.3475 0.112499 0.0709617 -0.295779 -0.945951
1548339594.79430 0.409301 -1.34341 1.35092 0.103477 0.0688041 -0.297033 -0.946747
1548339594.82772 0.410291 -1.34501 1.35327 0.107134 0.0721677 -0.293775 -0.947106
1548339594.86125 0.411327 -1.34746 1.35611 0.105248 0.0705025 -0.290666 -0.948402
1548339594.89449 0.412753 -1.35031 1.35917 0.104397 0.0697542 -0.285614 -0.950084
1548339594.92790 0.413596 -1.3528 1.36244 0.102608 0.069223 -0.283533 -0.950941
1548339594.96122 0.414411 -1.35581 1.36619 0.0966994 0.0666902 -0.281637 -0.952304
1548339594.99405 0.414506 -1.35744 1.36915 0.100832 0.0684965 -0.278193 -0.952759
1548339595.02763 0.414155 -1.35917 1.37278 0.101604 0.0703189 -0.276553 -0.953022
1548339595.06092 0.414104 -1.36086 1.37671 0.0996658 0.0709742 -0.274668 -0.953723
1548339595.09435 0.41414 -1.3624 1.38069 0.100002 0.0697812 -0.27172 -0.954619
1548339595.12727 0.413492 -1.36363 1.38504 0.10236 0.07055 -0.267919 -0.955387
1548339595.16088 0.41296 -1.36457 1.38945 0.102551 0.0722647 -0.265828 -0.955823
1548339595.19420 0.412501 -1.36562 1.39417 0.102483 0.0713801 -0.264053 -0.956388
1548339595.22771 0.411222 -1.36589 1.39865 0.106728 0.0746556 -0.26099 -0.956515
1548339595.26101 0.410323 -1.36794 1.40379 0.104112 0.0713234 -0.262181 -0.956731
1548339595.29438 0.409524 -1.36851 1.40907 0.101788 0.0740123 -0.262905 -0.956578
1548339595.32776 0.408683 -1.36947 1.41401 0.105448 0.0754763 -0.256637 -0.957769
1548339595.36108 0.40816 -1.37156 1.41974 0.0992989 0.074098 -0.259579 -0.957741
1548339595.39464 0.407522 -1.37292 1.42473 0.0986332 0.0742504 -0.258914 -0.957978
1548339595.42769 0.407114 -1.37484 1.42932 0.0960341 0.0736052 -0.256683 -0.958892
1548339595.46121 0.406195 -1.37674 1.43377 0.0923267 0.0744797 -0.257438 -0.958986
1548339595.49463 0.404389 -1.37775 1.438 0.0914654 0.076613 -0.258774 -0.958541
1548339595.52790 0.403091 -1.37918 1.44215 0.0884921 0.0770647 -0.256224 -0.959468
1548339595.56135 0.401809 -1.38074 1.44628 0.0858172 0.0777682 -0.253439 -0.960394
1548339595.59469 0.400574 -1.38215 1.45046 0.0821701 0.0790018 -0.25416 -0.960422
1548339595.62774 0.399747 -1.38342 1.45464 0.0737587 0.0797415 -0.257855 -0.960058
1548339595.66115 0.399358 -1.38434 1.45813 0.0737208 0.0796159 -0.254848 -0.960874
1548339595.69455 0.398945 -1.38555 1.46169 0.0705987 0.0793159 -0.254122 -0.961326
1548339595.72780 0.398404 -1.38708 1.46555 0.0627562 0.0797337 -0.257672 -0.96089
1548339595.76125 0.397786 -1.38807 1.46922 0.0583022 0.0799802 -0.258385 -0.960958
1548339595.79391 0.397312 -1.38901 1.47294 0.0543038 0.0791282 -0.257291 -0.961557
1548339595.82767 0.396425 -1.3897 1.47648 0.0529972 0.0796391 -0.258079 -0.961376
1548339595.86097 0.395207 -1.39046 1.48033 0.0497614 0.0823308 -0.256552 -0.961731
1548339595.89419 0.393757 -1.39093 1.48411 0.046909 0.0837184 -0.254247 -0.962366
1548339595.92754 0.392291 -1.39088 1.48738 0.051096 0.0862115 -0.252261 -0.962456
1548339595.96085 0.390898 -1.39194 1.49152 0.0444981 0.084963 -0.253776 -0.962496
1548339595.99434 0.389383 -1.39182 1.49493 0.0495781 0.0876422 -0.251346 -0.962645
1548339596.02758 0.388353 -1.39308 1.49911 0.0424368 0.0864504 -0.253774 -0.962457
1548339596.06102 0.386999 -1.39323 1.50275 0.048895 0.0883573 -0.252538 -0.962303
1548339596.09439 0.385905 -1.39442 1.50694 0.0470673 0.0881847 -0.252088 -0.962528
1548339596.12764 0.385097 -1.3958 1.51138 0.0434679 0.0846771 -0.249521 -0.96368
1548339596.16101 0.383601 -1.39659 1.51564 0.0454657 0.0855082 -0.24909 -0.963626
1548339596.19451 0.38142 -1.39706 1.52017 0.0467795 0.0869061 -0.248631 -0.963557
1548339596.22755 0.378249 -1.39703 1.5255 0.0494587 0.0888893 -0.246079 -0.963897
1548339596.26111 0.375011 -1.39654 1.53052 0.0572631 0.0917932 -0.244004 -0.96372
1548339596.29415 0.37233 -1.39646 1.53585 0.0606644 0.0940353 -0.242229 -0.963744
1548339596.32772 0.370236 -1.39598 1.5413 0.0645473 0.0932733 -0.245281 -0.962793
1548339596.36109 0.369018 -1.39611 1.5466 0.0659708 0.0940153 -0.243781 -0.963006
1548339596.39456 0.368058 -1.39603 1.55156 0.0698679 0.093331 -0.244181 -0.962696
1548339596.42781 0.367154 -1.3958 1.55641 0.0714091 0.0934512 -0.246303 -0.96203
1548339596.46119 0.366169 -1.39601 1.56106 0.0692378 0.0921569 -0.247508 -0.962005
1548339596.49450 0.364926 -1.3963 1.56507 0.073081 0.0908261 -0.245909 -0.962257
1548339596.52787 0.363027 -1.39664 1.56878 0.0734214 0.0927014 -0.244029 -0.962531
1548339596.56078 0.361606 -1.39708 1.57219 0.0746188 0.0904631 -0.242466 -0.963047
1548339596.59401 0.360346 -1.39788 1.57548 0.0746533 0.0900199 -0.241135 -0.96342
1548339596.62752 0.358897 -1.39921 1.57824 0.0760496 0.0875953 -0.243291 -0.962992
1548339596.66124 0.357115 -1.40117 1.58061 0.0770618 0.0870533 -0.241852 -0.963323
1548339596.69432 0.355023 -1.40346 1.58277 0.0812859 0.0866462 -0.2372 -0.964169
1548339596.72772 0.353272 -1.4064 1.58446 0.0808625 0.0865492 -0.230883 -0.965745
1548339596.76100 0.351606 -1.41036 1.58579 0.080452 0.0845271 -0.230688 -0.966005
1548339596.79440 0.350418 -1.41475 1.58567 0.0823445 0.0849122 -0.22774 -0.966511
1548339596.82755 0.350211 -1.41974 1.58452 0.0804826 0.0836717 -0.224267 -0.967588
1548339596.86101 0.350861 -1.42517 1.58232 0.07887 0.0830599 -0.220437 -0.968653
1548339596.89440 0.351994 -1.43077 1.57943 0.076043 0.0799636 -0.218148 -0.969657
1548339596.92778 0.353841 -1.43678 1.5761 0.0715217 0.0731446 -0.21956 -0.970221
1548339596.96117 0.35526 -1.4417 1.57234 0.0726798 0.0739335 -0.21475 -0.971151
1548339596.99450 0.356302 -1.44616 1.56837 0.0741072 0.0703908 -0.218089 -0.970562
1548339597.02790 0.356995 -1.4508 1.56473 0.0685799 0.0694614 -0.216743 -0.971336
1548339597.06101 0.357499 -1.45507 1.56133 0.0676104 0.0695959 -0.215127 -0.971754
1548339597.09427 0.357964 -1.45932 1.55813 0.0703456 0.069369 -0.2156 -0.971471
1548339597.12779 0.358629 -1.46396 1.55486 0.0701304 0.0682271 -0.215193 -0.971658
1548339597.16129 0.359562 -1.46961 1.55199 0.0722757 0.0651491 -0.215587 -0.971624
1548339597.19436 0.36083 -1.47578 1.54995 0.0687555 0.0647776 -0.213973 -0.972261
1548339597.22785 0.361724 -1.4816 1.54831 0.0678589 0.0660185 -0.214528 -0.972119
1548339597.26123 0.362643 -1.48747 1.54642 0.0704106 0.0678494 -0.212456 -0.972266
1548339597.29473 0.364085 -1.49423 1.54457 0.0695995 0.0630947 -0.215227 -0.972035
1548339597.32778 0.365667 -1.50068 1.54219 0.0682679 0.0615664 -0.216382 -0.971971
1548339597.36111 0.366677 -1.50682 1.53909 0.0714842 0.06296 -0.211783 -0.972664
1548339597.39428 0.367661 -1.51304 1.53568 0.0700049 0.0632478 -0.212803 -0.97253
1548339597.42754 0.368494 -1.51958 1.53255 0.067871 0.0598176 -0.212658 -0.97293
1548339597.46103 0.368549 -1.52549 1.52892 0.0716451 0.061626 -0.209934 -0.973138
1548339597.49409 0.368275 -1.53176 1.52571 0.0697635 0.0587777 -0.213063 -0.972771
1548339597.52764 0.367967 -1.53826 1.52288 0.0677591 0.0608613 -0.212402 -0.972929
1548339597.56063 0.367193 -1.54454 1.52004 0.0691088 0.0589151 -0.208888 -0.973714
1548339597.59434 0.366032 -1.5506 1.5175 0.0727576 0.05757 -0.209218 -0.973458
1548339597.62772 0.365647 -1.55766 1.51565 0.0702197 0.0571035 -0.208544 -0.973816
1548339597.66080 0.364738 -1.56391 1.51333 0.0702071 0.0554577 -0.207592 -0.974116
1548339597.69450 0.364193 -1.57036 1.51129 0.0684526 0.0555912 -0.204329 -0.974922
1548339597.72781 0.363289 -1.57607 1.50924 0.0673684 0.0532949 -0.209801 -0.973963
1548339597.76102 0.362597 -1.58172 1.50694 0.0660253 0.0564469 -0.20357 -0.975199
1548339597.79463 0.361692 -1.58732 1.50523 0.0619082 0.0521685 -0.201982 -0.976038
1548339597.82789 0.359796 -1.59175 1.50369 0.0613637 0.0541376 -0.200844 -0.9762
1548339597.86101 0.357732 -1.59589 1.5025 0.0624201 0.0524317 -0.201535 -0.976083
1548339597.89444 0.356152 -1.59947 1.50146 0.0632749 0.053766 -0.19527 -0.977228
1548339597.92781 0.354935 -1.60313 1.50108 0.0615039 0.0543855 -0.194466 -0.977467
1548339597.96117 0.353898 -1.60633 1.50156 0.0581561 0.053627 -0.192807 -0.978043
1548339597.99447 0.352583 -1.60864 1.50245 0.0613287 0.0561172 -0.186938 -0.978848
1548339598.02770 0.351712 -1.611 1.504 0.0596701 0.0522684 -0.189714 -0.97863
1548339598.06090 0.351153 -1.61291 1.50576 0.0597359 0.0534486 -0.186239 -0.979229
1548339598.09451 0.350638 -1.61443 1.50748 0.0618947 0.0557812 -0.180836 -0.979977
1548339598.12789 0.350488 -1.61623 1.50975 0.0630254 0.0535534 -0.181336 -0.979937
1548339598.16114 0.350503 -1.61717 1.51198 0.0656716 0.0567991 -0.177283 -0.980322
1548339598.19429 0.350654 -1.61845 1.51435 0.0631391 0.0588076 -0.171338 -0.981427
1548339598.22779 0.350435 -1.61891 1.51631 0.0673716 0.0605652 -0.168732 -0.98149
1548339598.26076 0.35053 -1.61933 1.51814 0.0687548 0.0600715 -0.166587 -0.981791
1548339598.29423 0.350528 -1.61947 1.51998 0.0713675 0.062258 -0.161672 -0.98229
1548339598.32727 0.35172 -1.62003 1.52158 0.0711938 0.0621067 -0.155929 -0.98324
1548339598.36090 0.352503 -1.62052 1.52362 0.0677987 0.0600334 -0.15514 -0.983733
1548339598.39411 0.35427 -1.62002 1.52523 0.0729924 0.0587669 -0.153574 -0.983684
1548339598.42749 0.356378 -1.61968 1.52705 0.074511 0.0630728 -0.14637 -0.984401
1548339598.46089 0.358832 -1.61975 1.52926 0.0716327 0.058332 -0.14493 -0.98512
1548339598.49415 0.361162 -1.61929 1.53146 0.0765969 0.0585677 -0.144488 -0.984797
1548339598.52771 0.363362 -1.61829 1.53334 0.0767675 0.0615677 -0.139218 -0.98536
1548339598.56072 0.365806 -1.6176 1.53505 0.0783516 0.057895 -0.139646 -0.985398
1548339598.59454 0.367609 -1.61665 1.53593 0.0812982 0.0586185 -0.135463 -0.9857
1548339598.62768 0.36875 -1.61563 1.53659 0.07905 0.0605648 -0.129558 -0.986559
1548339598.66101 0.370156 -1.61514 1.53688 0.0789716 0.0561145 -0.128885 -0.986916
1548339598.69441 0.370803 -1.6147 1.53699 0.0831675 0.0538981 -0.123931 -0.987329
1548339598.72779 0.370939 -1.61389 1.53694 0.084307 0.0558046 -0.118876 -0.987748
1548339598.76127 0.370759 -1.61325 1.53725 0.0843908 0.0539713 -0.117531 -0.988004
1548339598.79409 0.370402 -1.61258 1.53716 0.0872403 0.0534865 -0.112036 -0.988421
1548339598.82783 0.369886 -1.61214 1.53655 0.0862472 0.0576759 -0.103385 -0.989215
1548339598.86134 0.369258 -1.61218 1.53606 0.0886186 0.0570092 -0.0969313 -0.989698
1548339598.89463 0.367979 -1.6116 1.53434 0.0946432 0.0530572 -0.0812199 -0.990773
1548339598.92799 0.368208 -1.61183 1.53353 0.0924767 0.0485272 -0.0886986 -0.990568
1548339598.96100 0.367432 -1.6124 1.5321 0.0930794 0.0452334 -0.0875687 -0.990768
1548339598.99431 0.366376 -1.61267 1.53029 0.0897197 0.0480777 -0.0757292 -0.991919
1548339599.02789 0.365852 -1.61327 1.52754 0.0920411 0.0458367 -0.0718131 -0.992104
1548339599.06086 0.365262 -1.6139 1.52443 0.0886938 0.0439103 -0.0658106 -0.992912
1548339599.09431 0.364092 -1.6143 1.52134 0.0750874 0.0408692 -0.0545246 -0.994846
1548339599.12759 0.363075 -1.61426 1.5179 0.0863866 0.0338548 -0.0523939 -0.994307
1548339599.16080 0.361578 -1.61328 1.51514 0.0851187 0.0324825 -0.041722 -0.994967
1548339599.19437 0.359601 -1.61106 1.51192 0.0857913 0.0301911 -0.0371144 -0.995164
1548339599.22773 0.357834 -1.60881 1.50946 0.085482 0.028833 -0.0261551 -0.995579
1548339599.26091 0.355625 -1.60554 1.50684 0.0885092 0.0276178 -0.0214418 -0.995462
1548339599.29450 0.354178 -1.60191 1.50397 0.0882725 0.0262224 -0.0206493 -0.995537
1548339599.32747 0.353453 -1.5988 1.50119 0.0917178 0.0248701 -0.0188543 -0.995296
1548339599.36088 0.353245 -1.59549 1.49833 0.0937656 0.0255123 -0.0130958 -0.995181
1548339599.39416 0.353121 -1.59301 1.49587 0.0935707 0.0206394 -0.012163 -0.995324
1548339599.42795 0.353142 -1.59067 1.493 0.0943131 0.0154844 -0.0142383 -0.99532
1548339599.46131 0.353062 -1.58889 1.49027 0.0952938 0.0149324 -0.0111923 -0.995274
1548339599.49436 0.353055 -1.58777 1.48773 0.0936809 0.0148811 -0.00702274 -0.995466
1548339599.52770 0.352801 -1.58654 1.48529 0.0952017 0.0139132 -0.00646992 -0.99534
1548339599.56097 0.352853 -1.5861 1.48255 0.0931305 0.0123389 -0.00448247 -0.995567
1548339599.59430 0.352847 -1.58591 1.47982 0.0972055 0.0121489 -0.0013692 -0.995189
1548339599.62790 0.353272 -1.58626 1.47755 0.0916517 0.00988325 0.000994602 -0.995742
1548339599.66095 0.353201 -1.58584 1.47475 0.0935118 0.0119539 0.00285072 -0.995542
1548339599.69450 0.353457 -1.58538 1.47164 0.0924026 0.0101753 0.00459452 -0.995659
1548339599.72796 0.354512 -1.58563 1.46871 0.0887469 0.00891866 0.00742447 -0.995987
1548339599.76115 0.354959 -1.58499 1.46548 0.0878368 0.00758846 0.00484398 -0.996094
1548339599.79436 0.355624 -1.5847 1.46221 0.0893462 0.00817334 0.00945531 -0.995922
1548339599.82770 0.356378 -1.58368 1.45913 0.0910113 0.00621359 0.0095101 -0.995785
1548339599.86109 0.357032 -1.58274 1.45664 0.0899219 0.00692819 0.00918541 -0.995882
1548339599.89437 0.357114 -1.58229 1.4546 0.0898531 0.00797222 0.0119069 -0.995852
1548339599.92771 0.356865 -1.58227 1.45235 0.0897059 0.00666456 0.0139711 -0.995848
1548339599.96114 0.356839 -1.5827 1.45052 0.0910739 0.00765149 0.0157824 -0.99569
1548339599.99434 0.356432 -1.58312 1.44994 0.0908414 0.010447 0.0183584 -0.995641
1548339600.02772 0.355627 -1.58351 1.45106 0.0891955 0.0113789 0.021749 -0.995712
1548339600.06089 0.354464 -1.58375 1.4539 0.0906273 0.0118171 0.021778 -0.995577
1548339600.09425 0.353546 -1.58397 1.4569 0.0915869 0.0111676 0.0210486 -0.995512
1548339600.12762 0.352376 -1.58489 1.46089 0.0929985 0.0139828 0.0247313 -0.995261
1548339600.16096 0.350907 -1.5858 1.46511 0.0950147 0.0163813 0.0288341 -0.994923
1548339600.19455 0.348581 -1.58711 1.46999 0.101527 0.016684 0.0299469 -0.994242
1548339600.22791 0.346099 -1.58921 1.47554 0.102741 0.0227119 0.0368712 -0.993765
1548339600.26114 0.343235 -1.59151 1.48091 0.102457 0.0238153 0.0417141 -0.993577
1548339600.29451 0.340235 -1.59313 1.48573 0.105054 0.0244771 0.044502 -0.993169
1548339600.32756 0.33712 -1.59495 1.49047 0.107535 0.0226858 0.0480359 -0.992781
1548339600.36111 0.33437 -1.59685 1.49497 0.108614 0.0272177 0.0550834 -0.992184
1548339600.39431 0.331669 -1.59855 1.49855 0.109019 0.0262512 0.0605209 -0.991848
1548339600.42801 0.328702 -1.60015 1.50177 0.109992 0.0262925 0.0639476 -0.991525
1548339600.46117 0.325652 -1.60118 1.50464 0.11233 0.0283823 0.068503 -0.990901
1548339600.49446 0.322439 -1.602 1.50766 0.11318 0.0294433 0.0700971 -0.990661
1548339600.52785 0.319123 -1.60274 1.51041 0.116366 0.0316816 0.0746659 -0.989889
1548339600.56081 0.315484 -1.60316 1.51284 0.123108 0.0268265 0.0771546 -0.989026
1548339600.59428 0.31222 -1.60304 1.51547 0.129537 0.0275263 0.0800611 -0.987954
1548339600.62774 0.309827 -1.60216 1.5175 0.123393 0.0332708 0.0810624 -0.988482
1548339600.66092 0.307036 -1.60293 1.52024 0.129081 0.0291848 0.0860737 -0.98746
1548339600.69430 0.304754 -1.60292 1.5229 0.127692 0.0326947 0.0911852 -0.987072
1548339600.72770 0.30187 -1.60409 1.52572 0.127402 0.0339032 0.0950788 -0.986701
1548339600.76079 0.299621 -1.60509 1.52818 0.129402 0.0335264 0.098562 -0.986112
1548339600.79405 0.297455 -1.60687 1.53109 0.129574 0.0325469 0.101754 -0.985798
1548339600.82745 0.294999 -1.60848 1.53417 0.131164 0.031066 0.106943 -0.985086
1548339600.86096 0.29204 -1.6099 1.53757 0.131528 0.0323831 0.110561 -0.984595
1548339600.89430 0.288762 -1.61137 1.54111 0.13278 0.0330857 0.113172 -0.984107
1548339600.92751 0.284462 -1.61262 1.54452 0.135329 0.0324896 0.117575 -0.983263
1548339600.96082 0.280183 -1.61366 1.54775 0.136658 0.0334816 0.121459 -0.982574
1548339600.99412 0.275824 -1.61461 1.55043 0.137248 0.0354582 0.123121 -0.982215
1548339601.02768 0.271798 -1.61575 1.55253 0.137072 0.0333424 0.126987 -0.981822
1548339601.06093 0.267678 -1.61689 1.55407 0.138746 0.0311552 0.131948 -0.981004
1548339601.09447 0.264228 -1.61847 1.55543 0.136313 0.0303478 0.135575 -0.980876
1548339601.12762 0.261022 -1.62006 1.55634 0.135522 0.0300673 0.135894 -0.98095
1548339601.16102 0.2582 -1.62209 1.55662 0.138887 0.026251 0.139515 -0.98008
1548339601.19427 0.254739 -1.62411 1.55676 0.13823 0.0241341 0.138959 -0.980306
1548339601.22791 0.251463 -1.62585 1.55653 0.136562 0.0236924 0.140405 -0.980345
1548339601.26115 0.248347 -1.6275 1.55585 0.137326 0.0229812 0.144712 -0.979628
1548339601.29433 0.244943 -1.62891 1.55526 0.132328 0.0246113 0.148439 -0.979719
1548339601.32754 0.2417 -1.62997 1.55452 0.132655 0.0255414 0.148774 -0.9796
1548339601.36101 0.237958 -1.6308 1.55397 0.133854 0.0255301 0.151999 -0.978942
1548339601.39416 0.233733 -1.63195 1.55368 0.135613 0.0258846 0.153993 -0.978379
1548339601.42772 0.229595 -1.63327 1.55292 0.135568 0.0269447 0.153088 -0.978499
1548339601.46091 0.225683 -1.63471 1.55115 0.138651 0.0275031 0.151988 -0.978222
1548339601.49437 0.222444 -1.63685 1.54927 0.13445 0.0293029 0.156622 -0.978026
1548339601.52734 0.219536 -1.6391 1.54716 0.136982 0.0279904 0.153033 -0.978281
1548339601.56095 0.216439 -1.64123 1.54518 0.134774 0.0283665 0.153481 -0.978506
1548339601.59426 0.212554 -1.64369 1.54332 0.136459 0.0249059 0.152567 -0.97851
1548339601.62768 0.208777 -1.64618 1.54103 0.133692 0.025743 0.15452 -0.978564
1548339601.66081 0.204602 -1.64944 1.53841 0.132114 0.0258721 0.154957 -0.978706
1548339601.69434 0.199919 -1.65309 1.5357 0.131083 0.0253701 0.156368 -0.978633
1548339601.72752 0.195162 -1.65711 1.53307 0.129125 0.0257373 0.155959 -0.978949
1548339601.76118 0.19041 -1.66145 1.53017 0.131094 0.0243236 0.154132 -0.979013
1548339601.79412 0.186063 -1.66574 1.52717 0.126708 0.0247007 0.156668 -0.979178
1548339601.82762 0.181108 -1.67045 1.52387 0.128292 0.0221464 0.15602 -0.979137
1548339601.86097 0.177145 -1.67417 1.52064 0.125165 0.0240668 0.155187 -0.979628
1548339601.89434 0.172666 -1.67864 1.5174 0.123538 0.0238711 0.154697 -0.979917
1548339601.92791 0.16822 -1.68337 1.51355 0.122605 0.0216407 0.154428 -0.980128
1548339601.96110 0.163859 -1.68847 1.50974 0.121565 0.0210677 0.154193 -0.980307
1548339601.99434 0.159526 -1.69361 1.50589 0.118691 0.0206434 0.155345 -0.980487
1548339602.02774 0.15465 -1.69899 1.50206 0.114696 0.0205997 0.155599 -0.980923
1548339602.06124 0.149917 -1.7045 1.49822 0.113504 0.0182384 0.154817 -0.981232
1548339602.09430 0.144517 -1.70974 1.49472 0.108874 0.0201852 0.15324 -0.981966
1548339602.12748 0.138803 -1.7151 1.49111 0.108104 0.0205837 0.153963 -0.981929
1548339602.16107 0.133413 -1.72052 1.48778 0.105011 0.0219594 0.155832 -0.98194
1548339602.19425 0.128264 -1.72544 1.48474 0.105527 0.0212 0.154881 -0.982052
1548339602.22771 0.12328 -1.73035 1.48213 0.103168 0.0217077 0.156261 -0.982073
1548339602.26107 0.118553 -1.73528 1.47994 0.101279 0.0214148 0.154868 -0.982497
1548339602.29413 0.113785 -1.73945 1.47753 0.105742 0.0212924 0.153598 -0.982229
1548339602.32772 0.108875 -1.7445 1.47643 0.100688 0.0218591 0.155555 -0.982439
1548339602.36096 0.104083 -1.74835 1.47513 0.105736 0.019502 0.152594 -0.982423
1548339602.39402 0.0991067 -1.75264 1.47485 0.101771 0.0238648 0.151668 -0.982889
1548339602.42774 0.094403 -1.75659 1.47457 0.103992 0.0222784 0.149396 -0.983041
1548339602.46097 0.0895088 -1.76101 1.47495 0.102054 0.0223599 0.149598 -0.983212
1548339602.49434 0.0845874 -1.76497 1.47572 0.104094 0.0225085 0.149052 -0.983078
1548339602.52762 0.0797331 -1.76877 1.47721 0.106238 0.0211499 0.148896 -0.982902
1548339602.56078 0.074828 -1.77262 1.4794 0.104994 0.0217944 0.148456 -0.983088
1548339602.59465 0.0704591 -1.77665 1.48133 0.107987 0.021556 0.148407 -0.982776
1548339602.62749 0.0658435 -1.78071 1.48357 0.108409 0.0221415 0.146575 -0.982992
1548339602.66108 0.0614777 -1.78514 1.48554 0.109253 0.021344 0.147224 -0.982819
1548339602.69449 0.0569727 -1.78953 1.48761 0.110219 0.0211125 0.148051 -0.982592
1548339602.72786 0.0519908 -1.79385 1.48944 0.109281 0.023518 0.148152 -0.982627
1548339602.76108 0.0472554 -1.79841 1.49139 0.108343 0.0229014 0.148497 -0.982693
1548339602.79443 0.0424648 -1.80252 1.49328 0.107544 0.023075 0.150222 -0.982515
1548339602.82776 0.0376635 -1.80613 1.49518 0.109299 0.0227653 0.150723 -0.982252
1548339602.86120 0.0328594 -1.80943 1.49701 0.11013 0.0243219 0.153142 -0.981747
1548339602.89454 0.0279064 -1.81247 1.49887 0.110918 0.0238107 0.151676 -0.981898
1548339602.92782 0.0227679 -1.81501 1.50053 0.112276 0.0256698 0.152979 -0.981495
1548339602.96128 0.0174692 -1.81835 1.50287 0.105088 0.0279431 0.154977 -0.981916
1548339602.99433 0.0128513 -1.82055 1.50398 0.111631 0.0263287 0.156534 -0.980991
1548339603.02756 0.00840739 -1.82364 1.50615 0.106589 0.0271562 0.158633 -0.981192
1548339603.06077 0.00490529 -1.82551 1.50785 0.110163 0.024757 0.15877 -0.980838
1548339603.09428 0.00203719 -1.82665 1.50979 0.116555 0.0211533 0.158331 -0.980255
1548339603.12763 -0.000736441 -1.82786 1.51251 0.114367 0.0206629 0.161899 -0.97994
1548339603.16075 -0.00328449 -1.82794 1.51455 0.121014 0.0155557 0.160441 -0.979476
1548339603.19428 -0.00640723 -1.82799 1.5173 0.118574 0.0166637 0.165569 -0.978902
1548339603.22751 -0.0097555 -1.8271 1.51934 0.123076 0.0135912 0.166562 -0.978225
1548339603.26086 -0.0137627 -1.82623 1.52107 0.124388 0.0123451 0.168051 -0.977821
1548339603.29428 -0.0179213 -1.82559 1.52227 0.127228 0.0120593 0.171592 -0.976844
1548339603.32772 -0.0226396 -1.82519 1.52352 0.124896 0.0146415 0.17542 -0.97643
1548339603.36082 -0.0275226 -1.82519 1.52424 0.126121 0.0136515 0.176941 -0.976012
1548339603.39400 -0.0320843 -1.82511 1.52404 0.130411 0.0130498 0.179527 -0.974983
1548339603.42796 -0.0364069 -1.82599 1.52352 0.126036 0.0152456 0.184381 -0.974621
1548339603.46104 -0.0407315 -1.82697 1.52225 0.125751 0.0129295 0.188486 -0.973906
1548339603.49450 -0.0452431 -1.82795 1.52069 0.124608 0.0124282 0.19208 -0.973357
1548339603.52765 -0.0491018 -1.82844 1.51868 0.123802 0.0127933 0.195872 -0.972699
1548339603.56109 -0.0525486 -1.82859 1.51621 0.126678 0.00675366 0.198083 -0.971941
1548339603.59440 -0.0557394 -1.82899 1.51408 0.123848 0.00280767 0.202662 -0.971381
1548339603.62772 -0.0596831 -1.82886 1.51222 0.122233 0.00121726 0.209754 -0.970083
1548339603.66096 -0.0643109 -1.82831 1.51029 0.125665 -0.00193868 0.213689 -0.968783
1548339603.69443 -0.0686466 -1.82784 1.50875 0.128626 -0.000900707 0.222306 -0.966455
1548339603.72788 -0.0728658 -1.82751 1.50798 0.127132 -0.0022272 0.225303 -0.965956
1548339603.76100 -0.0767016 -1.8266 1.5071 0.126083 -0.00251899 0.228311 -0.965386
1548339603.79433 -0.0801989 -1.82596 1.50624 0.121515 -0.00314323 0.232641 -0.964937
1548339603.82741 -0.0831661 -1.82521 1.50472 0.118682 -0.00235497 0.235894 -0.964501
1548339603.86094 -0.0852744 -1.82475 1.50311 0.116172 -0.00253909 0.235095 -0.965002
1548339603.89429 -0.0870198 -1.82385 1.50095 0.114324 -0.00334531 0.237044 -0.964743
1548339603.92757 -0.088575 -1.82254 1.49852 0.112545 -0.00180593 0.238376 -0.964628
1548339603.96091 -0.0898376 -1.82097 1.49626 0.111171 0.000122981 0.233996 -0.965861
1548339603.99442 -0.0909721 -1.81873 1.49352 0.111527 -0.000922096 0.235818 -0.965376
1548339604.02761 -0.0916783 -1.81608 1.49084 0.114683 3.54778e-05 0.236562 -0.964824
1548339604.06068 -0.0922349 -1.81411 1.48897 0.111241 -9.64036e-05 0.233314 -0.966018
1548339604.09434 -0.0920606 -1.81175 1.48672 0.113416 0.000681491 0.232504 -0.96596
1548339604.12751 -0.0916649 -1.80929 1.48433 0.112991 0.0015773 0.232646 -0.965974
1548339604.16114 -0.090843 -1.80674 1.48167 0.117183 0.000756082 0.229793 -0.966159
1548339604.19457 -0.0901768 -1.80421 1.47883 0.11647 0.00112175 0.227831 -0.966709
1548339604.22761 -0.0890509 -1.80107 1.47548 0.121289 -6.76914e-05 0.227383 -0.966222
1548339604.26098 -0.0880645 -1.79805 1.47208 0.123697 -0.00304987 0.22283 -0.966973
1548339604.29395 -0.086983 -1.79498 1.46856 0.126033 -0.00168478 0.223127 -0.966606
1548339604.32771 -0.0860058 -1.79196 1.46531 0.123943 -0.00208988 0.222144 -0.967102
1548339604.36096 -0.0848535 -1.78889 1.46219 0.127759 -0.00314549 0.219021 -0.967315
1548339604.39418 -0.0836348 -1.78658 1.45974 0.130049 -0.00313904 0.218569 -0.967112
1548339604.42783 -0.0825687 -1.78432 1.45764 0.129586 -0.00382936 0.216207 -0.967702
1548339604.46097 -0.0817434 -1.782 1.45561 0.129287 -0.0050066 0.214177 -0.968188
1548339604.49454 -0.0806052 -1.78044 1.45333 0.129152 -0.00413829 0.212987 -0.968473
1548339604.52791 -0.0794947 -1.77917 1.45097 0.128043 -0.00381431 0.211834 -0.968874
1548339604.56115 -0.0782715 -1.77792 1.44866 0.12653 -0.00282213 0.211761 -0.969092
1548339604.59408 -0.076678 -1.77647 1.44665 0.124478 -0.00195851 0.207589 -0.970262
1548339604.62758 -0.0745916 -1.77511 1.44445 0.123017 -0.00175412 0.204562 -0.971091
1548339604.66081 -0.0722207 -1.77395 1.44223 0.120948 -0.00235264 0.204102 -0.971447
1548339604.69436 -0.0697341 -1.77272 1.44028 0.120269 -0.00253675 0.199353 -0.972516
1548339604.72755 -0.0673034 -1.77113 1.43844 0.119726 -0.00329903 0.197499 -0.972959
1548339604.76074 -0.0648185 -1.76959 1.4372 0.118997 -0.00103577 0.19434 -0.973689
1548339604.79434 -0.0626263 -1.7675 1.43584 0.120106 0.00116245 0.188433 -0.974713
1548339604.82772 -0.0604915 -1.76617 1.43488 0.116368 0.00279213 0.187944 -0.975258
1548339604.86082 -0.0582954 -1.76408 1.43375 0.117955 0.00264678 0.183493 -0.975915
1548339604.89397 -0.0563192 -1.762 1.43283 0.11944 0.00508923 0.177713 -0.976794
1548339604.92762 -0.0545003 -1.76054 1.432 0.117134 0.0066319 0.178331 -0.976951
1548339604.96084 -0.0524502 -1.75892 1.43092 0.118412 0.00536781 0.175441 -0.977328
1548339604.99420 -0.0505897 -1.75746 1.42976 0.119764 0.00553405 0.173363 -0.977533
1548339605.02777 -0.0491156 -1.75637 1.42887 0.117068 0.00584082 0.172594 -0.977994
1548339605.06086 -0.0474719 -1.75512 1.42802 0.117101 0.00638252 0.173142 -0.97789
1548339605.09449 -0.0461287 -1.75285 1.42726 0.11941 0.00385203 0.171034 -0.977995
1548339605.12797 -0.0448526 -1.75009 1.42697 0.120251 0.00384113 0.170456 -0.977993
1548339605.16101 -0.0435624 -1.74735 1.42733 0.116652 0.00729816 0.171742 -0.978184
1548339605.19453 -0.0420352 -1.74374 1.42752 0.118041 0.00655954 0.170551 -0.978231
1548339605.22778 -0.0402383 -1.73954 1.42748 0.123523 0.00326939 0.168541 -0.977919
1548339605.26100 -0.0388981 -1.73582 1.42812 0.122517 0.00465122 0.166346 -0.978416
1548339605.29465 -0.0377694 -1.73159 1.42837 0.124686 0.00513353 0.163925 -0.978548
1548339605.32754 -0.0365171 -1.72785 1.4285 0.12866 0.00305664 0.16112 -0.978508
1548339605.36110 -0.0353403 -1.72477 1.42865 0.128039 0.00420774 0.159979 -0.978772
1548339605.39420 -0.0341509 -1.72179 1.42834 0.131279 0.00417107 0.157955 -0.978672
1548339605.42780 -0.0332682 -1.71932 1.4281 0.131465 0.00318982 0.159089 -0.978467
1548339605.46090 -0.0320755 -1.71743 1.42807 0.131417 0.00294317 0.160005 -0.978325
1548339605.49446 -0.030891 -1.71563 1.42836 0.128583 0.00427183 0.158866 -0.978882
1548339605.52749 -0.0295987 -1.71358 1.4287 0.130695 0.00227396 0.158395 -0.978685
1548339605.56120 -0.0289237 -1.7122 1.43027 0.125846 0.00296924 0.163125 -0.978542
1548339605.59440 -0.0282597 -1.70984 1.43171 0.130148 0.00275435 0.160494 -0.978415
1548339605.62779 -0.0276676 -1.70794 1.43422 0.127693 0.00450764 0.161051 -0.97864
1548339605.66083 -0.0274911 -1.70581 1.43688 0.12783 0.00608363 0.162483 -0.978377
1548339605.69437 -0.0268924 -1.70382 1.43932 0.130575 0.00548148 0.163748 -0.977807
1548339605.72770 -0.0270554 -1.70132 1.44192 0.131914 0.0097017 0.161876 -0.977906
1548339605.76081 -0.0272702 -1.69928 1.44427 0.132458 0.00960713 0.163427 -0.977576
1548339605.79454 -0.0279473 -1.69722 1.44634 0.133955 0.00969042 0.165394 -0.97704
1548339605.82772 -0.0282308 -1.69532 1.44798 0.137264 0.00918112 0.168362 -0.976078
1548339605.86112 -0.0287903 -1.69359 1.44963 0.137648 0.00934538 0.172387 -0.97532
1548339605.89443 -0.0291998 -1.69167 1.45101 0.139833 0.00651606 0.174971 -0.974571
1548339605.92780 -0.0299046 -1.69019 1.45279 0.135565 0.00602307 0.176076 -0.974979
1548339605.96127 -0.03085 -1.68846 1.45389 0.135855 0.00345552 0.179014 -0.974415
1548339605.99457 -0.031604 -1.68698 1.45463 0.14058 0.0029989 0.182685 -0.973065
1548339606.02773 -0.0327595 -1.68645 1.4559 0.135587 0.00296339 0.182679 -0.973774
1548339606.06079 -0.0337327 -1.68591 1.45645 0.134632 -0.000210638 0.183118 -0.973829
1548339606.09433 -0.0349264 -1.68537 1.45709 0.137052 -0.000258859 0.186448 -0.972859
1548339606.12775 -0.0364367 -1.68512 1.45797 0.137248 -0.000423193 0.188603 -0.972415
1548339606.16078 -0.0383732 -1.68482 1.45899 0.13332 3.47642e-05 0.189774 -0.972734
1548339606.19447 -0.040267 -1.68436 1.46018 0.131816 0.000229379 0.191808 -0.97254
1548339606.22764 -0.0415772 -1.68374 1.46108 0.132251 0.000845398 0.192061 -0.972431
1548339606.26093 -0.0422761 -1.68318 1.46171 0.136988 0.00107302 0.193112 -0.971566
1548339606.29435 -0.0433828 -1.68281 1.46257 0.133714 0.000802571 0.193179 -0.972009
1548339606.32765 -0.0441693 -1.68207 1.46323 0.132757 -0.000583181 0.194202 -0.971937
1548339606.36083 -0.0443671 -1.68162 1.46385 0.134902 -0.00198823 0.194966 -0.971486
1548339606.39433 -0.0446095 -1.68204 1.46458 0.134895 -0.00305174 0.197561 -0.97096
1548339606.42769 -0.0454587 -1.68284 1.46574 0.130244 -0.00435596 0.194669 -0.972174
1548339606.46100 -0.045487 -1.68275 1.4665 0.135905 -0.00593282 0.19784 -0.970749
1548339606.49446 -0.0468031 -1.68294 1.46807 0.129374 -0.00383728 0.198415 -0.971534
1548339606.52769 -0.0474873 -1.68307 1.46907 0.130281 -0.0036438 0.199754 -0.97114
1548339606.56086 -0.0479401 -1.683 1.46983 0.129819 -0.00304011 0.200825 -0.970983
1548339606.59463 -0.0478929 -1.68256 1.47046 0.130385 -0.00400801 0.201576 -0.970748
1548339606.62791 -0.0481634 -1.68227 1.47086 0.130612 -0.00391369 0.200353 -0.970971
1548339606.66095 -0.0479632 -1.68188 1.4708 0.129465 -0.00363763 0.202659 -0.970647
1548339606.69451 -0.0473416 -1.68161 1.47056 0.129484 -0.00426781 0.201377 -0.970908
1548339606.72800 -0.0465435 -1.68127 1.47014 0.129808 -0.00539277 0.199223 -0.971304
1548339606.76112 -0.0458687 -1.68099 1.46955 0.129917 -0.00663681 0.200248 -0.971071
1548339606.79451 -0.0452502 -1.68069 1.46896 0.129733 -0.00726455 0.199801 -0.971183
1548339606.82768 -0.0445923 -1.68049 1.46853 0.131422 -0.00578961 0.198107 -0.971313
1548339606.86112 -0.0443012 -1.68013 1.46777 0.129083 -0.00772088 0.198813 -0.971469
1548339606.89425 -0.0433975 -1.68039 1.46664 0.132365 -0.00966584 0.201648 -0.970425
1548339606.92791 -0.0431317 -1.68115 1.46626 0.132134 -0.00621446 0.202168 -0.970376
1548339606.96119 -0.0434787 -1.68174 1.46601 0.128409 -0.00625268 0.199625 -0.971402
1548339606.99437 -0.0427896 -1.68185 1.46522 0.131118 -0.00807186 0.203189 -0.970287
1548339607.02774 -0.0424631 -1.68206 1.46466 0.13117 -0.0088589 0.203119 -0.970288
1548339607.06089 -0.0422523 -1.68186 1.46408 0.1299 -0.00856648 0.20216 -0.970662
1548339607.09432 -0.0424474 -1.68172 1.46364 0.130657 -0.00778732 0.201676 -0.970667
1548339607.12774 -0.0427008 -1.68141 1.4635 0.13014 -0.00915069 0.200877 -0.97089
1548339607.16089 -0.0426032 -1.68119 1.46331 0.131665 -0.00993455 0.201826 -0.97048
1548339607.19423 -0.0435887 -1.68144 1.46358 0.127263 -0.00871144 0.198319 -0.971801
1548339607.22758 -0.0438582 -1.68141 1.46331 0.128615 -0.00864295 0.199948 -0.97129
1548339607.26101 -0.0445143 -1.6813 1.46305 0.128215 -0.00689352 0.200011 -0.971344
1548339607.29446 -0.0450669 -1.68124 1.46276 0.127616 -0.00602633 0.200365 -0.971356
1548339607.32763 -0.0455997 -1.68159 1.46232 0.126943 -0.00620758 0.201572 -0.971193
1548339607.36084 -0.046056 -1.68191 1.46166 0.127809 -0.00558681 0.203355 -0.970711
1548339607.39447 -0.0466245 -1.68207 1.46126 0.128638 -0.00589543 0.202202 -0.970841
1548339607.42780 -0.0474281 -1.68205 1.46089 0.126246 -0.00666294 0.201785 -0.971236
1548339607.46089 -0.0480498 -1.68225 1.46031 0.125291 -0.00589588 0.202043 -0.971312
1548339607.49448 -0.0492171 -1.68244 1.45981 0.12397 -0.00503341 0.198892 -0.972136
1548339607.52795 -0.0497612 -1.68243 1.45927 0.124605 -0.00501448 0.200551 -0.971714
1548339607.56119 -0.05042 -1.6826 1.4588 0.124519 -0.00471962 0.200363 -0.971765
1548339607.59456 -0.0511064 -1.6829 1.45829 0.124401 -0.0045931 0.200049 -0.971846
1548339607.62779 -0.0517618 -1.6831 1.45778 0.124712 -0.00485989 0.201939 -0.971413
1548339607.66117 -0.0525885 -1.68335 1.45761 0.125514 -0.00395887 0.201593 -0.971386
1548339607.69457 -0.0540851 -1.6834 1.45759 0.1232 -0.00442079 0.19906 -0.972202
1548339607.72789 -0.0549464 -1.68341 1.45742 0.123065 -0.00432888 0.202435 -0.971523
1548339607.76114 -0.0561047 -1.68362 1.45761 0.12156 -0.00274754 0.203102 -0.971579
1548339607.79444 -0.0569889 -1.68366 1.45753 0.122686 -0.00274566 0.202973 -0.971464
1548339607.82763 -0.0579538 -1.68396 1.4576 0.123344 -0.00275454 0.203133 -0.971347
1548339607.86094 -0.0586439 -1.68423 1.45759 0.127346 -0.0029425 0.204007 -0.970647
1548339607.89438 -0.0592732 -1.68454 1.45781 0.126438 -0.00364897 0.20361 -0.970847
1548339607.92777 -0.0603686 -1.68428 1.45778 0.1234 -0.0036961 0.203359 -0.97129
1548339607.96094 -0.0611232 -1.68417 1.45768 0.123283 -0.00307601 0.204218 -0.971126
1548339607.99437 -0.0615942 -1.68407 1.45758 0.123323 -0.00262048 0.204026 -0.971163
1548339608.02735 -0.0619106 -1.68399 1.45737 0.123104 -0.00231099 0.20444 -0.971105
1548339608.06084 -0.0621585 -1.68427 1.45708 0.124118 -0.00327108 0.204531 -0.970954
1548339608.09437 -0.0623329 -1.68465 1.4568 0.124272 -0.00374495 0.204109 -0.971021
1548339608.12780 -0.0625344 -1.68478 1.45643 0.124412 -0.00285831 0.205337 -0.970747
1548339608.16094 -0.062845 -1.68504 1.45621 0.12313 -0.00178911 0.206281 -0.970713
1548339608.19443 -0.0630548 -1.68528 1.45609 0.121799 -0.0013688 0.20411 -0.97134
1548339608.22790 -0.0630926 -1.68533 1.45576 0.120975 -0.000883544 0.204128 -0.97144
1548339608.26139 -0.062976 -1.68548 1.45531 0.122432 -0.00235031 0.203724 -0.97134
1548339608.29459 -0.0630943 -1.6856 1.45514 0.122023 -0.00203704 0.203422 -0.971456
1548339608.32770 -0.0630672 -1.68574 1.45501 0.121984 -0.00167146 0.202347 -0.971685
1548339608.36087 -0.0629017 -1.68601 1.45476 0.121815 -0.00207477 0.2021 -0.971757
1548339608.39453 -0.0624971 -1.68644 1.45449 0.121305 -0.00215632 0.201473 -0.971951
1548339608.42784 -0.0620982 -1.68682 1.45426 0.120888 -0.00219544 0.200458 -0.972213
1548339608.46089 -0.061846 -1.68707 1.45408 0.120264 -0.00228174 0.201288 -0.972118
1548339608.49458 -0.0615458 -1.68723 1.45404 0.120757 -0.0022841 0.199981 -0.972327
1548339608.52762 -0.0611847 -1.68732 1.45391 0.121526 -0.0026564 0.197852 -0.972666
1548339608.56107 -0.0609664 -1.68753 1.45367 0.121229 -0.00286322 0.198527 -0.972565
1548339608.59438 -0.0605287 -1.68779 1.45332 0.123976 -0.00372979 0.199505 -0.972015
1548339608.62764 -0.0605353 -1.68818 1.45338 0.12146 -0.00183853 0.199361 -0.972368
1548339608.66121 -0.0607184 -1.68857 1.45326 0.120634 -0.00143073 0.199009 -0.972543
1548339608.69433 -0.0606431 -1.68923 1.45311 0.120473 -0.000257636 0.198777 -0.972612
1548339608.72768 -0.0605795 -1.68955 1.45292 0.119695 -0.000415179 0.198072 -0.972852
1548339608.76107 -0.0603878 -1.68995 1.45281 0.119674 -0.000902235 0.197914 -0.972886
1548339608.79437 -0.0602736 -1.69028 1.45268 0.119496 -0.00105979 0.198278 -0.972834
1548339608.82758 -0.0603666 -1.69073 1.4526 0.119478 -0.00093436 0.198123 -0.972868
1548339608.86091 -0.0605652 -1.69115 1.45257 0.119642 -0.000869866 0.198031 -0.972866
1548339608.89414 -0.060764 -1.69161 1.45251 0.119789 -0.000983712 0.198261 -0.972801
1548339608.92757 -0.0610403 -1.69198 1.45243 0.119474 -0.000734936 0.198945 -0.972701
1548339608.96105 -0.0613146 -1.69226 1.45245 0.119809 -0.000256773 0.19811 -0.97283
1548339608.99416 -0.0616577 -1.69275 1.45253 0.118254 0.000904383 0.198193 -0.973003
1548339609.02752 -0.0619469 -1.6931 1.45234 0.119141 9.53549e-05 0.19778 -0.972979
1548339609.06084 -0.0620981 -1.69349 1.45225 0.119635 -0.000144694 0.197572 -0.972961
1548339609.09451 -0.0623477 -1.69375 1.45218 0.11923 0.0003032 0.197508 -0.973023
1548339609.12784 -0.0625817 -1.6942 1.45209 0.119222 0.000274131 0.197968 -0.972931
1548339609.16120 -0.0628232 -1.69471 1.45207 0.119214 0.000286926 0.197797 -0.972967
1548339609.19456 -0.062989 -1.69516 1.45207 0.119414 0.000626304 0.195892 -0.973327
1548339609.22799 -0.0632223 -1.6958 1.45193 0.118853 0.000876486 0.196901 -0.973192
1548339609.26101 -0.0634156 -1.69656 1.45159 0.120012 0.000114771 0.19768 -0.972893
1548339609.29451 -0.0637129 -1.69728 1.45147 0.119715 3.85463e-05 0.197247 -0.973017
1548339609.32779 -0.0640704 -1.69786 1.45148 0.118124 0.0004526 0.196649 -0.973332
1548339609.36111 -0.0642257 -1.69837 1.45123 0.118064 0.00045143 0.196542 -0.973361
1548339609.39413 -0.0642763 -1.69901 1.45097 0.118197 0.000580756 0.195787 -0.973497
1548339609.42767 -0.0643828 -1.69959 1.45081 0.117117 0.000884099 0.196505 -0.973483
1548339609.46114 -0.0644743 -1.70015 1.45074 0.116808 0.000867048 0.196691 -0.973482
1548339609.49438 -0.0645303 -1.70069 1.45069 0.116864 0.000868751 0.196045 -0.973606
1548339609.52759 -0.0646109 -1.70123 1.45075 0.116985 0.00162911 0.195841 -0.973631
1548339609.56094 -0.0646743 -1.70148 1.45065 0.118235 0.000875839 0.195921 -0.973465
1548339609.59445 -0.06495 -1.70179 1.45074 0.118678 0.00100085 0.19581 -0.973434
1548339609.62752 -0.0652331 -1.70204 1.45082 0.11866 0.00134778 0.195605 -0.973477
1548339609.66108 -0.0654289 -1.70255 1.45089 0.119648 0.0008361 0.194485 -0.973581
1548339609.69434 -0.0658123 -1.70307 1.45115 0.117367 0.00163552 0.193975 -0.973959
1548339609.72781 -0.0661982 -1.70345 1.45146 0.116976 0.0015549 0.195071 -0.973787
1548339609.76099 -0.0664097 -1.70337 1.45187 0.119903 0.001287 0.195491 -0.973347
1548339609.79451 -0.0668086 -1.70309 1.45255 0.119029 0.00134099 0.195496 -0.973454
1548339609.82784 -0.0670297 -1.7028 1.45305 0.117746 0.00249805 0.195402 -0.973626
1548339609.86114 -0.0671503 -1.70243 1.45314 0.118176 0.00249749 0.194731 -0.973708
1548339609.89444 -0.0674505 -1.7021 1.45299 0.118362 0.00266624 0.195405 -0.97355
1548339609.92789 -0.0678871 -1.70181 1.45274 0.119057 0.00277944 0.195454 -0.973455
1548339609.96126 -0.0685324 -1.70132 1.45235 0.118685 0.00377111 0.196248 -0.973338
1548339609.99445 -0.0688621 -1.70117 1.45185 0.118658 0.00434947 0.196257 -0.973337
1548339610.02765 -0.0689167 -1.70065 1.45093 0.117753 0.00180297 0.195684 -0.97357
1548339610.06118 -0.068851 -1.70025 1.45034 0.117963 0.000890616 0.195023 -0.973679
1548339610.09468 -0.0688601 -1.69976 1.44993 0.11777 0.000614205 0.195141 -0.973679
1548339610.12779 -0.0688387 -1.69904 1.44975 0.116777 0.00124506 0.194545 -0.973917
1548339610.16121 -0.0688752 -1.69801 1.4498 0.117494 0.00108703 0.193821 -0.973975
1548339610.19424 -0.068972 -1.69677 1.44992 0.118058 0.00193789 0.193448 -0.97398
1548339610.22746 -0.069017 -1.69537 1.44996 0.117902 0.00328155 0.191976 -0.974286
1548339610.26101 -0.0692549 -1.6939 1.45011 0.118233 0.00411471 0.189651 -0.974698
1548339610.29452 -0.0694914 -1.69233 1.45008 0.117984 0.00363749 0.190538 -0.974557
1548339610.32768 -0.0694959 -1.69095 1.45013 0.118214 0.00455342 0.189558 -0.974717
1548339610.36090 -0.0693975 -1.68956 1.45005 0.118749 0.00521411 0.189183 -0.974721
1548339610.39446 -0.0695314 -1.68824 1.45002 0.119685 0.00510727 0.189896 -0.974468
1548339610.42746 -0.0699989 -1.68661 1.4499 0.121417 0.00398176 0.189174 -0.9744
1548339610.46106 -0.0702852 -1.68539 1.44975 0.122092 0.00451409 0.189868 -0.974178
1548339610.49447 -0.0707667 -1.68446 1.4496 0.121934 0.00493578 0.190259 -0.97412
1548339610.52754 -0.0711495 -1.68373 1.44943 0.122455 0.00509949 0.190006 -0.974103
1548339610.56128 -0.0714146 -1.68292 1.44927 0.122659 0.00570626 0.189428 -0.974186
1548339610.59450 -0.071615 -1.68211 1.44904 0.12144 0.00604149 0.191038 -0.974023
1548339610.62780 -0.0717986 -1.68137 1.44887 0.121319 0.00418124 0.190456 -0.974162
1548339610.66111 -0.0719129 -1.68091 1.44887 0.120505 0.00347688 0.189848 -0.974384
1548339610.69439 -0.072103 -1.68023 1.44887 0.120513 0.0033683 0.190197 -0.974315
1548339610.72764 -0.0723379 -1.67952 1.44878 0.119946 0.00404799 0.190946 -0.974236
1548339610.76112 -0.0726005 -1.67911 1.44876 0.119948 0.00465627 0.190962 -0.97423
1548339610.79458 -0.0729449 -1.67878 1.44891 0.12059 0.00461701 0.190641 -0.974214
1548339610.82781 -0.0735984 -1.67832 1.44932 0.120293 0.00602995 0.191588 -0.974057
1548339610.86121 -0.0738776 -1.67769 1.44955 0.120888 0.00630034 0.191677 -0.973964
1548339610.89457 -0.0742419 -1.67706 1.44961 0.121127 0.00720936 0.191104 -0.974041
1548339610.92771 -0.0747455 -1.67654 1.44955 0.120082 0.00664485 0.192027 -0.973993
1548339610.96139 -0.0750661 -1.67627 1.44959 0.120453 0.00700847 0.191537 -0.974041
1548339610.99439 -0.0753038 -1.67586 1.44954 0.121188 0.00714773 0.190621 -0.974128
1548339611.02761 -0.0753818 -1.6759 1.44955 0.121084 0.00706724 0.190925 -0.974082
1548339611.06101 -0.0754948 -1.6759 1.44942 0.120632 0.00728715 0.191274 -0.974069
1548339611.09438 -0.0756071 -1.67585 1.44922 0.121365 0.00658905 0.191812 -0.973877
1548339611.12784 -0.0757975 -1.67565 1.44925 0.121723 0.00660096 0.19215 -0.973765
1548339611.16109 -0.0759126 -1.6754 1.44922 0.121806 0.00707843 0.192105 -0.97376
1548339611.19449 -0.0760297 -1.67532 1.44913 0.122026 0.00731239 0.191957 -0.97376
1548339611.22780 -0.0761285 -1.6754 1.4491 0.122481 0.00690673 0.192227 -0.973653
1548339611.26102 -0.0762023 -1.6754 1.44911 0.122075 0.0075826 0.192804 -0.973584
1548339611.29441 -0.076137 -1.67563 1.44905 0.122874 0.00706552 0.192085 -0.97363
1548339611.32765 -0.0761206 -1.676 1.44899 0.122441 0.00696938 0.193175 -0.97347
1548339611.36094 -0.0761032 -1.67635 1.44903 0.122643 0.00669047 0.19331 -0.973419
1548339611.39426 -0.0761146 -1.67663 1.44905 0.122319 0.00680696 0.193551 -0.973412
1548339611.42785 -0.0761043 -1.67711 1.449 0.12289 0.00614842 0.193148 -0.973424
1548339611.46123 -0.0762048 -1.67757 1.44892 0.122522 0.00611611 0.193756 -0.97335
1548339611.49449 -0.0762715 -1.67798 1.4491 0.123652 0.00564937 0.193033 -0.973353
1548339611.52787 -0.0762839 -1.67812 1.44933 0.123088 0.00620622 0.193402 -0.973348
1548339611.56126 -0.0761888 -1.67836 1.44948 0.123097 0.00626171 0.193348 -0.973357
1548339611.59463 -0.0760278 -1.67882 1.44957 0.122829 0.00766716 0.193894 -0.973273
1548339611.62764 -0.0759686 -1.67919 1.44956 0.123015 0.0075629 0.193599 -0.973309
1548339611.66111 -0.0760405 -1.67967 1.4495 0.122736 0.00769406 0.193863 -0.97329
1548339611.69463 -0.0761923 -1.68007 1.44939 0.122791 0.00780618 0.193796 -0.973296
1548339611.72795 -0.0764544 -1.68031 1.44944 0.120753 0.00938601 0.195301 -0.973236
1548339611.76104 -0.0763317 -1.68038 1.44926 0.121928 0.00875927 0.195139 -0.973128
1548339611.79447 -0.0760903 -1.68073 1.4492 0.122382 0.00815836 0.194208 -0.973262
1548339611.82778 -0.0758644 -1.68105 1.44916 0.122403 0.00744003 0.193409 -0.973424
1548339611.86074 -0.0756731 -1.68128 1.44917 0.122155 0.00713441 0.193203 -0.973499
1548339611.89429 -0.0755157 -1.68147 1.44922 0.122301 0.00692678 0.193026 -0.973517
1548339611.92767 -0.0754478 -1.68164 1.44929 0.122543 0.00664929 0.192691 -0.973555
1548339611.96105 -0.0755076 -1.68184 1.44932 0.122708 0.00656651 0.192871 -0.973499
1548339611.99437 -0.0757737 -1.68221 1.44953 0.121165 0.00764763 0.193867 -0.973487
1548339612.02758 -0.0758506 -1.68242 1.44955 0.122342 0.00659912 0.194109 -0.973299
1548339612.06071 -0.076093 -1.68274 1.44973 0.122852 0.00619391 0.194153 -0.973228
1548339612.09438 -0.0763165 -1.68325 1.44976 0.123062 0.00543926 0.193959 -0.973245
1548339612.12746 -0.0766118 -1.68376 1.44973 0.122528 0.00514579 0.194559 -0.973194
1548339612.16097 -0.0769789 -1.68411 1.44977 0.122053 0.00541694 0.195644 -0.973035
1548339612.19462 -0.0774042 -1.68435 1.44995 0.122218 0.00535947 0.195899 -0.972963
1548339612.22805 -0.0778688 -1.68465 1.45032 0.121816 0.00640526 0.196003 -0.972986
1548339612.26122 -0.0781549 -1.68468 1.45037 0.122594 0.00616269 0.197018 -0.972685
1548339612.29407 -0.0783663 -1.68481 1.45053 0.123257 0.0060983 0.197218 -0.972561
1548339612.32767 -0.0785603 -1.68502 1.45063 0.122752 0.00634888 0.19807 -0.97245
1548339612.36108 -0.0787512 -1.68533 1.45069 0.122809 0.00604377 0.197977 -0.972464
1548339612.39431 -0.0789929 -1.68574 1.45068 0.123427 0.00540324 0.197234 -0.972541
1548339612.42790 -0.0793959 -1.68604 1.45057 0.122211 0.00605918 0.198202 -0.972494
1548339612.46110 -0.0798189 -1.68629 1.4505 0.122028 0.00632253 0.199039 -0.972344
1548339612.49456 -0.0802251 -1.68639 1.45058 0.122493 0.00635958 0.199181 -0.972256
1548339612.52792 -0.0805412 -1.68632 1.45068 0.123012 0.00665403 0.199204 -0.972184
1548339612.56115 -0.0808719 -1.68625 1.45074 0.122384 0.00720459 0.200057 -0.972084
1548339612.59426 -0.0811325 -1.68636 1.45081 0.122237 0.00727007 0.200473 -0.972016
1548339612.62761 -0.0813443 -1.68649 1.45089 0.122056 0.00742537 0.200667 -0.971998
1548339612.66100 -0.0815958 -1.68671 1.45094 0.122613 0.00713747 0.20002 -0.972063
1548339612.69414 -0.081891 -1.68689 1.45094 0.122599 0.00723164 0.199968 -0.972075
1548339612.72770 -0.0823337 -1.68674 1.45095 0.121525 0.00696191 0.20057 -0.972088
1548339612.76102 -0.0825669 -1.68669 1.45102 0.122316 0.00703498 0.200164 -0.972072
1548339612.79435 -0.0827236 -1.68664 1.45102 0.122275 0.00742929 0.200342 -0.972037
1548339612.82783 -0.082822 -1.68681 1.45087 0.122567 0.00712383 0.199963 -0.972081
1548339612.86114 -0.0829426 -1.68718 1.45063 0.122304 0.00665862 0.200198 -0.972069
1548339612.89434 -0.0830963 -1.68746 1.45051 0.121797 0.00661852 0.200462 -0.972079
1548339612.92780 -0.0833155 -1.68765 1.45047 0.121785 0.00652495 0.200744 -0.972023
1548339612.96098 -0.0835236 -1.68781 1.45042 0.122364 0.00621408 0.200735 -0.971954
1548339612.99418 -0.0837033 -1.68794 1.45036 0.121538 0.00639227 0.201832 -0.971829
1548339613.02795 -0.0838505 -1.68817 1.45033 0.121256 0.00593529 0.202298 -0.97177
1548339613.06130 -0.0839966 -1.68843 1.45016 0.12059 0.00560383 0.202687 -0.971774
1548339613.09443 -0.0840778 -1.68885 1.44994 0.121345 0.00434233 0.20179 -0.971873
1548339613.12777 -0.0843127 -1.68921 1.44975 0.1208 0.004145 0.202238 -0.971849
1548339613.16116 -0.0846353 -1.68948 1.44967 0.120954 0.00371099 0.201779 -0.971927
1548339613.19463 -0.0851173 -1.68967 1.44966 0.120551 0.00402786 0.201514 -0.97203
1548339613.22786 -0.0859585 -1.69019 1.4497 0.120323 0.00415819 0.20161 -0.972038
1548339613.26119 -0.0870897 -1.69102 1.44967 0.120562 0.00417999 0.20074 -0.972189
1548339613.29416 -0.0888918 -1.69191 1.44949 0.118983 0.00541078 0.200887 -0.972347
1548339613.32789 -0.0911054 -1.69286 1.44915 0.118594 0.00502565 0.199834 -0.972613
1548339613.36103 -0.0934549 -1.69419 1.44882 0.118014 0.00646238 0.199612 -0.972721
1548339613.39426 -0.0959137 -1.69583 1.44822 0.116577 0.00870486 0.199395 -0.972921
1548339613.42766 -0.0983411 -1.69762 1.44743 0.115812 0.0105926 0.198868 -0.973102
1548339613.46110 -0.100996 -1.69916 1.4467 0.115638 0.0102401 0.197843 -0.973335
1548339613.49428 -0.103519 -1.70088 1.44634 0.114702 0.0116299 0.198293 -0.973339
1548339613.52750 -0.105891 -1.70262 1.44649 0.11502 0.0117247 0.196225 -0.973719
1548339613.56107 -0.108257 -1.70457 1.44677 0.114825 0.0117322 0.194031 -0.974181
1548339613.59443 -0.110856 -1.70669 1.44713 0.114667 0.0114131 0.192284 -0.97455
1548339613.62766 -0.113878 -1.70875 1.44759 0.1138 0.0100505 0.190375 -0.975042
1548339613.66098 -0.117197 -1.71072 1.44799 0.113458 0.0126135 0.190862 -0.974956
1548339613.69447 -0.120704 -1.71224 1.44836 0.114894 0.0125222 0.189903 -0.974977
1548339613.72765 -0.124288 -1.71365 1.44888 0.114916 0.0124912 0.189368 -0.975078
1548339613.76069 -0.127858 -1.71496 1.44947 0.115304 0.0139148 0.18954 -0.97498
1548339613.79399 -0.13162 -1.71581 1.44996 0.114446 0.0141941 0.190217 -0.974945
1548339613.82771 -0.134879 -1.71688 1.45027 0.115632 0.0143163 0.190139 -0.974819
1548339613.86123 -0.138217 -1.71758 1.45058 0.115119 0.0141944 0.189747 -0.974958
1548339613.89449 -0.141343 -1.71841 1.45076 0.115656 0.0148981 0.189293 -0.974972
1548339613.92786 -0.144325 -1.71933 1.45073 0.116617 0.0149461 0.189411 -0.974834
1548339613.96109 -0.14732 -1.72004 1.4508 0.116145 0.0151584 0.189987 -0.974775
1548339613.99441 -0.150401 -1.72043 1.45112 0.116567 0.0163876 0.191046 -0.974497
1548339614.02779 -0.153309 -1.72078 1.45148 0.116809 0.0163181 0.190999 -0.974479
1548339614.06105 -0.155902 -1.72128 1.45194 0.117597 0.017106 0.191784 -0.974216
1548339614.09444 -0.158434 -1.72139 1.45237 0.117139 0.016776 0.191691 -0.974295
1548339614.12780 -0.160549 -1.7218 1.45274 0.117609 0.0171213 0.19173 -0.974225
1548339614.16125 -0.162635 -1.72243 1.453 0.118853 0.0169206 0.19197 -0.97403
1548339614.19426 -0.164952 -1.72304 1.45334 0.116858 0.0171939 0.192132 -0.974235
1548339614.22783 -0.167121 -1.72367 1.45333 0.118735 0.0161731 0.19182 -0.974087
1548339614.26095 -0.169324 -1.72431 1.45339 0.119197 0.0163215 0.191535 -0.974084
1548339614.29415 -0.171807 -1.72494 1.45361 0.117694 0.0178718 0.193239 -0.973903
1548339614.32791 -0.174239 -1.72524 1.45372 0.117946 0.0174165 0.193361 -0.973857
1548339614.36103 -0.176482 -1.72573 1.45373 0.119727 0.0173761 0.193465 -0.973619
1548339614.39428 -0.178648 -1.72637 1.45401 0.120023 0.017618 0.192564 -0.973757
1548339614.42755 -0.180558 -1.7265 1.45392 0.120482 0.0161206 0.191749 -0.973887
1548339614.46105 -0.182189 -1.72684 1.45406 0.121516 0.0159304 0.191193 -0.973871
1548339614.49418 -0.183782 -1.72723 1.45426 0.122274 0.0158299 0.190155 -0.973981
1548339614.52760 -0.185384 -1.72775 1.45445 0.123149 0.0154091 0.188532 -0.974193
1548339614.56091 -0.187327 -1.72834 1.45462 0.122409 0.0146042 0.187347 -0.974528
1548339614.59411 -0.189326 -1.72942 1.45474 0.122835 0.0154519 0.185852 -0.974747
1548339614.62779 -0.191557 -1.73057 1.45472 0.122452 0.0159631 0.185905 -0.974777
1548339614.66118 -0.193825 -1.73156 1.45458 0.12318 0.016008 0.184641 -0.974925
1548339614.69432 -0.19664 -1.73253 1.45436 0.122027 0.01575 0.183704 -0.975251
1548339614.72784 -0.199207 -1.7338 1.45411 0.123173 0.0162365 0.182518 -0.975322
1548339614.76119 -0.201994 -1.73501 1.4539 0.122368 0.0173315 0.182491 -0.975409
1548339614.79450 -0.204998 -1.73648 1.45356 0.122217 0.0168818 0.181697 -0.975584
1548339614.82783 -0.208275 -1.73826 1.45305 0.121344 0.0176875 0.182987 -0.975438
1548339614.86116 -0.211671 -1.74034 1.45253 0.121233 0.0180217 0.183375 -0.975372
1548339614.89447 -0.215102 -1.74257 1.45207 0.120387 0.0181643 0.18321 -0.975506
1548339614.92795 -0.218225 -1.74506 1.45161 0.119157 0.0189242 0.183613 -0.975566
1548339614.96100 -0.221211 -1.74757 1.45129 0.118452 0.0190849 0.183657 -0.975641
1548339614.99440 -0.224018 -1.74977 1.45112 0.117824 0.018446 0.182804 -0.975889
1548339615.02767 -0.226415 -1.75207 1.45117 0.117267 0.0196057 0.182411 -0.976007
1548339615.06093 -0.228615 -1.75425 1.45127 0.117569 0.0202423 0.180888 -0.976242
1548339615.09442 -0.230605 -1.75623 1.45139 0.118533 0.0201701 0.178773 -0.976516
1548339615.12756 -0.232098 -1.75794 1.45165 0.118343 0.0193103 0.178655 -0.976578
1548339615.16097 -0.233581 -1.75983 1.45203 0.119003 0.0190429 0.177469 -0.976719
1548339615.19330 -0.23526 -1.76159 1.45263 0.119835 0.0203298 0.176309 -0.976802
1548339615.22666 -0.236935 -1.76337 1.45325 0.121393 0.0201491 0.175029 -0.976843
1548339615.26000 -0.238422 -1.76515 1.45401 0.121602 0.0203906 0.173297 -0.977121
1548339615.29322 -0.239677 -1.76719 1.45477 0.121961 0.0209432 0.172106 -0.977275
1548339615.32725 -0.24068 -1.76939 1.45545 0.121561 0.0207361 0.170845 -0.977551
1548339615.36057 -0.241611 -1.77192 1.45604 0.122251 0.0197388 0.169392 -0.977738
1548339615.39388 -0.242699 -1.7744 1.45653 0.121674 0.0196294 0.168711 -0.97793
1548339615.42745 -0.243862 -1.77669 1.45692 0.121059 0.0196562 0.167538 -0.978207
1548339615.46093 -0.245006 -1.77877 1.45716 0.121522 0.0194132 0.167894 -0.978094
1548339615.49408 -0.24628 -1.78045 1.45738 0.120783 0.0203163 0.167857 -0.978173
1548339615.52763 -0.247408 -1.78193 1.45744 0.121688 0.0210043 0.168153 -0.977996
1548339615.56015 -0.248484 -1.7833 1.45748 0.121284 0.0219058 0.16932 -0.977825
1548339615.59419 -0.249074 -1.78495 1.4575 0.121776 0.02256 0.168745 -0.977848
1548339615.62750 -0.249216 -1.78653 1.45732 0.121411 0.0228793 0.169152 -0.977816
1548339615.66086 -0.248939 -1.78851 1.45721 0.1208 0.0226329 0.169585 -0.977822
1548339615.69444 -0.248266 -1.79035 1.45719 0.120501 0.0231911 0.169582 -0.977846
1548339615.72756 -0.247335 -1.79189 1.45719 0.120807 0.0223009 0.16855 -0.978008
1548339615.76099 -0.246209 -1.79319 1.45729 0.1207 0.021747 0.168537 -0.978036
1548339615.79401 -0.244842 -1.79454 1.45747 0.121382 0.0213965 0.168521 -0.977962
1548339615.82731 -0.243654 -1.7958 1.45779 0.121509 0.0210321 0.167655 -0.978103
1548339615.86061 -0.242729 -1.79698 1.45838 0.122423 0.0222349 0.16576 -0.978285
1548339615.89391 -0.242216 -1.79821 1.45917 0.122531 0.0229005 0.165862 -0.978239
1548339615.92724 -0.241761 -1.79978 1.46009 0.12252 0.0243304 0.165379 -0.978288
1548339615.96055 -0.241369 -1.80133 1.46105 0.122223 0.0256952 0.16456 -0.978428
1548339615.99407 -0.240953 -1.8028 1.462 0.122821 0.0267469 0.164463 -0.978341
1548339616.02725 -0.24039 -1.80408 1.46285 0.123469 0.0280135 0.163866 -0.978324
1548339616.06076 -0.239708 -1.80554 1.46384 0.12366 0.0288058 0.163092 -0.978407
1548339616.09432 -0.239266 -1.8069 1.46487 0.123038 0.0293298 0.162396 -0.978585
1548339616.12740 -0.238922 -1.80825 1.46608 0.123337 0.0287679 0.161839 -0.978657
1548339616.16061 -0.238679 -1.80958 1.46738 0.120254 0.0304935 0.164023 -0.978624
1548339616.19382 -0.238329 -1.81084 1.46868 0.118937 0.0313534 0.164673 -0.978649
1548339616.22735 -0.237468 -1.81243 1.47016 0.125516 0.029011 0.159195 -0.978806
1548339616.26090 -0.237279 -1.81367 1.4715 0.120377 0.0310248 0.164348 -0.978538
1548339616.29413 -0.236581 -1.81525 1.4731 0.120306 0.0307108 0.162939 -0.978792
1548339616.32761 -0.235533 -1.81725 1.47513 0.126564 0.0285415 0.158673 -0.978769
1548339616.36087 -0.235453 -1.8192 1.47685 0.121929 0.0267996 0.164731 -0.978406
1548339616.39426 -0.234572 -1.82091 1.47915 0.122009 0.0272558 0.1635 -0.97859
1548339616.42730 -0.233861 -1.82251 1.48154 0.122407 0.0270909 0.161919 -0.978808
1548339616.46106 -0.233281 -1.824 1.48399 0.123349 0.0276776 0.162464 -0.978583
1548339616.49430 -0.232418 -1.82501 1.48679 0.123484 0.0305498 0.158859 -0.979072
1548339616.52752 -0.231945 -1.82625 1.48954 0.124177 0.0324189 0.158322 -0.979011
1548339616.56076 -0.231919 -1.82799 1.49197 0.125401 0.0299623 0.15919 -0.978793
1548339616.59400 -0.230836 -1.82897 1.49472 0.12594 0.0350051 0.15634 -0.979016
1548339616.62717 -0.229075 -1.8313 1.49787 0.130503 0.0357404 0.146838 -0.979862
1548339616.66053 -0.228683 -1.83176 1.5001 0.127909 0.0390132 0.15196 -0.979299
1548339616.69418 -0.226373 -1.83488 1.50327 0.135208 0.0364677 0.143312 -0.97972
1548339616.72735 -0.22438 -1.83661 1.50585 0.133622 0.0386761 0.143853 -0.979773
1548339616.76077 -0.222352 -1.83783 1.5083 0.139523 0.0384431 0.14216 -0.979207
1548339616.79393 -0.220191 -1.83964 1.51058 0.131864 0.0402424 0.150653 -0.978926
1548339616.82734 -0.216554 -1.84319 1.51342 0.139572 0.0355032 0.141494 -0.979407
1548339616.86063 -0.215854 -1.8447 1.51433 0.128155 0.0284051 0.157729 -0.978719
1548339616.89371 -0.213105 -1.84669 1.5166 0.127952 0.0276563 0.155632 -0.979103
1548339616.92729 -0.208117 -1.84857 1.52008 0.143875 0.0375141 0.136676 -0.979394
1548339616.96064 -0.204808 -1.85086 1.52211 0.143388 0.0390602 0.135809 -0.979525
1548339616.99399 -0.200969 -1.85365 1.52413 0.143909 0.0367889 0.134984 -0.979651
1548339617.02750 -0.197496 -1.85469 1.5254 0.146118 0.038211 0.133967 -0.979409
1548339617.06084 -0.193874 -1.85693 1.52697 0.143662 0.0385275 0.131377 -0.980111
1548339617.09416 -0.189751 -1.85868 1.52778 0.147824 0.0378881 0.132116 -0.979417
1548339617.12770 -0.185856 -1.86098 1.52888 0.147592 0.0364385 0.128623 -0.979972
1548339617.16084 -0.181309 -1.8624 1.5294 0.146181 0.0378687 0.129115 -0.980065
1548339617.19420 -0.177664 -1.86466 1.53 0.144391 0.0394126 0.128453 -0.980356
1548339617.22762 -0.172962 -1.86508 1.52987 0.135084 0.0424984 0.136657 -0.980444
1548339617.26085 -0.168256 -1.86757 1.53034 0.148103 0.0358536 0.124954 -0.980391
1548339617.29399 -0.163664 -1.86919 1.53024 0.14878 0.0349247 0.122058 -0.980687
1548339617.32747 -0.159287 -1.86943 1.52913 0.139648 0.0412581 0.136526 -0.979876
1548339617.36081 -0.154645 -1.87294 1.52965 0.1482 0.0348808 0.124447 -0.980476
1548339617.39412 -0.150394 -1.87494 1.52944 0.144316 0.0359461 0.123514 -0.981135
1548339617.42734 -0.146193 -1.87733 1.5289 0.147502 0.0333198 0.121583 -0.980995
1548339617.46062 -0.142518 -1.88019 1.5284 0.14375 0.0351724 0.123506 -0.981247
1548339617.49393 -0.139389 -1.8834 1.52775 0.141742 0.0367646 0.119388 -0.98199
1548339617.52735 -0.136158 -1.88671 1.52667 0.139196 0.0369981 0.119356 -0.982349
1548339617.56056 -0.132825 -1.88961 1.52501 0.141363 0.0371559 0.120964 -0.981837
1548339617.59396 -0.129978 -1.89315 1.5234 0.142991 0.0375359 0.115929 -0.982194
1548339617.62761 -0.127304 -1.89621 1.52158 0.143255 0.0387605 0.115066 -0.982209
1548339617.66089 -0.124702 -1.89899 1.51991 0.139909 0.0394821 0.115031 -0.982667
1548339617.69416 -0.12228 -1.90246 1.51836 0.138274 0.0432287 0.114735 -0.982775
1548339617.72756 -0.119765 -1.90623 1.51662 0.136742 0.0413454 0.109349 -0.983684
1548339617.76101 -0.116782 -1.91052 1.51444 0.139356 0.0408393 0.110439 -0.983217
1548339617.79451 -0.114046 -1.91526 1.51304 0.13217 0.0417763 0.109139 -0.984314
1548339617.82783 -0.110978 -1.9191 1.51089 0.136066 0.0410523 0.105327 -0.984229
1548339617.86129 -0.108417 -1.92384 1.50924 0.130876 0.0411782 0.101898 -0.985288
1548339617.89459 -0.105679 -1.92776 1.50679 0.131995 0.0402411 0.0994525 -0.985427
1548339617.92783 -0.103321 -1.93268 1.50468 0.126067 0.0420028 0.0956933 -0.986502
1548339617.96120 -0.101043 -1.93674 1.50172 0.129078 0.0418348 0.0919748 -0.986473
1548339617.99453 -0.0993179 -1.94171 1.49942 0.12403 0.043135 0.0891846 -0.987321
1548339618.02776 -0.0980894 -1.94619 1.49727 0.121053 0.0447625 0.0829289 -0.988163
1548339618.06114 -0.0960687 -1.95067 1.49447 0.125587 0.0464743 0.0788358 -0.987853
1548339618.09458 -0.0942027 -1.95553 1.49262 0.1253 0.046586 0.0753194 -0.988158
1548339618.12792 -0.0924772 -1.96026 1.49107 0.121769 0.0481326 0.072786 -0.988715
1548339618.16101 -0.0906111 -1.96513 1.48999 0.119587 0.0495298 0.0671394 -0.989312
1548339618.19431 -0.0887235 -1.96958 1.48879 0.12258 0.0494637 0.0627767 -0.989235
1548339618.22742 -0.0867246 -1.97443 1.4884 0.118948 0.0502627 0.0595819 -0.989836
1548339618.26070 -0.0843107 -1.97828 1.48762 0.121065 0.0498898 0.0534343 -0.989949
1548339618.29424 -0.0821899 -1.982 1.48717 0.119434 0.0504584 0.0477863 -0.990407
1548339618.32777 -0.0796685 -1.98541 1.48635 0.11997 0.0501996 0.0434143 -0.990557
1548339618.36097 -0.0774648 -1.98807 1.48525 0.12075 0.0512639 0.0384441 -0.990613
1548339618.42775 -0.0738308 -1.99296 1.48287 0.117732 0.0534744 0.0311488 -0.991115
1548339618.46092 -0.0723166 -1.99497 1.48123 0.118783 0.0539741 0.0274494 -0.991072
1548339618.49426 -0.0709259 -1.99696 1.47947 0.118679 0.0543497 0.0250057 -0.991129
1548339618.52743 -0.0698448 -1.99875 1.47747 0.119185 0.0544923 0.0234274 -0.991099
1548339618.56073 -0.0692055 -2.00026 1.47551 0.11771 0.0554688 0.0207703 -0.99128
1548339618.59424 -0.0686495 -2.00146 1.47351 0.116062 0.0569316 0.0192701 -0.991422
1548339618.62772 -0.0684908 -2.0022 1.47131 0.116549 0.0574156 0.0176461 -0.991367
1548339618.66093 -0.0680272 -2.00274 1.46919 0.116718 0.0588024 0.0156568 -0.991299
1548339618.69441 -0.0676575 -2.00347 1.46715 0.115883 0.0593406 0.014326 -0.991385
1548339618.72764 -0.0672062 -2.00415 1.46503 0.115856 0.0587712 0.0132887 -0.991437
1548339618.76104 -0.0663724 -2.00476 1.46295 0.114497 0.0584966 0.0122917 -0.991624
1548339618.79420 -0.0658848 -2.0049 1.4611 0.113558 0.0585384 0.0110402 -0.991744
1548339618.82763 -0.0655962 -2.00467 1.45929 0.114619 0.0589441 0.0101674 -0.991607
1548339618.86097 -0.0651922 -2.00423 1.45769 0.114158 0.0593742 0.00896751 -0.991646
1548339618.89426 -0.064695 -2.00328 1.45623 0.115206 0.0598209 0.00695752 -0.991514
1548339618.92787 -0.0638933 -2.00269 1.45499 0.115226 0.0589246 0.00513032 -0.991577
1548339618.96120 -0.0628561 -2.00187 1.45381 0.115689 0.0586716 0.00341331 -0.991545
1548339618.99425 -0.0619597 -2.0009 1.45285 0.115575 0.0592411 0.000569576 -0.991531
1548339619.02769 -0.0608791 -2.0001 1.4519 0.116814 0.0589227 -0.00140142 -0.991403
1548339619.06108 -0.0596198 -1.9994 1.45098 0.115401 0.0596257 -0.0051958 -0.991514
1548339619.09432 -0.0584816 -1.99865 1.45001 0.115038 0.060264 -0.00758432 -0.991502
1548339619.12755 -0.0574485 -1.99726 1.44869 0.117365 0.058684 -0.0108365 -0.991294
1548339619.16096 -0.0559233 -1.99623 1.4476 0.117454 0.0580125 -0.0118151 -0.991312
1548339619.19414 -0.0545389 -1.99464 1.44634 0.119124 0.0582508 -0.0150932 -0.991054
1548339619.22741 -0.0532331 -1.99333 1.44515 0.118326 0.0587834 -0.0193251 -0.991045
1548339619.26079 -0.0512913 -1.99259 1.44425 0.114696 0.060147 -0.0155962 -0.991455
1548339619.29363 -0.0499888 -1.99071 1.44283 0.119024 0.057174 -0.0205619 -0.991031
1548339619.32778 -0.0482241 -1.98909 1.44195 0.119876 0.0574234 -0.0221358 -0.990879
1548339619.36104 -0.0463595 -1.98783 1.44169 0.11757 0.0587796 -0.0186519 -0.991148
1548339619.39454 -0.0448889 -1.98609 1.44145 0.119111 0.0583833 -0.0177495 -0.991004
1548339619.42766 -0.0436647 -1.98429 1.44149 0.120902 0.0586933 -0.0184886 -0.990755
1548339619.46119 -0.0433585 -1.98199 1.44121 0.128283 0.0592544 -0.0230453 -0.989698
1548339619.49452 -0.0428444 -1.98084 1.44151 0.130958 0.0585493 -0.0209747 -0.989435
1548339619.52758 -0.042694 -1.9807 1.44269 0.127384 0.0606023 -0.0164729 -0.989863
1548339619.56111 -0.0430953 -1.98005 1.44351 0.128649 0.062533 -0.0144389 -0.989611
1548339619.59422 -0.0437276 -1.97981 1.44446 0.130384 0.0619635 -0.0116928 -0.989456
1548339619.62774 -0.0447014 -1.97914 1.44486 0.137946 0.0614202 -0.0106508 -0.988476
1548339619.66129 -0.0464488 -1.97948 1.44624 0.137421 0.0624318 -0.00928586 -0.9885
1548339619.69423 -0.047293 -1.98051 1.44796 0.133468 0.0645047 -0.000902257 -0.988951
1548339619.72786 -0.0489779 -1.9802 1.44896 0.140305 0.061808 -0.00167131 -0.988176
1548339619.76075 -0.0507841 -1.98019 1.45045 0.143184 0.0622254 0.00108141 -0.987738
1548339619.79432 -0.0523668 -1.98057 1.45227 0.143177 0.0620284 0.00488989 -0.987739
1548339619.82758 -0.0540879 -1.98102 1.45418 0.144436 0.0618143 0.00797973 -0.987549
1548339619.86086 -0.0556148 -1.9815 1.45577 0.14693 0.0593199 0.0115385 -0.987299
1548339619.89442 -0.057365 -1.98195 1.45751 0.147393 0.0591513 0.0154038 -0.987188
1548339619.92771 -0.0587026 -1.98289 1.45891 0.149484 0.056916 0.0192798 -0.986936
1548339619.96109 -0.0605721 -1.9839 1.46037 0.148303 0.0574055 0.0227237 -0.987013
1548339619.99434 -0.0624205 -1.98478 1.46153 0.149917 0.0555079 0.0251661 -0.986818
1548339620.02771 -0.0644059 -1.98626 1.46273 0.147515 0.0550194 0.0296349 -0.987084
1548339620.06096 -0.066466 -1.98721 1.46353 0.149492 0.0540113 0.032232 -0.98676
1548339620.09394 -0.069142 -1.98822 1.46447 0.150082 0.0546726 0.0350315 -0.986539
1548339620.12759 -0.0713456 -1.98961 1.46548 0.148411 0.0540769 0.0405474 -0.986613
1548339620.16102 -0.0736821 -1.99028 1.46611 0.151214 0.0530508 0.0433139 -0.986126
1548339620.19462 -0.0758239 -1.99157 1.46716 0.15085 0.0528929 0.0467024 -0.986035
1548339620.22777 -0.0785002 -1.99248 1.4683 0.150418 0.0532603 0.0506936 -0.985884
1548339620.26112 -0.0808344 -1.99344 1.4692 0.15267 0.051732 0.0539194 -0.985448
1548339620.29455 -0.0831519 -1.99517 1.47045 0.150531 0.0511883 0.0584014 -0.98555
1548339620.32785 -0.0855262 -1.9965 1.47161 0.149773 0.0515503 0.0615781 -0.985454
1548339620.36122 -0.0881538 -1.99754 1.47278 0.153826 0.0493632 0.0646788 -0.984742
1548339620.39421 -0.0908468 -1.99903 1.47447 0.148137 0.0494243 0.070017 -0.985246
1548339620.42763 -0.0933833 -2.00024 1.47601 0.154134 0.0472816 0.0727896 -0.98423
1548339620.46110 -0.0962549 -2.00155 1.47777 0.155095 0.0463838 0.0744632 -0.983997
1548339620.49461 -0.0992599 -2.0027 1.47952 0.151135 0.0461475 0.0809618 -0.984111
1548339620.52762 -0.102128 -2.00394 1.48125 0.155045 0.0442248 0.0827978 -0.983438
1548339620.56089 -0.104992 -2.00475 1.48267 0.158369 0.0442924 0.0862675 -0.982606
1548339620.59428 -0.108191 -2.00573 1.48445 0.157518 0.043565 0.0900219 -0.982439
1548339620.62770 -0.111428 -2.00641 1.48613 0.159 0.0423759 0.0938333 -0.981895
1548339620.66101 -0.114702 -2.00681 1.48756 0.162285 0.0425871 0.0981234 -0.980929
1548339620.69450 -0.118571 -2.00743 1.48961 0.159087 0.0435344 0.100851 -0.981135
1548339620.72759 -0.122378 -2.00738 1.49111 0.161485 0.0441732 0.106134 -0.980157
1548339620.76090 -0.125739 -2.00715 1.4924 0.165465 0.0408071 0.109384 -0.979281
1548339620.79430 -0.129184 -2.0072 1.49384 0.167241 0.0418944 0.113013 -0.978521
1548339620.82753 -0.132447 -2.00733 1.49522 0.168355 0.0393711 0.115618 -0.97813
1548339620.86071 -0.135797 -2.00778 1.49644 0.169218 0.0386508 0.119788 -0.977508
1548339620.89419 -0.139111 -2.00806 1.49741 0.172273 0.0376569 0.123586 -0.97654
1548339620.92766 -0.142602 -2.00881 1.49878 0.17001 0.0373396 0.126909 -0.976523
1548339620.99408 -0.149466 -2.01022 1.50116 0.168835 0.0362965 0.132332 -0.976046
1548339621.02777 -0.152758 -2.01062 1.50211 0.172244 0.03412 0.135971 -0.975028
1548339621.06119 -0.155873 -2.0111 1.50305 0.170503 0.0336848 0.141205 -0.974605
1548339621.09474 -0.158789 -2.01225 1.50442 0.166729 0.0325211 0.144959 -0.974747
1548339621.12788 -0.161973 -2.01255 1.50535 0.167666 0.0311321 0.147631 -0.97423
1548339621.16090 -0.165285 -2.01303 1.50621 0.167063 0.030323 0.15221 -0.973654
1548339621.19459 -0.168843 -2.01396 1.50699 0.16698 0.0292572 0.153741 -0.973461
1548339621.22779 -0.172097 -2.0144 1.50749 0.166511 0.027915 0.15729 -0.973013
1548339621.26106 -0.175763 -2.01506 1.50802 0.166485 0.0278365 0.162187 -0.972216
1548339621.29471 -0.17924 -2.01554 1.5085 0.16569 0.0263066 0.164983 -0.971924
1548339621.32745 -0.182714 -2.01493 1.5082 0.174986 0.0256949 0.167993 -0.969793
1548339621.36130 -0.186208 -2.01535 1.50853 0.175074 0.0256581 0.17114 -0.969227
1548339621.39425 -0.189328 -2.01576 1.50874 0.1756 0.0242421 0.173543 -0.968741
1548339621.42781 -0.192473 -2.01618 1.50895 0.175319 0.0225448 0.176535 -0.968293
1548339621.46102 -0.195612 -2.01684 1.50935 0.175111 0.0223277 0.179859 -0.967723
1548339621.49443 -0.198752 -2.0171 1.5098 0.175346 0.0217424 0.183876 -0.966939
1548339621.52774 -0.201802 -2.01731 1.51046 0.175968 0.0197352 0.185959 -0.96647
1548339621.56106 -0.204857 -2.01776 1.51118 0.173491 0.0201549 0.186807 -0.966746
1548339621.59439 -0.207799 -2.0178 1.51157 0.175631 0.0184071 0.190155 -0.965741
1548339621.62755 -0.210916 -2.01849 1.51204 0.17461 0.0192 0.192793 -0.965388
1548339621.66107 -0.21383 -2.01875 1.5121 0.177046 0.0164697 0.195736 -0.964402
1548339621.69415 -0.216459 -2.01943 1.51239 0.176311 0.0179472 0.200373 -0.963557
1548339621.72742 -0.219613 -2.02061 1.51258 0.171872 0.016322 0.19972 -0.964523
1548339621.76088 -0.22188 -2.02208 1.51218 0.173923 0.0152311 0.203026 -0.963483
1548339621.79456 -0.224577 -2.0238 1.5117 0.172409 0.0156337 0.204031 -0.963536
1548339621.82797 -0.227261 -2.02433 1.51117 0.171932 0.0140534 0.20692 -0.96303
1548339621.86119 -0.229917 -2.02523 1.51036 0.173389 0.0170834 0.209646 -0.962129
1548339621.89410 -0.232795 -2.02602 1.51004 0.171514 0.0168585 0.211573 -0.962048
1548339621.92781 -0.235662 -2.02757 1.50914 0.169052 0.0150655 0.214757 -0.961808
1548339621.96128 -0.237973 -2.02821 1.50832 0.172153 0.0145457 0.214963 -0.961219
1548339621.99447 -0.240125 -2.02949 1.50758 0.171361 0.0162304 0.217816 -0.960692
1548339622.02809 -0.242275 -2.03105 1.5067 0.169325 0.0125671 0.220629 -0.960465
1548339622.06100 -0.24433 -2.03169 1.50591 0.170236 0.0145885 0.221084 -0.960171
1548339622.09456 -0.24669 -2.03282 1.50536 0.168956 0.0151051 0.222237 -0.960123
1548339622.12779 -0.24836 -2.0343 1.50436 0.170153 0.0135561 0.22299 -0.95976
1548339622.16128 -0.250601 -2.03576 1.50312 0.169374 0.0108678 0.224818 -0.959506
1548339622.19427 -0.252604 -2.03745 1.50236 0.165122 0.0118927 0.228409 -0.959387
1548339622.22758 -0.254537 -2.0388 1.50149 0.165336 0.0124813 0.228796 -0.95925
1548339622.26107 -0.256579 -2.03979 1.50043 0.168959 0.0102963 0.231456 -0.958006
1548339622.29454 -0.258791 -2.04184 1.49982 0.160766 0.010642 0.231205 -0.959471
1548339622.32768 -0.260736 -2.04251 1.49838 0.16656 0.00878775 0.232625 -0.958158
1548339622.36095 -0.262818 -2.04405 1.49739 0.168196 0.0117187 0.235326 -0.95718
1548339622.39412 -0.26527 -2.04622 1.49698 0.163149 0.0111456 0.233852 -0.958421
1548339622.42780 -0.267561 -2.04764 1.49591 0.160114 0.0101598 0.236034 -0.958409
1548339622.46105 -0.269394 -2.04963 1.49488 0.159483 0.0117309 0.235892 -0.958531
1548339622.49431 -0.270553 -2.05179 1.49371 0.158599 0.0121374 0.237983 -0.958156
1548339622.52768 -0.271761 -2.054 1.49248 0.157787 0.0130171 0.235839 -0.958808
1548339622.56079 -0.272172 -2.05607 1.49139 0.155492 0.0144154 0.234518 -0.959487
1548339622.59422 -0.271552 -2.05836 1.49021 0.160441 0.0149954 0.233597 -0.958888
1548339622.62773 -0.270489 -2.0608 1.48927 0.158834 0.0152269 0.231647 -0.959625
1548339622.66112 -0.26905 -2.06282 1.48828 0.155913 0.0133767 0.229368 -0.960678
1548339622.69468 -0.26694 -2.0649 1.48751 0.15537 0.0148122 0.22525 -0.961719
1548339622.72783 -0.264901 -2.06659 1.48701 0.151767 0.0164916 0.221796 -0.963069
1548339622.76126 -0.261012 -2.06765 1.48592 0.156602 0.0144191 0.216066 -0.96363
1548339622.79446 -0.257483 -2.06958 1.48503 0.155979 0.0142622 0.211171 -0.964818
1548339622.82773 -0.254043 -2.07128 1.48419 0.153309 0.0154207 0.206928 -0.966147
1548339622.86129 -0.250573 -2.0725 1.48326 0.151639 0.0146952 0.201921 -0.96748
1548339622.89444 -0.247054 -2.07374 1.48251 0.151368 0.0165488 0.196073 -0.968695
1548339622.92769 -0.243607 -2.07478 1.48171 0.150798 0.0169558 0.189721 -0.97004
1548339622.96127 -0.240051 -2.07473 1.48077 0.152194 0.0173728 0.187835 -0.970182
1548339622.99428 -0.23691 -2.07534 1.48 0.152409 0.0175808 0.18246 -0.97117
1548339623.02761 -0.23366 -2.07595 1.47902 0.151473 0.0190548 0.177797 -0.972153
1548339623.06089 -0.230435 -2.07732 1.47806 0.150989 0.0194039 0.173362 -0.973022
1548339623.09444 -0.227201 -2.0777 1.47686 0.154651 0.0215785 0.168458 -0.973262
1548339623.12769 -0.224153 -2.07811 1.47602 0.153218 0.0232259 0.162471 -0.974468
1548339623.16081 -0.221081 -2.07859 1.47512 0.153503 0.0243957 0.157851 -0.975154
1548339623.19435 -0.21802 -2.07898 1.47423 0.153281 0.0251439 0.153433 -0.975874
1548339623.22765 -0.214929 -2.07895 1.47349 0.153161 0.0263587 0.147371 -0.976795
1548339623.26085 -0.212095 -2.078 1.47265 0.140194 0.0340626 0.151803 -0.977825
1548339623.29446 -0.208976 -2.07803 1.47212 0.13991 0.0342659 0.147387 -0.978534
1548339623.32772 -0.205894 -2.07791 1.47172 0.139376 0.0352715 0.143388 -0.979168
1548339623.36124 -0.202753 -2.07758 1.47124 0.141177 0.0368721 0.138398 -0.979569
1548339623.39423 -0.199357 -2.07797 1.47132 0.151508 0.0307795 0.122996 -0.980291
1548339623.42783 -0.196058 -2.07728 1.47052 0.152682 0.0304622 0.117415 -0.980803
1548339623.46132 -0.192728 -2.07675 1.46999 0.152945 0.0328422 0.112872 -0.981218
1548339623.49470 -0.189416 -2.07627 1.46946 0.155122 0.0329326 0.107386 -0.981489
1548339623.52784 -0.186215 -2.07603 1.46877 0.151974 0.0343608 0.102103 -0.982496
1548339623.56115 -0.183026 -2.07553 1.46824 0.151356 0.034113 0.0947816 -0.983333
1548339623.59448 -0.179517 -2.07488 1.46758 0.151488 0.0361324 0.0890681 -0.983775
1548339623.62782 -0.176531 -2.07406 1.46717 0.150597 0.0374026 0.0832038 -0.984377
1548339623.66104 -0.173113 -2.07363 1.46691 0.142412 0.0385578 0.0807814 -0.985752
1548339623.69456 -0.169508 -2.07262 1.46608 0.148448 0.038186 0.0733143 -0.985459
1548339623.72774 -0.165798 -2.07162 1.46524 0.146542 0.0398613 0.0705017 -0.985883
1548339623.76124 -0.162279 -2.07077 1.46484 0.150628 0.0386905 0.0641832 -0.985746
1548339623.79438 -0.158627 -2.06981 1.46432 0.148214 0.0401808 0.0607874 -0.986267
1548339623.82757 -0.155355 -2.06939 1.46445 0.148065 0.0390394 0.0529383 -0.986788
1548339623.86095 -0.151785 -2.06861 1.46378 0.150606 0.0397101 0.0494775 -0.986556
1548339623.89441 -0.148298 -2.06855 1.46347 0.147534 0.0397379 0.0446817 -0.987248
1548339623.92774 -0.144797 -2.06805 1.46283 0.148406 0.0403645 0.0405267 -0.987271
1548339623.96089 -0.141664 -2.06692 1.4622 0.149596 0.0406706 0.0341753 -0.987319
1548339623.99437 -0.138492 -2.06608 1.46195 0.148124 0.0423107 0.0303484 -0.987597
1548339624.02762 -0.135729 -2.0648 1.4616 0.149902 0.0433336 0.0248345 -0.987439
1548339624.06059 -0.133117 -2.06348 1.46123 0.150651 0.0436812 0.0194014 -0.987431
1548339624.09420 -0.130567 -2.06248 1.46097 0.150919 0.0443086 0.0163789 -0.987417
1548339624.12767 -0.128413 -2.0621 1.46092 0.149057 0.0449679 0.013656 -0.987711
1548339624.16095 -0.126478 -2.06133 1.46015 0.150264 0.0460776 0.0100436 -0.987521
1548339624.19454 -0.12449 -2.06102 1.45916 0.150277 0.0468539 0.00611181 -0.987514
1548339624.22785 -0.122244 -2.06084 1.45815 0.147437 0.047979 0.00498048 -0.987895
1548339624.26119 -0.120044 -2.06101 1.4578 0.140795 0.0524145 0.00543992 -0.988635
1548339624.29454 -0.118125 -2.06019 1.45692 0.139842 0.0545341 0.00391363 -0.988663
1548339624.32784 -0.116227 -2.05807 1.45516 0.149113 0.051052 -0.00447474 -0.987491
1548339624.36120 -0.113838 -2.0569 1.45439 0.149524 0.0522788 -0.00863286 -0.987337
1548339624.39466 -0.111444 -2.05569 1.45374 0.149241 0.0534276 -0.0122557 -0.98728
1548339624.42779 -0.108783 -2.05403 1.45276 0.150181 0.0531041 -0.0155282 -0.987109
1548339624.46134 -0.105809 -2.05268 1.45151 0.150482 0.053149 -0.0198883 -0.986983
1548339624.49455 -0.102956 -2.05121 1.44999 0.150929 0.0530534 -0.0230034 -0.986852
1548339624.52790 -0.100555 -2.05012 1.44869 0.152332 0.0533829 -0.0266545 -0.986527
1548339624.56122 -0.0979251 -2.04952 1.44727 0.151047 0.0541479 -0.0295355 -0.9866
1548339624.59411 -0.0948915 -2.04874 1.4457 0.150234 0.0545614 -0.0333936 -0.986579
1548339624.62775 -0.0917429 -2.04791 1.44419 0.150772 0.0539647 -0.0391045 -0.98632
1548339624.66108 -0.08854 -2.04745 1.44295 0.149339 0.0517267 -0.0432908 -0.986483
1548339624.69440 -0.0857688 -2.04679 1.44176 0.149307 0.051796 -0.0466699 -0.98633
1548339624.72763 -0.0833435 -2.04665 1.44078 0.147872 0.0501735 -0.0524203 -0.986341
1548339624.76109 -0.0814385 -2.0465 1.43948 0.145392 0.0525108 -0.0511315 -0.986656
1548339624.79432 -0.0794914 -2.04684 1.43854 0.146693 0.051293 -0.0535254 -0.9864
1548339624.82748 -0.0779968 -2.04721 1.43778 0.1461 0.0520412 -0.0545658 -0.986392
1548339624.86114 -0.0761371 -2.0483 1.43764 0.142767 0.0517287 -0.0516254 -0.987054
1548339624.89412 -0.0749689 -2.04848 1.43667 0.15189 0.0511616 -0.0548966 -0.985545
1548339624.92779 -0.0736109 -2.04877 1.43596 0.153945 0.0520478 -0.0563964 -0.985095
1548339624.96105 -0.0718714 -2.04966 1.4357 0.152574 0.0523427 -0.0561096 -0.985309
1548339624.99453 -0.0698566 -2.05026 1.43486 0.151208 0.0525208 -0.0565927 -0.985482
1548339625.02765 -0.0676421 -2.05072 1.4337 0.153448 0.0496752 -0.0606137 -0.985044
1548339625.06112 -0.0651638 -2.05145 1.43227 0.155941 0.0507452 -0.0616534 -0.984534
1548339625.09433 -0.0622942 -2.05248 1.43121 0.154501 0.0489211 -0.0614842 -0.984863
1548339625.12788 -0.0596029 -2.05314 1.42977 0.15763 0.0464417 -0.0654906 -0.984229
1548339625.16122 -0.0570509 -2.05379 1.42833 0.15401 0.0474042 -0.0660749 -0.984717
1548339625.19453 -0.0544977 -2.05405 1.42691 0.157639 0.044502 -0.0694539 -0.984046
1548339625.22786 -0.0519442 -2.05434 1.4259 0.153481 0.0450161 -0.0694336 -0.984681
1548339625.26112 -0.0494223 -2.05444 1.425 0.152443 0.0433828 -0.0709701 -0.984806
1548339625.29421 -0.0476063 -2.05418 1.42429 0.154451 0.0424804 -0.0734 -0.984354
1548339625.32778 -0.0461745 -2.05374 1.42363 0.153551 0.0428217 -0.0736918 -0.984458
1548339625.36128 -0.0451414 -2.05327 1.4232 0.153062 0.0429709 -0.0737724 -0.984522
1548339625.39421 -0.0443508 -2.05281 1.42287 0.153564 0.0432522 -0.0742121 -0.984398
1548339625.42763 -0.043625 -2.05246 1.42255 0.154567 0.0430779 -0.0738558 -0.984276
1548339625.46107 -0.0430228 -2.05242 1.42239 0.154242 0.0426978 -0.0736112 -0.984362
1548339625.49456 -0.0424 -2.05259 1.42236 0.153783 0.0421222 -0.0739271 -0.984435
1548339625.52761 -0.0418392 -2.05304 1.42238 0.154904 0.0407739 -0.0749088 -0.984241
1548339625.56077 -0.041459 -2.05351 1.42246 0.155352 0.0405732 -0.0743742 -0.98422
1548339625.59443 -0.0406022 -2.05423 1.42256 0.153976 0.0423703 -0.0691402 -0.984742
1548339625.62767 -0.0400428 -2.05496 1.423 0.153049 0.04048 -0.0697865 -0.98492
1548339625.66093 -0.039552 -2.0556 1.42346 0.151905 0.038987 -0.0698149 -0.985155
1548339625.69433 -0.0392425 -2.05608 1.42378 0.151683 0.0395872 -0.0682775 -0.985273
1548339625.72753 -0.0390699 -2.05654 1.42415 0.150676 0.040295 -0.0668782 -0.985495
1548339625.76097 -0.0388984 -2.05707 1.4245 0.14938 0.0409923 -0.0645318 -0.98582
1548339625.79457 -0.0387883 -2.05762 1.42479 0.148361 0.0421359 -0.0621104 -0.986081
1548339625.82795 -0.0386066 -2.05786 1.42486 0.148476 0.0421636 -0.0611132 -0.986125
1548339625.86115 -0.038022 -2.0582 1.42485 0.148122 0.0403485 -0.0612379 -0.986246
1548339625.89441 -0.0373563 -2.05827 1.42467 0.148824 0.0393125 -0.0602683 -0.986242
1548339625.92785 -0.0365585 -2.05835 1.42456 0.153038 0.0372964 -0.0620615 -0.985564
1548339625.96121 -0.0357075 -2.05825 1.42453 0.152579 0.0371215 -0.0616521 -0.985668
1548339625.99456 -0.035175 -2.05796 1.42437 0.153378 0.0363432 -0.0611681 -0.985603
1548339626.02785 -0.0347664 -2.05772 1.42419 0.15376 0.0359735 -0.0607586 -0.985582
1548339626.06125 -0.034534 -2.05729 1.42398 0.154144 0.036143 -0.060705 -0.985519
1548339626.09431 -0.0338622 -2.05744 1.42407 0.150503 0.0377979 -0.0563944 -0.986276
1548339626.12775 -0.0338131 -2.05655 1.42347 0.153 0.0375333 -0.0583721 -0.985787
1548339626.16118 -0.0331951 -2.05598 1.42315 0.149083 0.0389042 -0.0574206 -0.986389
1548339626.19451 -0.0325042 -2.05548 1.42299 0.14821 0.0364982 -0.0604695 -0.986431
1548339626.22789 -0.0317974 -2.05511 1.4229 0.147249 0.0364228 -0.0609082 -0.98655
1548339626.26098 -0.0311862 -2.05475 1.42279 0.146379 0.0367393 -0.0621851 -0.986588
1548339626.29432 -0.0308119 -2.05448 1.42266 0.145999 0.036718 -0.0624675 -0.986628
1548339626.32772 -0.0306638 -2.05428 1.42256 0.145763 0.036682 -0.0619636 -0.986696
1548339626.36115 -0.0306755 -2.05398 1.42251 0.145199 0.0369118 -0.0620467 -0.986765
1548339626.39438 -0.030773 -2.05351 1.42246 0.145627 0.037481 -0.0615032 -0.986714
1548339626.42755 -0.0308605 -2.05287 1.42247 0.14627 0.0373689 -0.0609623 -0.986657
1548339626.46110 -0.0309129 -2.05199 1.42259 0.146436 0.0380187 -0.0605748 -0.986632
1548339626.49417 -0.0308309 -2.0511 1.42287 0.146346 0.0366947 -0.0607567 -0.986684
1548339626.52761 -0.03095 -2.04975 1.42293 0.144576 0.037693 -0.0587688 -0.987027
1548339626.56100 -0.0308891 -2.04855 1.42306 0.145232 0.0374896 -0.0587446 -0.98694
1548339626.59453 -0.0311268 -2.04697 1.42297 0.148015 0.0372553 -0.0598532 -0.986469
1548339626.62755 -0.0310533 -2.04576 1.42319 0.148521 0.0358245 -0.0600359 -0.986435
1548339626.66092 -0.0311238 -2.04461 1.42351 0.149108 0.0359802 -0.0598926 -0.986349
1548339626.69452 -0.0314262 -2.04362 1.42391 0.149117 0.0361305 -0.0594376 -0.98637
1548339626.72796 -0.0316657 -2.04282 1.42435 0.149232 0.0377646 -0.0567902 -0.986447
1548339626.76121 -0.0321866 -2.04211 1.42485 0.151362 0.0386877 -0.0562338 -0.986119
1548339626.79446 -0.0323428 -2.04227 1.42582 0.146329 0.0388684 -0.0532637 -0.987036
1548339626.82794 -0.0328974 -2.04207 1.42632 0.145688 0.0395288 -0.0518908 -0.987178
1548339626.86119 -0.0334114 -2.04166 1.42673 0.142866 0.0411078 -0.050833 -0.987581
1548339626.89456 -0.034229 -2.04082 1.42675 0.146815 0.0405039 -0.0530811 -0.986908
1548339626.92786 -0.0349686 -2.04039 1.42718 0.146616 0.0424695 -0.0514553 -0.986941
