# ground truth trajectory
# timestamp tx ty tz qx qy qz qw
1548265158.78337 0.526367 -2.1274 1.43437 -0.114627 -0.00748896 -0.0185735 0.993207
1548265158.81687 0.525462 -2.12561 1.43377 -0.115673 -0.00702864 -0.0179397 0.9931
1548265158.85009 0.52491 -2.12374 1.43279 -0.11643 -0.00647006 -0.0171968 0.993029
1548265158.88314 0.524734 -2.12179 1.43146 -0.116734 -0.00518776 -0.0158759 0.993023
1548265158.91694 0.524693 -2.11991 1.4301 -0.115786 -0.00416066 -0.0134222 0.993175
1548265158.95019 0.524828 -2.11843 1.42829 -0.113666 -0.00293047 -0.0111085 0.993453
1548265158.98356 0.525128 -2.1174 1.42601 -0.112397 0.000863015 -0.00962464 0.993616
1548265159.01709 0.524907 -2.1165 1.42375 -0.108741 0.0039414 -0.00710787 0.994037
1548265159.05044 0.524435 -2.1154 1.42066 -0.106839 0.0047699 -0.00874221 0.994226
1548265159.08353 0.523376 -2.11447 1.41711 -0.108301 0.00831305 -0.00597911 0.994065
1548265159.11715 0.522303 -2.11439 1.41369 -0.0998999 0.00925742 -0.00858043 0.994918
1548265159.15041 0.520457 -2.11379 1.40941 -0.105566 0.0130871 -0.0098009 0.994278
1548265159.18375 0.518979 -2.11395 1.40542 -0.101085 0.0151228 -0.0108629 0.994704
1548265159.21686 0.516964 -2.11393 1.40073 -0.0937433 0.0133852 -0.0150022 0.995393
1548265159.25028 0.515229 -2.11466 1.39591 -0.0906505 0.017091 -0.0195912 0.995543
1548265159.28378 0.513171 -2.11523 1.39118 -0.0917202 0.0198843 -0.0230803 0.995319
1548265159.31716 0.511266 -2.11638 1.38749 -0.0835914 0.0232518 -0.0287225 0.995815
1548265159.35035 0.508985 -2.11711 1.38376 -0.0811672 0.0263377 -0.0347023 0.995748
1548265159.38366 0.506422 -2.1177 1.3805 -0.0781899 0.0278412 -0.0374669 0.995845
1548265159.41693 0.503445 -2.11777 1.37718 -0.0803744 0.0265043 -0.0394125 0.995633
1548265159.45025 0.500855 -2.11827 1.37389 -0.0780085 0.0278054 -0.0449378 0.995551
1548265159.48346 0.498395 -2.1189 1.3707 -0.073303 0.0281239 -0.0504187 0.995637
1548265159.51683 0.495708 -2.11885 1.36702 -0.0756064 0.0284508 -0.0520908 0.99537
1548265159.55029 0.493055 -2.11892 1.36326 -0.0762249 0.0291028 -0.0579942 0.994977
1548265159.58323 0.490505 -2.11937 1.35966 -0.0724066 0.0309066 -0.0633502 0.994881
1548265159.61678 0.487742 -2.11941 1.35597 -0.0720487 0.0317416 -0.0678285 0.994586
1548265159.65019 0.484888 -2.11925 1.35242 -0.0724942 0.0329021 -0.0736535 0.994101
1548265159.68317 0.482304 -2.11923 1.34869 -0.0722517 0.0354894 -0.0771612 0.993764
1548265159.71717 0.480245 -2.11991 1.34558 -0.0693555 0.0371358 -0.0824147 0.993488
1548265159.75022 0.478537 -2.1207 1.3431 -0.067768 0.0408494 -0.0895227 0.992837
1548265159.78361 0.476803 -2.12104 1.34113 -0.0692253 0.0434072 -0.0939276 0.99222
1548265159.81714 0.47548 -2.12195 1.34033 -0.0669222 0.0490595 -0.0963655 0.991881
1548265159.85019 0.474074 -2.12266 1.3404 -0.0686484 0.0494343 -0.10523 0.990843
1548265159.88372 0.472529 -2.12348 1.34172 -0.0697083 0.0518905 -0.110809 0.990035
1548265159.91696 0.470516 -2.12376 1.34401 -0.0718628 0.051784 -0.115916 0.989302
1548265159.95015 0.467961 -2.12373 1.34755 -0.0761562 0.0507435 -0.120102 0.988535
1548265159.98381 0.465119 -2.12359 1.35191 -0.0791232 0.0490185 -0.125441 0.987725
1548265160.01703 0.461962 -2.12331 1.35688 -0.0838088 0.0468176 -0.12952 0.986919
1548265160.05050 0.458575 -2.12308 1.36224 -0.0880909 0.0434193 -0.133467 0.986175
1548265160.08375 0.455035 -2.12311 1.36784 -0.0926772 0.0405857 -0.137623 0.985304
1548265160.11708 0.451589 -2.1231 1.37336 -0.0966956 0.0383657 -0.140461 0.984606
1548265160.15067 0.448318 -2.12324 1.37867 -0.10208 0.0352457 -0.142495 0.983887
1548265160.18366 0.445495 -2.12359 1.38361 -0.105638 0.0331955 -0.14274 0.983547
1548265160.21687 0.443173 -2.12438 1.38822 -0.109584 0.0316662 -0.143214 0.983096
1548265160.25018 0.441364 -2.12546 1.3928 -0.112185 0.0309817 -0.143083 0.982844
1548265160.28351 0.440012 -2.12661 1.39708 -0.115114 0.0308178 -0.144425 0.982314
1548265160.31684 0.438662 -2.12781 1.40148 -0.117174 0.0317753 -0.14458 0.982017
1548265160.35023 0.436785 -2.12904 1.4063 -0.118556 0.0321329 -0.144603 0.981836
1548265160.38354 0.43461 -2.1301 1.41119 -0.121123 0.0323127 -0.146924 0.981172
1548265160.41673 0.431788 -2.13088 1.41606 -0.123509 0.0315439 -0.150026 0.98043
1548265160.45030 0.428519 -2.13161 1.42125 -0.125482 0.0303644 -0.152303 0.979865
1548265160.48353 0.424709 -2.13196 1.42689 -0.129032 0.0281938 -0.154752 0.979085
1548265160.51696 0.420678 -2.13201 1.43253 -0.131661 0.0279608 -0.159101 0.978044
1548265160.55031 0.416458 -2.13215 1.43831 -0.135681 0.0266772 -0.165189 0.97652
1548265160.58341 0.411945 -2.13224 1.4448 -0.137121 0.0250093 -0.169706 0.975588
1548265160.61709 0.40732 -2.13163 1.45086 -0.144037 0.0251575 -0.174113 0.97381
1548265160.65033 0.402527 -2.13086 1.45658 -0.14784 0.0229579 -0.180726 0.972088
1548265160.68377 0.397843 -2.12976 1.46177 -0.152679 0.0222647 -0.186446 0.970274
1548265160.71691 0.392949 -2.12861 1.46689 -0.155839 0.0204417 -0.190478 0.969028
1548265160.75032 0.388365 -2.12766 1.47137 -0.159486 0.0212245 -0.198958 0.966711
1548265160.78360 0.38401 -2.12692 1.47541 -0.161748 0.0221529 -0.205377 0.96497
1548265160.81716 0.380017 -2.12604 1.47892 -0.16354 0.0240896 -0.210647 0.963484
1548265160.85022 0.376445 -2.12488 1.4817 -0.167569 0.0251099 -0.21777 0.961179
1548265160.88373 0.373525 -2.1243 1.4838 -0.168188 0.0266407 -0.225236 0.959308
1548265160.91700 0.370862 -2.1242 1.48553 -0.168362 0.0297199 -0.229835 0.958096
1548265160.95041 0.368773 -2.12424 1.48692 -0.167583 0.030105 -0.238339 0.95614
1548265160.98346 0.366765 -2.1247 1.48758 -0.167272 0.0354467 -0.242816 0.954885
1548265161.01695 0.364794 -2.12527 1.48825 -0.164264 0.0379063 -0.249484 0.953592
1548265161.05015 0.363084 -2.12513 1.48874 -0.166621 0.041678 -0.258358 0.950659
1548265161.08354 0.360717 -2.12523 1.48916 -0.163154 0.0450508 -0.267435 0.948594
1548265161.11677 0.358471 -2.12489 1.49024 -0.165132 0.0484963 -0.273073 0.946473
1548265161.15004 0.355719 -2.12449 1.49173 -0.165096 0.0466206 -0.28002 0.944541
1548265161.18344 0.353341 -2.12409 1.49342 -0.170426 0.0459201 -0.286983 0.941535
1548265161.21675 0.35084 -2.12382 1.49444 -0.168722 0.0488876 -0.290141 0.940724
1548265161.25025 0.348163 -2.12469 1.49523 -0.165669 0.0470999 -0.2925 0.940627
1548265161.28350 0.346612 -2.12574 1.49493 -0.170093 0.0456948 -0.299252 0.937779
1548265161.31675 0.345012 -2.12815 1.49384 -0.167028 0.0463059 -0.303272 0.937008
1548265161.34991 0.343637 -2.13111 1.49192 -0.160612 0.0462986 -0.304085 0.937866
1548265161.38335 0.342829 -2.13358 1.48887 -0.161843 0.0488435 -0.306426 0.936763
1548265161.41705 0.341887 -2.13702 1.48586 -0.155231 0.0482354 -0.308003 0.937396
1548265161.45036 0.341475 -2.14022 1.48164 -0.157308 0.0532023 -0.308771 0.936528
1548265161.48341 0.340895 -2.14315 1.47792 -0.151554 0.050903 -0.31272 0.936294
1548265161.51708 0.340553 -2.1465 1.47378 -0.14776 0.0525168 -0.312669 0.936828
1548265161.55049 0.340553 -2.14915 1.46927 -0.145584 0.053128 -0.310217 0.937949
1548265161.58365 0.340454 -2.15194 1.46464 -0.142459 0.0528596 -0.313345 0.937404
1548265161.61712 0.340752 -2.1543 1.46036 -0.139675 0.0543255 -0.31317 0.937798
1548265161.65040 0.341034 -2.15646 1.45625 -0.138105 0.0534278 -0.313732 0.937894
1548265161.68364 0.341279 -2.15846 1.45295 -0.134468 0.0541941 -0.313603 0.938421
1548265161.71712 0.341695 -2.15999 1.44958 -0.134208 0.0542245 -0.313465 0.938503
1548265161.75035 0.342282 -2.16175 1.4465 -0.132434 0.0545204 -0.314426 0.938416
1548265161.78381 0.343082 -2.16374 1.44365 -0.130526 0.0553214 -0.31568 0.938215
1548265161.81685 0.344324 -2.1659 1.44065 -0.131017 0.0563024 -0.314885 0.938356
1548265161.85034 0.345501 -2.16823 1.43771 -0.127892 0.0568184 -0.316202 0.938313
1548265161.88352 0.34691 -2.17035 1.43492 -0.125758 0.0586648 -0.314448 0.939077
1548265161.91683 0.348377 -2.17264 1.43193 -0.125044 0.0581949 -0.312938 0.939706
1548265161.94996 0.350319 -2.17435 1.42916 -0.123517 0.0587434 -0.309934 0.940869
1548265161.98345 0.352372 -2.1758 1.4263 -0.121658 0.0603674 -0.309345 0.941202
1548265162.01691 0.35446 -2.17651 1.42288 -0.122197 0.0610772 -0.307577 0.941665
1548265162.05012 0.356809 -2.17714 1.41966 -0.120401 0.0597104 -0.306504 0.942334
1548265162.08331 0.359298 -2.17751 1.41642 -0.119821 0.0601544 -0.304401 0.943061
1548265162.11685 0.361919 -2.17742 1.41307 -0.119888 0.0592637 -0.301677 0.943984
1548265162.15017 0.364469 -2.17723 1.40974 -0.119741 0.0596256 -0.299029 0.944822
1548265162.18352 0.366498 -2.17703 1.40629 -0.117539 0.0595152 -0.299771 0.94487
1548265162.21703 0.368349 -2.17686 1.40291 -0.11549 0.0600496 -0.299993 0.945019
1548265162.25051 0.369756 -2.17655 1.39964 -0.113055 0.0594573 -0.298885 0.945701
1548265162.28379 0.370579 -2.17611 1.39578 -0.112693 0.0608854 -0.299573 0.945436
1548265162.31714 0.370782 -2.17602 1.39176 -0.109422 0.0609299 -0.29932 0.945897
1548265162.35054 0.370281 -2.17582 1.38751 -0.10761 0.0614544 -0.300211 0.945789
1548265162.38377 0.369211 -2.17596 1.38328 -0.102686 0.0608771 -0.303657 0.945274
1548265162.41710 0.367675 -2.1758 1.37905 -0.0996101 0.0591971 -0.305185 0.945217
1548265162.45008 0.36571 -2.17547 1.37511 -0.0955104 0.0564001 -0.305281 0.94578
1548265162.48364 0.363515 -2.17531 1.37095 -0.0918325 0.0552517 -0.307704 0.945427
1548265162.51699 0.361711 -2.17528 1.36651 -0.0894092 0.0533156 -0.308724 0.945438
1548265162.55014 0.359779 -2.17534 1.36212 -0.0856083 0.0521045 -0.309091 0.945737
1548265162.58369 0.357594 -2.17524 1.35786 -0.0794563 0.05072 -0.312807 0.945127
1548265162.61677 0.35555 -2.17489 1.35363 -0.0765787 0.0508356 -0.314453 0.944813
1548265162.65026 0.353267 -2.17391 1.34964 -0.073622 0.0489355 -0.317019 0.94429
1548265162.68351 0.350958 -2.17299 1.34593 -0.0710963 0.0493137 -0.319919 0.943486
1548265162.71679 0.34902 -2.17196 1.34266 -0.0691298 0.0478248 -0.322556 0.94281
1548265162.75029 0.347495 -2.17081 1.33957 -0.0672326 0.047037 -0.324288 0.942393
1548265162.78355 0.346206 -2.16996 1.33687 -0.0636213 0.0462749 -0.329309 0.940939
1548265162.81672 0.345361 -2.16893 1.33447 -0.0636253 0.0483024 -0.330862 0.940292
1548265162.85028 0.344437 -2.16757 1.33246 -0.0612347 0.046871 -0.332665 0.939887
1548265162.88360 0.343405 -2.16603 1.33061 -0.0609137 0.0466063 -0.334551 0.939251
1548265162.91694 0.342172 -2.16417 1.32927 -0.0615776 0.0468825 -0.335502 0.938855
1548265162.95007 0.340363 -2.16276 1.32841 -0.0609583 0.0464277 -0.33848 0.937849
1548265162.98344 0.338281 -2.16154 1.32788 -0.0605286 0.0455002 -0.341957 0.93666
1548265163.01698 0.336167 -2.16065 1.32796 -0.0608417 0.0450685 -0.344361 0.935779
1548265163.05035 0.334109 -2.15995 1.32836 -0.0608081 0.0424603 -0.348301 0.934444
1548265163.08367 0.332332 -2.15964 1.32937 -0.0596617 0.0431785 -0.350059 0.933828
1548265163.11667 0.330989 -2.15948 1.33091 -0.0606326 0.0430741 -0.351972 0.933051
1548265163.15022 0.330276 -2.15949 1.33259 -0.0622718 0.0415386 -0.353363 0.932487
1548265163.18354 0.330462 -2.16008 1.33467 -0.0627564 0.0414061 -0.350632 0.933491
1548265163.21719 0.331657 -2.16109 1.33651 -0.0626772 0.0413078 -0.348792 0.934189
1548265163.25033 0.333311 -2.16277 1.33852 -0.0647368 0.0415328 -0.346022 0.935068
1548265163.28369 0.335142 -2.16489 1.34129 -0.0650378 0.0415976 -0.346954 0.934699
1548265163.31702 0.337129 -2.16722 1.34452 -0.0668917 0.0438062 -0.342606 0.93607
1548265163.35048 0.339123 -2.16952 1.3482 -0.0689945 0.0427578 -0.339114 0.937237
1548265163.38381 0.340914 -2.17183 1.35208 -0.0710845 0.0405974 -0.336224 0.938218
1548265163.41677 0.342461 -2.17429 1.35605 -0.0734537 0.0402499 -0.33234 0.939433
1548265163.45037 0.343821 -2.17716 1.36015 -0.0764444 0.0387419 -0.329747 0.940171
1548265163.48356 0.344981 -2.18076 1.36521 -0.0857782 0.0292139 -0.326378 0.940886
1548265163.51695 0.34566 -2.18391 1.36935 -0.0775164 0.0338731 -0.321028 0.943284
1548265163.55041 0.34658 -2.18781 1.3737 -0.0803878 0.0319973 -0.319339 0.943683
1548265163.58341 0.347318 -2.19226 1.37838 -0.0819492 0.0313903 -0.315064 0.945005
1548265163.61679 0.347672 -2.19623 1.38289 -0.0832313 0.028845 -0.312474 0.945833
1548265163.65022 0.347741 -2.20064 1.38745 -0.0827259 0.0283476 -0.309458 0.946884
1548265163.68348 0.347358 -2.20532 1.39187 -0.0815197 0.0264987 -0.308571 0.947331
1548265163.71702 0.34656 -2.20945 1.39659 -0.0835612 0.0264615 -0.306818 0.947724
1548265163.75020 0.345132 -2.21317 1.40144 -0.0859197 0.0266853 -0.304085 0.948387
1548265163.78353 0.343187 -2.21682 1.40637 -0.0848584 0.02597 -0.306578 0.9477
1548265163.81706 0.340292 -2.22006 1.41124 -0.0880526 0.0259717 -0.307759 0.947025
1548265163.85063 0.336729 -2.22276 1.41663 -0.0897332 0.0268972 -0.31295 0.945138
1548265163.88377 0.332271 -2.22581 1.42161 -0.0918229 0.0269108 -0.314069 0.944566
1548265163.91718 0.327137 -2.22841 1.42685 -0.09522 0.0238601 -0.31897 0.942667
1548265163.95025 0.320847 -2.2314 1.43226 -0.0967541 0.0214558 -0.3227 0.941299
1548265163.98383 0.313979 -2.23445 1.43786 -0.0967978 0.0188415 -0.323206 0.941177
1548265164.01709 0.307087 -2.23763 1.44298 -0.099804 0.0147655 -0.323856 0.940712
1548265164.05037 0.300466 -2.24169 1.44759 -0.103369 0.0156829 -0.324258 0.940173
1548265164.08374 0.294053 -2.24648 1.45182 -0.100997 0.0135095 -0.327954 0.939182
1548265164.11725 0.288353 -2.25054 1.45557 -0.101686 0.011038 -0.32766 0.939243
1548265164.15077 0.283136 -2.25542 1.45896 -0.101465 0.0130221 -0.328388 0.938987
1548265164.18361 0.278206 -2.26005 1.46197 -0.101482 0.0131012 -0.331118 0.938025
1548265164.21705 0.273507 -2.26419 1.46503 -0.102583 0.0138324 -0.330042 0.938274
1548265164.25023 0.269038 -2.26803 1.46797 -0.101627 0.0143637 -0.329434 0.938584
1548265164.28360 0.264938 -2.27187 1.47049 -0.100958 0.0157046 -0.330789 0.938158
1548265164.31685 0.261342 -2.27523 1.47316 -0.0996627 0.015511 -0.330686 0.938336
1548265164.35010 0.258363 -2.27771 1.47623 -0.0994527 0.017248 -0.330627 0.938348
1548265164.38351 0.255918 -2.27966 1.47962 -0.100719 0.0188877 -0.331193 0.937982
1548265164.41693 0.25416 -2.28178 1.4832 -0.101808 0.021866 -0.330222 0.938142
1548265164.45014 0.252763 -2.28433 1.48709 -0.108358 0.0180875 -0.332932 0.93653
1548265164.48351 0.251382 -2.28601 1.4896 -0.102711 0.0266632 -0.334787 0.9363
1548265164.51686 0.250958 -2.2885 1.49195 -0.104707 0.0341786 -0.336866 0.935088
1548265164.55014 0.250797 -2.29035 1.49371 -0.104175 0.0375416 -0.341983 0.933159
1548265164.58358 0.250525 -2.29161 1.49477 -0.104443 0.0439339 -0.347601 0.930771
1548265164.61704 0.250297 -2.29229 1.49541 -0.103682 0.0491961 -0.355793 0.927492
1548265164.65066 0.249978 -2.29214 1.49579 -0.10354 0.0545407 -0.360819 0.925264
1548265164.68359 0.249508 -2.29059 1.49563 -0.105006 0.0557116 -0.36481 0.923463
1548265164.71693 0.248469 -2.28858 1.49477 -0.107039 0.0590126 -0.374215 0.919252
1548265164.75066 0.247607 -2.28616 1.49344 -0.107821 0.0626033 -0.383698 0.915003
1548265164.78388 0.247127 -2.28289 1.49151 -0.112483 0.0638754 -0.389571 0.911867
1548265164.81718 0.246412 -2.27889 1.48961 -0.11409 0.0662266 -0.399425 0.907225
1548265164.85054 0.245314 -2.27379 1.48707 -0.118545 0.0666272 -0.407285 0.903121
1548265164.88385 0.243874 -2.26871 1.48396 -0.12113 0.0663943 -0.411756 0.900764
1548265164.91715 0.242641 -2.26467 1.47964 -0.121806 0.0650702 -0.415742 0.898937
1548265164.95045 0.240956 -2.26205 1.47421 -0.120981 0.0643859 -0.418664 0.897741
1548265164.98384 0.239246 -2.2608 1.46835 -0.116636 0.0637142 -0.42269 0.896476
1548265165.01678 0.237821 -2.26043 1.46209 -0.112633 0.0658609 -0.426339 0.895104
1548265165.05008 0.236065 -2.26075 1.45574 -0.10594 0.0686122 -0.429293 0.894302
1548265165.08353 0.234069 -2.26136 1.4494 -0.0989525 0.0672398 -0.434159 0.892857
1548265165.11705 0.231813 -2.2622 1.44321 -0.0914525 0.0692041 -0.437216 0.892014
1548265165.15007 0.229639 -2.26256 1.43745 -0.0849758 0.0693814 -0.441676 0.890442
1548265165.18310 0.227685 -2.26207 1.43187 -0.0822712 0.069615 -0.445057 0.888993
1548265165.21690 0.22601 -2.26162 1.42742 -0.0756785 0.0716871 -0.446184 0.88885
1548265165.25002 0.224933 -2.26073 1.4229 -0.0732474 0.0704862 -0.449753 0.88735
1548265165.28351 0.22445 -2.25951 1.41862 -0.0716025 0.0705699 -0.449035 0.88784
1548265165.31700 0.224567 -2.25864 1.41492 -0.0696356 0.0681821 -0.451013 0.887181
1548265165.34981 0.225081 -2.25799 1.41086 -0.0689374 0.070019 -0.450635 0.887284
1548265165.38351 0.22607 -2.2582 1.40719 -0.0655249 0.0684719 -0.45052 0.887722
1548265165.41720 0.227866 -2.25803 1.40324 -0.0663988 0.0670694 -0.449599 0.888231
1548265165.45028 0.229525 -2.25787 1.39971 -0.0642133 0.067858 -0.449695 0.888283
1548265165.48374 0.231443 -2.2576 1.39673 -0.0629828 0.0719126 -0.448026 0.888895
1548265165.51699 0.233947 -2.25719 1.3943 -0.0638599 0.0706719 -0.449777 0.888047
1548265165.55024 0.236681 -2.25655 1.39253 -0.0656887 0.0724132 -0.451798 0.886747
1548265165.58356 0.239375 -2.2555 1.3921 -0.0666269 0.0757815 -0.452149 0.886217
1548265165.61712 0.242679 -2.25392 1.39234 -0.0711805 0.0779761 -0.452451 0.885517
1548265165.65019 0.245552 -2.25246 1.39354 -0.0733557 0.0803368 -0.453773 0.884452
1548265165.68302 0.248195 -2.25037 1.39543 -0.0788544 0.0820571 -0.456197 0.882572
1548265165.71721 0.25032 -2.24803 1.39835 -0.0824967 0.0832772 -0.456441 0.881998
1548265165.75032 0.251917 -2.24554 1.40168 -0.0873132 0.0836291 -0.457337 0.881036
1548265165.78367 0.253105 -2.24315 1.40551 -0.0922984 0.0835832 -0.460231 0.879023
1548265165.81690 0.25369 -2.24084 1.40961 -0.0974748 0.0835086 -0.462816 0.877113
1548265165.85014 0.253949 -2.23839 1.41387 -0.10215 0.0823201 -0.46548 0.875281
1548265165.88335 0.254271 -2.236 1.41815 -0.108016 0.0846123 -0.465125 0.874547
1548265165.91692 0.254234 -2.23409 1.42244 -0.110414 0.0810495 -0.469817 0.872073
1548265165.95028 0.25408 -2.2326 1.42667 -0.114717 0.0831665 -0.471879 0.870203
1548265165.98368 0.253835 -2.23132 1.43101 -0.117268 0.0836825 -0.474457 0.86841
1548265166.01686 0.2534 -2.22997 1.43564 -0.118928 0.0836208 -0.476464 0.86709
1548265166.05021 0.252837 -2.22849 1.44019 -0.123298 0.0849277 -0.478049 0.865479
1548265166.08353 0.252372 -2.22739 1.4451 -0.12791 0.0856338 -0.478429 0.86453
1548265166.11691 0.251972 -2.22604 1.45027 -0.129 0.0846451 -0.481202 0.862925
1548265166.15013 0.251912 -2.22478 1.45529 -0.131992 0.0850258 -0.48397 0.860884
1548265166.18342 0.251754 -2.22358 1.4607 -0.134343 0.0864225 -0.486281 0.859077
1548265166.21725 0.25165 -2.22219 1.46614 -0.134652 0.086098 -0.489388 0.857295
1548265166.25045 0.251808 -2.22033 1.471 -0.14037 0.0843295 -0.491491 0.855349
1548265166.28383 0.25202 -2.21881 1.47589 -0.142462 0.0860561 -0.494054 0.853352
1548265166.31691 0.252157 -2.21713 1.481 -0.142194 0.0849353 -0.495366 0.852748
1548265166.35005 0.253027 -2.21501 1.48532 -0.148233 0.0841374 -0.49746 0.850577
1548265166.38375 0.253627 -2.21334 1.4896 -0.150275 0.0850868 -0.499191 0.849109
1548265166.41703 0.254598 -2.21151 1.49359 -0.153916 0.08515 -0.500046 0.847946
1548265166.45028 0.255482 -2.20982 1.49737 -0.156627 0.0842988 -0.500215 0.847435
1548265166.48374 0.256329 -2.20836 1.50106 -0.156967 0.0852444 -0.50277 0.845764
1548265166.51714 0.257322 -2.20714 1.50472 -0.158744 0.08608 -0.5047 0.844197
1548265166.55052 0.258376 -2.20554 1.50837 -0.161144 0.0857713 -0.503914 0.844243
1548265166.58375 0.259261 -2.20453 1.51227 -0.160427 0.0865201 -0.505522 0.843342
1548265166.61656 0.260057 -2.20387 1.51604 -0.160535 0.0861519 -0.506381 0.842843
1548265166.65034 0.261135 -2.20304 1.51995 -0.161055 0.0872989 -0.505947 0.842887
1548265166.68364 0.262248 -2.20197 1.52362 -0.163374 0.0875868 -0.507573 0.841431
1548265166.71704 0.26345 -2.20091 1.5276 -0.164897 0.088619 -0.507833 0.840869
1548265166.75029 0.264636 -2.19939 1.53162 -0.166414 0.0899421 -0.50664 0.84115
1548265166.78355 0.265501 -2.1981 1.53543 -0.168106 0.0908961 -0.50512 0.841625
1548265166.81682 0.266281 -2.19666 1.53883 -0.169983 0.091121 -0.505814 0.840806
1548265166.84966 0.266798 -2.19509 1.54231 -0.170407 0.0902231 -0.507069 0.840061
1548265166.88343 0.26706 -2.19348 1.54569 -0.174318 0.0871174 -0.507018 0.839617
1548265166.91689 0.267223 -2.19148 1.54872 -0.175699 0.0853133 -0.507848 0.839012
1548265166.95022 0.267249 -2.18941 1.55182 -0.172776 0.0872323 -0.506765 0.840076
1548265166.98356 0.267415 -2.18752 1.55487 -0.175249 0.0842876 -0.506318 0.840134
1548265167.01715 0.267931 -2.18528 1.55717 -0.176288 0.0837623 -0.50689 0.839625
1548265167.05049 0.268553 -2.18288 1.55905 -0.175352 0.0872628 -0.50498 0.840614
1548265167.08373 0.269623 -2.18041 1.56098 -0.175775 0.0847836 -0.503206 0.841843
1548265167.11726 0.27135 -2.17769 1.56166 -0.176957 0.0841399 -0.503076 0.841737
1548265167.15044 0.273099 -2.17504 1.56166 -0.173386 0.0871215 -0.500102 0.843946
1548265167.18346 0.274483 -2.17339 1.56154 -0.17259 0.0849817 -0.497592 0.845809
1548265167.21728 0.2761 -2.17193 1.56033 -0.166548 0.0890126 -0.494726 0.848284
1548265167.25050 0.277357 -2.17113 1.55866 -0.161495 0.0898272 -0.493115 0.850111
1548265167.28375 0.278962 -2.16999 1.55638 -0.158046 0.0914209 -0.49035 0.852186
1548265167.31717 0.280278 -2.16858 1.5539 -0.154344 0.092382 -0.485535 0.855511
1548265167.35032 0.281217 -2.16714 1.55109 -0.147361 0.0915285 -0.483294 0.858099
1548265167.38374 0.282312 -2.16538 1.5476 -0.145816 0.0926897 -0.482513 0.858678
1548265167.41694 0.283105 -2.16278 1.54429 -0.142449 0.0916282 -0.480491 0.860489
1548265167.45013 0.284131 -2.15885 1.54108 -0.144073 0.0920339 -0.47926 0.860862
1548265167.48350 0.284849 -2.15476 1.53829 -0.141033 0.088876 -0.478412 0.862168
1548265167.51686 0.28548 -2.15066 1.53524 -0.141536 0.0875955 -0.477191 0.862893
1548265167.55016 0.28594 -2.14714 1.53265 -0.138174 0.0875839 -0.476816 0.863645
1548265167.58341 0.286157 -2.14381 1.52991 -0.13722 0.0873791 -0.474876 0.864886
1548265167.61675 0.286467 -2.14036 1.52718 -0.13678 0.0845425 -0.476019 0.864609
1548265167.65019 0.28679 -2.13809 1.52453 -0.130987 0.0852864 -0.475218 0.865873
1548265167.68350 0.287511 -2.13518 1.52132 -0.130988 0.0848362 -0.473322 0.866955
1548265167.71689 0.288022 -2.13315 1.51816 -0.125987 0.085005 -0.473212 0.867739
1548265167.75030 0.289076 -2.13114 1.51467 -0.123127 0.0850824 -0.473897 0.867769
1548265167.78358 0.290542 -2.12875 1.51113 -0.121879 0.0837126 -0.472155 0.869027
1548265167.81700 0.291643 -2.12651 1.50742 -0.120876 0.0842027 -0.47131 0.869578
1548265167.85014 0.292572 -2.12418 1.5037 -0.120421 0.0841738 -0.470152 0.870271
1548265167.88390 0.293508 -2.12173 1.49989 -0.118842 0.0839052 -0.466637 0.872403
1548265167.91716 0.294343 -2.11947 1.49593 -0.116472 0.0816504 -0.465971 0.873292
1548265167.95036 0.295336 -2.11706 1.49174 -0.116467 0.0804045 -0.465408 0.873708
1548265167.98378 0.29599 -2.11486 1.48751 -0.115434 0.07898 -0.462764 0.875378
1548265168.01683 0.296417 -2.11306 1.48285 -0.115272 0.0775018 -0.462556 0.875642
1548265168.05033 0.297027 -2.11183 1.47791 -0.115612 0.0810556 -0.459081 0.877102
1548265168.08380 0.297179 -2.11082 1.47302 -0.112144 0.078682 -0.459396 0.877604
1548265168.11707 0.297535 -2.11033 1.46773 -0.110346 0.0766219 -0.458377 0.878546
1548265168.15049 0.298127 -2.11099 1.46207 -0.105878 0.0764754 -0.455884 0.880404
1548265168.18368 0.298613 -2.11184 1.45644 -0.10304 0.0776118 -0.452563 0.882353
1548265168.21703 0.299519 -2.11329 1.45106 -0.0975839 0.0772088 -0.451157 0.883727
1548265168.25024 0.300541 -2.1148 1.44542 -0.094296 0.0777581 -0.448655 0.885308
1548265168.28362 0.301511 -2.11623 1.43979 -0.0908763 0.0793881 -0.446277 0.886722
1548265168.31696 0.302195 -2.11779 1.43436 -0.086173 0.080208 -0.44453 0.887994
1548265168.35013 0.30296 -2.1191 1.42949 -0.0820453 0.0805458 -0.442519 0.889358
1548265168.38357 0.303768 -2.1197 1.42497 -0.0800315 0.08047 -0.439981 0.890806
1548265168.41704 0.304238 -2.12001 1.42045 -0.0784485 0.0799175 -0.438687 0.891635
1548265168.45038 0.304963 -2.12019 1.41605 -0.0767339 0.0804111 -0.435653 0.893226
1548265168.48366 0.305905 -2.12023 1.41226 -0.0755979 0.0785132 -0.435511 0.893561
1548265168.51678 0.30662 -2.12006 1.40871 -0.0755434 0.0820301 -0.432402 0.894759
1548265168.55032 0.307236 -2.11997 1.40479 -0.0735248 0.0789286 -0.430443 0.896149
1548265168.58364 0.308051 -2.11984 1.4009 -0.0719935 0.076959 -0.425614 0.898747
1548265168.61722 0.308779 -2.11989 1.39723 -0.0709883 0.0769947 -0.425357 0.898946
1548265168.65016 0.309516 -2.12077 1.39322 -0.0677685 0.0768692 -0.422861 0.900382
1548265168.68362 0.310267 -2.12212 1.38922 -0.0634201 0.0739447 -0.419221 0.902643
1548265168.71717 0.311155 -2.12323 1.38486 -0.061114 0.0752443 -0.416499 0.903954
1548265168.75044 0.311886 -2.12395 1.38021 -0.0599698 0.0767651 -0.414479 0.904831
1548265168.78374 0.312406 -2.12461 1.37589 -0.0583741 0.0745401 -0.410722 0.906832
1548265168.81705 0.312639 -2.12518 1.37162 -0.0548771 0.0750133 -0.405519 0.909349
1548265168.85008 0.312736 -2.12552 1.36717 -0.0529009 0.0753083 -0.407513 0.90855
1548265168.88381 0.312627 -2.12563 1.36293 -0.0508479 0.0741178 -0.403907 0.910374
1548265168.91700 0.312191 -2.12569 1.35853 -0.0495805 0.0722389 -0.40258 0.911182
1548265168.95038 0.311577 -2.12604 1.35453 -0.0483021 0.0729406 -0.404174 0.910489
1548265168.98373 0.310495 -2.12662 1.35107 -0.0440424 0.0707754 -0.400689 0.912414
1548265169.01678 0.309263 -2.12754 1.34696 -0.0420873 0.0683782 -0.401615 0.912282
1548265169.05023 0.307922 -2.12887 1.34255 -0.037265 0.0688492 -0.400344 0.913014
1548265169.08353 0.306598 -2.13005 1.33804 -0.0330858 0.0669429 -0.396713 0.914901
1548265169.11686 0.305057 -2.1308 1.33378 -0.028857 0.0646994 -0.393965 0.916391
1548265169.15003 0.303213 -2.13085 1.32892 -0.026682 0.0634115 -0.396299 0.915541
1548265169.18328 0.301129 -2.13002 1.32438 -0.023366 0.0597006 -0.394402 0.916699
1548265169.21688 0.299344 -2.12852 1.31995 -0.0217839 0.055933 -0.391532 0.918205
1548265169.25016 0.298084 -2.12693 1.31492 -0.0198119 0.0514711 -0.387696 0.920136
1548265169.28342 0.297838 -2.12489 1.30958 -0.0178782 0.0461649 -0.379113 0.924025
1548265169.31688 0.298404 -2.12302 1.30425 -0.0184081 0.0449211 -0.376283 0.925232
1548265169.34988 0.299329 -2.12188 1.29898 -0.0153845 0.0452839 -0.374087 0.92616
1548265169.38365 0.300675 -2.12074 1.29367 -0.0147755 0.04301 -0.368658 0.928452
1548265169.41713 0.301876 -2.11976 1.2884 -0.0129895 0.0433403 -0.363206 0.930609
1548265169.45042 0.302715 -2.1191 1.2833 -0.0129399 0.0429848 -0.361676 0.931223
1548265169.48384 0.302704 -2.11908 1.27877 -0.00961978 0.0404845 -0.357625 0.932938
1548265169.51703 0.302013 -2.11932 1.27447 -0.00894812 0.0372926 -0.356103 0.93366
1548265169.55027 0.300836 -2.11978 1.27127 -0.00605893 0.0353414 -0.351745 0.935409
1548265169.58365 0.300118 -2.12006 1.26838 -0.00603191 0.0330662 -0.350372 0.936007
1548265169.61703 0.29979 -2.12035 1.26614 -0.00550501 0.031893 -0.347323 0.937187
1548265169.65054 0.300042 -2.12056 1.2648 -0.0054085 0.0301536 -0.34393 0.938496
1548265169.68387 0.300793 -2.12115 1.26431 -0.00727309 0.0284078 -0.341487 0.939429
1548265169.71704 0.301996 -2.12236 1.26486 -0.0084357 0.0287338 -0.337087 0.940997
1548265169.75049 0.303917 -2.12372 1.26575 -0.0121523 0.0301795 -0.333969 0.942022
1548265169.78392 0.305681 -2.125 1.26706 -0.0132471 0.03047 -0.330928 0.943071
1548265169.81702 0.307635 -2.12583 1.26895 -0.0147268 0.031395 -0.328744 0.943782
1548265169.85010 0.309575 -2.12653 1.27125 -0.0184593 0.0336293 -0.328326 0.943785
1548265169.88352 0.310904 -2.1269 1.2741 -0.0208226 0.0331506 -0.326289 0.944459
1548265169.91701 0.312121 -2.12681 1.27694 -0.0262888 0.0328368 -0.32567 0.944547
1548265169.95014 0.313068 -2.12674 1.28001 -0.0283226 0.0334595 -0.32338 0.945253
1548265169.98361 0.31386 -2.12635 1.28254 -0.0343532 0.0327628 -0.322427 0.945403
1548265170.01672 0.314257 -2.12657 1.28521 -0.0362602 0.0338344 -0.32149 0.945614
1548265170.05010 0.314368 -2.127 1.28806 -0.0380569 0.0327916 -0.3211 0.945712
1548265170.08375 0.314429 -2.12749 1.29122 -0.041027 0.0333578 -0.321597 0.945399
1548265170.11677 0.314575 -2.12786 1.29483 -0.0418165 0.0333081 -0.322647 0.945008
1548265170.15028 0.314996 -2.1279 1.29868 -0.0448012 0.0328908 -0.320949 0.945464
1548265170.18355 0.31563 -2.1277 1.30234 -0.0486281 0.0329987 -0.32169 0.94502
1548265170.21711 0.316094 -2.1277 1.3065 -0.0483958 0.033523 -0.319256 0.945838
1548265170.25065 0.316741 -2.12714 1.31057 -0.052057 0.0327625 -0.317683 0.9462
1548265170.28386 0.317378 -2.12685 1.31436 -0.0546908 0.0343988 -0.319052 0.945532
1548265170.31708 0.318235 -2.12676 1.31806 -0.0564518 0.0353771 -0.318699 0.945512
1548265170.35046 0.318891 -2.12631 1.32166 -0.0601353 0.0347362 -0.31966 0.944984
1548265170.38389 0.319246 -2.1264 1.32543 -0.0608285 0.0359712 -0.322118 0.944058
1548265170.41724 0.319662 -2.12632 1.32856 -0.0649499 0.0362963 -0.321822 0.943872
1548265170.45045 0.319707 -2.12657 1.33193 -0.0663152 0.0376273 -0.320579 0.944148
1548265170.48383 0.319695 -2.12688 1.33503 -0.0674312 0.037547 -0.325462 0.9424
1548265170.51690 0.319659 -2.12717 1.33813 -0.0685773 0.0388642 -0.325926 0.942104
1548265170.55050 0.319653 -2.12724 1.34103 -0.0696662 0.0381282 -0.327325 0.941568
1548265170.58370 0.31975 -2.12755 1.34372 -0.0729147 0.0411776 -0.328899 0.940645
1548265170.61656 0.319412 -2.12783 1.34657 -0.0723165 0.0402661 -0.330299 0.94024
1548265170.64999 0.319325 -2.12761 1.34924 -0.0751535 0.0403069 -0.331892 0.939455
1548265170.68328 0.31907 -2.12803 1.35228 -0.0741687 0.0434164 -0.334726 0.938388
1548265170.71672 0.318629 -2.128 1.35552 -0.0753798 0.0429866 -0.335016 0.938208
1548265170.74998 0.31785 -2.12789 1.35906 -0.0765693 0.0434471 -0.335384 0.937959
1548265170.78347 0.317052 -2.12795 1.36253 -0.0783322 0.0441766 -0.340213 0.936038
1548265170.81679 0.316342 -2.12769 1.3663 -0.0800909 0.0449011 -0.339031 0.936284
1548265170.85021 0.315463 -2.12718 1.3704 -0.0818269 0.0441546 -0.339634 0.935951
1548265170.88342 0.314901 -2.1271 1.37451 -0.0846997 0.0464608 -0.342254 0.934628
1548265170.91672 0.314424 -2.12658 1.37878 -0.0858593 0.0448987 -0.342593 0.934474
1548265170.95023 0.314122 -2.12606 1.38312 -0.088382 0.0448742 -0.344682 0.933472
1548265170.98360 0.31399 -2.12545 1.3876 -0.0907947 0.0478965 -0.346001 0.932602
1548265171.01693 0.313921 -2.1244 1.39219 -0.0931287 0.0474117 -0.346442 0.932232
1548265171.05043 0.313931 -2.12321 1.39648 -0.0968683 0.0494787 -0.347432 0.931375
1548265171.08351 0.31385 -2.12243 1.40077 -0.101118 0.0513609 -0.349993 0.929861
1548265171.11711 0.313457 -2.12164 1.40541 -0.10128 0.0514964 -0.351401 0.929305
1548265171.15055 0.313 -2.12097 1.40969 -0.103673 0.0516779 -0.355368 0.927521
1548265171.18351 0.312534 -2.12088 1.41375 -0.105843 0.0544329 -0.356436 0.926708
1548265171.21709 0.311857 -2.12072 1.41757 -0.1068 0.0553154 -0.356805 0.926404
1548265171.25046 0.310976 -2.12079 1.42133 -0.107812 0.0572785 -0.359783 0.925014
1548265171.28393 0.310083 -2.12088 1.42521 -0.107845 0.0589917 -0.362903 0.923683
1548265171.31718 0.308973 -2.12105 1.42883 -0.110108 0.0596889 -0.366423 0.92198
1548265171.35048 0.307312 -2.12203 1.43238 -0.10764 0.0618918 -0.370334 0.920563
1548265171.38388 0.305609 -2.12255 1.43581 -0.107413 0.062449 -0.372183 0.919806
1548265171.41679 0.303806 -2.1229 1.43897 -0.107467 0.0635726 -0.375522 0.918364
1548265171.45006 0.301939 -2.12315 1.44209 -0.10771 0.0632872 -0.376576 0.917924
1548265171.48338 0.300091 -2.12325 1.44506 -0.105534 0.0615713 -0.376117 0.918481
1548265171.51706 0.298898 -2.12355 1.44779 -0.105371 0.0644388 -0.378574 0.917293
1548265171.55007 0.29788 -2.12368 1.45046 -0.106037 0.0656737 -0.379191 0.916874
1548265171.58364 0.2968 -2.12421 1.45327 -0.10539 0.0687932 -0.381026 0.915958
1548265171.61703 0.295398 -2.12441 1.45629 -0.10523 0.0696419 -0.384051 0.914648
1548265171.65016 0.293784 -2.12441 1.45909 -0.105765 0.0704969 -0.387211 0.913188
1548265171.68368 0.292135 -2.12311 1.46208 -0.113942 0.0812051 -0.39353 0.908602
1548265171.71653 0.289842 -2.12409 1.46564 -0.103689 0.0720972 -0.389913 0.912151
1548265171.75039 0.287856 -2.12408 1.46868 -0.105661 0.0750512 -0.392798 0.910447
1548265171.78365 0.285991 -2.1237 1.47196 -0.106253 0.0751969 -0.3957 0.909108
1548265171.81710 0.284157 -2.12357 1.47548 -0.106343 0.0765858 -0.398338 0.907829
1548265171.85052 0.282276 -2.12337 1.47948 -0.104888 0.0768746 -0.399658 0.907393
1548265171.88349 0.280536 -2.12247 1.48326 -0.105529 0.0797305 -0.402206 0.905945
1548265171.91706 0.278923 -2.12154 1.48698 -0.108854 0.0803182 -0.406627 0.903523
1548265171.95038 0.277025 -2.12025 1.49082 -0.110537 0.0799363 -0.408077 0.902699
1548265171.98366 0.275198 -2.11914 1.49496 -0.110414 0.0786221 -0.411606 0.901226
1548265172.01694 0.273736 -2.11773 1.49867 -0.116087 0.0826415 -0.412279 0.899844
1548265172.05008 0.272521 -2.11631 1.5024 -0.117215 0.0822991 -0.41703 0.897537
1548265172.08369 0.271654 -2.11506 1.50632 -0.116872 0.0830442 -0.420754 0.895774
1548265172.11719 0.270874 -2.11369 1.50998 -0.120172 0.084081 -0.423917 0.893747
1548265172.15058 0.270395 -2.1123 1.51345 -0.123867 0.0864881 -0.426405 0.891827
1548265172.18372 0.269746 -2.11161 1.51694 -0.124256 0.0881728 -0.431114 0.889341
1548265172.21653 0.268908 -2.11087 1.52029 -0.125331 0.0895215 -0.434532 0.887389
1548265172.25001 0.268232 -2.10971 1.52364 -0.127545 0.0897848 -0.437151 0.88576
1548265172.28366 0.267207 -2.10879 1.52688 -0.129398 0.0908825 -0.441321 0.883308
1548265172.31685 0.265746 -2.10827 1.53001 -0.129403 0.0925761 -0.446441 0.880554
1548265172.35024 0.263517 -2.10742 1.53295 -0.130901 0.0930871 -0.448413 0.879276
1548265172.38332 0.261397 -2.10665 1.53579 -0.134167 0.0942688 -0.452836 0.876386
1548265172.41676 0.258902 -2.10601 1.5391 -0.131339 0.0921332 -0.458711 0.873983
1548265172.45011 0.256027 -2.10509 1.54231 -0.132061 0.0917649 -0.462949 0.871675
1548265172.48324 0.253237 -2.10409 1.54554 -0.133117 0.0926841 -0.462636 0.871584
1548265172.51701 0.250623 -2.10291 1.54886 -0.132167 0.0896052 -0.468523 0.868901
1548265172.55012 0.248206 -2.10186 1.55188 -0.132934 0.0903561 -0.474135 0.865656
1548265172.58349 0.246415 -2.10069 1.55487 -0.135813 0.091746 -0.476111 0.863977
1548265172.61708 0.244331 -2.09934 1.55762 -0.135572 0.0903663 -0.479771 0.862134
1548265172.65050 0.241925 -2.09883 1.56044 -0.135447 0.0894017 -0.488035 0.857603
1548265172.68382 0.241009 -2.09707 1.56247 -0.1364 0.0929195 -0.489947 0.855986
1548265172.71711 0.239591 -2.09584 1.56439 -0.138272 0.0960325 -0.492571 0.853834
1548265172.75045 0.23831 -2.09461 1.56648 -0.14004 0.100519 -0.497917 0.84992
1548265172.78387 0.237044 -2.09295 1.5686 -0.139898 0.0990345 -0.507563 0.844394
1548265172.81705 0.235714 -2.09167 1.57039 -0.140659 0.100027 -0.509698 0.842863
1548265172.85051 0.235109 -2.0893 1.57153 -0.142061 0.103584 -0.507263 0.843666
1548265172.88366 0.234135 -2.08678 1.57176 -0.145387 0.104574 -0.510012 0.841317
1548265172.91716 0.232695 -2.08464 1.57162 -0.145849 0.106335 -0.513545 0.838864
1548265172.95022 0.231049 -2.08286 1.57065 -0.145058 0.108081 -0.518827 0.835521
1548265172.98382 0.22917 -2.07979 1.56905 -0.148175 0.116111 -0.527819 0.828233
1548265173.01683 0.225717 -2.0796 1.56702 -0.142059 0.111404 -0.527518 0.83014
1548265173.05015 0.222464 -2.07781 1.56471 -0.139058 0.110708 -0.530041 0.829134
1548265173.08363 0.218805 -2.0772 1.56224 -0.134409 0.109164 -0.536907 0.825681
1548265173.11694 0.215165 -2.07597 1.55966 -0.129482 0.111059 -0.540909 0.8236
1548265173.15014 0.211742 -2.07437 1.55707 -0.127585 0.10888 -0.540439 0.824495
1548265173.18361 0.20966 -2.07255 1.5548 -0.125507 0.109652 -0.542377 0.823439
1548265173.21681 0.207108 -2.07042 1.55217 -0.123627 0.108154 -0.54586 0.821618
1548265173.25028 0.204959 -2.06832 1.54957 -0.121332 0.107967 -0.548441 0.820265
1548265173.28339 0.203338 -2.0661 1.54674 -0.120951 0.10869 -0.547986 0.820529
1548265173.31689 0.202024 -2.06387 1.54406 -0.120153 0.109853 -0.55145 0.818168
1548265173.35001 0.20065 -2.06255 1.54088 -0.117885 0.1088 -0.555147 0.816136
1548265173.38352 0.199835 -2.06099 1.5375 -0.116607 0.110558 -0.553794 0.817002
1548265173.41723 0.198715 -2.06036 1.53348 -0.115174 0.11301 -0.554753 0.816219
1548265173.45036 0.197886 -2.05971 1.52956 -0.113321 0.114977 -0.554155 0.81661
1548265173.48349 0.196686 -2.05952 1.52514 -0.110877 0.114723 -0.552171 0.818323
1548265173.51714 0.195573 -2.05944 1.5205 -0.107655 0.114375 -0.553066 0.818197
1548265173.55052 0.193781 -2.05985 1.51591 -0.101192 0.113712 -0.552658 0.81939
1548265173.58389 0.192168 -2.05924 1.51089 -0.100298 0.115854 -0.548858 0.82175
1548265173.61721 0.190059 -2.05866 1.50656 -0.0957697 0.112766 -0.548714 0.822815
1548265173.65043 0.187229 -2.05784 1.50208 -0.0926331 0.111036 -0.544477 0.826217
1548265173.68379 0.185301 -2.05645 1.49772 -0.0912046 0.109739 -0.541077 0.828779
1548265173.71687 0.182911 -2.05493 1.49358 -0.0894401 0.105481 -0.538728 0.831051
1548265173.75050 0.181317 -2.05284 1.48938 -0.0888449 0.10473 -0.536125 0.832891
1548265173.78385 0.180071 -2.05057 1.48529 -0.0891969 0.106694 -0.528525 0.837449
1548265173.81702 0.178675 -2.04801 1.48138 -0.0896976 0.103949 -0.525463 0.839665
1548265173.85015 0.177253 -2.04544 1.47748 -0.0893077 0.105342 -0.521739 0.841853
1548265173.88354 0.175935 -2.04292 1.47385 -0.0893247 0.107013 -0.516288 0.844995
1548265173.91677 0.174095 -2.03995 1.47031 -0.0886883 0.108104 -0.511443 0.847865
1548265173.95045 0.171986 -2.03747 1.46703 -0.0880485 0.107863 -0.508251 0.849878
1548265173.98360 0.170275 -2.03475 1.46341 -0.0854748 0.107021 -0.503302 0.853187
1548265174.01705 0.167721 -2.03242 1.45967 -0.0840356 0.10325 -0.501143 0.855063
1548265174.04998 0.166316 -2.02881 1.45528 -0.0840514 0.108855 -0.492964 0.859111
1548265174.08364 0.164735 -2.02531 1.45095 -0.0841554 0.109284 -0.487822 0.861977
1548265174.11693 0.162972 -2.02195 1.44683 -0.0824893 0.106549 -0.483727 0.864784
1548265174.15000 0.161121 -2.01851 1.44289 -0.0807454 0.107675 -0.478492 0.867716
1548265174.18355 0.159362 -2.01471 1.43868 -0.0799883 0.106123 -0.474581 0.870122
1548265174.21722 0.157218 -2.01113 1.43461 -0.0783696 0.103714 -0.470143 0.872965
1548265174.25022 0.155347 -2.00759 1.43049 -0.0788581 0.10099 -0.467049 0.874899
1548265174.28374 0.153766 -2.0038 1.42649 -0.0785559 0.0975374 -0.462639 0.877656
1548265174.31708 0.152346 -2.00022 1.42274 -0.075335 0.0973557 -0.457245 0.88078
1548265174.35049 0.151346 -1.99648 1.41869 -0.0761723 0.0953279 -0.452987 0.883127
1548265174.38373 0.150846 -1.9925 1.41454 -0.0767355 0.0911475 -0.449035 0.885534
1548265174.41696 0.150335 -1.98881 1.41096 -0.0758844 0.0926315 -0.442223 0.888876
1548265174.45050 0.150049 -1.98482 1.40713 -0.077783 0.0904353 -0.436599 0.891713
1548265174.48360 0.150044 -1.98077 1.40349 -0.0778649 0.0882213 -0.430238 0.895014
1548265174.51714 0.150216 -1.97675 1.39971 -0.0778294 0.0843589 -0.425518 0.897642
1548265174.55025 0.150552 -1.97316 1.39574 -0.0787804 0.082003 -0.419487 0.900611
1548265174.58362 0.151142 -1.96991 1.39235 -0.0777481 0.0794284 -0.412109 0.90433
1548265174.61659 0.15184 -1.96668 1.38884 -0.0782289 0.0773797 -0.40802 0.906318
1548265174.65027 0.152217 -1.96414 1.38579 -0.0775622 0.0770833 -0.401089 0.909489
1548265174.68351 0.152926 -1.96116 1.38298 -0.0761785 0.0719719 -0.396029 0.912238
1548265174.71676 0.153592 -1.95832 1.38023 -0.0758567 0.0694574 -0.391758 0.914302
1548265174.75017 0.154586 -1.95576 1.37766 -0.0758717 0.0673034 -0.387165 0.916415
1548265174.78371 0.155776 -1.95347 1.37516 -0.0756378 0.0656489 -0.382171 0.918648
1548265174.81703 0.157035 -1.95141 1.37286 -0.0770043 0.0634247 -0.377865 0.92047
1548265174.84999 0.158737 -1.94986 1.37093 -0.0760309 0.0618025 -0.373689 0.922365
1548265174.88327 0.160983 -1.94833 1.36907 -0.0762333 0.0610198 -0.368688 0.92441
1548265174.91671 0.163568 -1.9468 1.3676 -0.0761138 0.0589678 -0.363626 0.926556
1548265174.95014 0.166752 -1.94517 1.36576 -0.0765833 0.0566893 -0.358795 0.92854
1548265174.98358 0.170271 -1.94332 1.3638 -0.0776684 0.0566182 -0.354555 0.930082
1548265175.01714 0.173729 -1.94071 1.36227 -0.0779515 0.0551392 -0.349434 0.932083
1548265175.05058 0.177159 -1.9378 1.36057 -0.0797138 0.052979 -0.342107 0.934774
1548265175.08364 0.180458 -1.93477 1.35875 -0.080833 0.0505138 -0.337754 0.936396
1548265175.11702 0.183432 -1.9316 1.35667 -0.0808565 0.0491993 -0.332948 0.938183
1548265175.15041 0.186132 -1.92841 1.35448 -0.0805862 0.0458944 -0.327722 0.940212
1548265175.18362 0.188425 -1.92548 1.35217 -0.08149 0.0452694 -0.324414 0.941311
1548265175.21708 0.190381 -1.92298 1.35007 -0.0805833 0.0442559 -0.320103 0.942911
1548265175.25045 0.192219 -1.92059 1.34815 -0.0800176 0.0423662 -0.313105 0.945393
1548265175.28358 0.193849 -1.91853 1.34614 -0.0782152 0.0409207 -0.307923 0.947308
1548265175.31683 0.19535 -1.91642 1.34423 -0.076819 0.0400134 -0.306057 0.948065
1548265175.35007 0.197121 -1.9141 1.34207 -0.074456 0.039122 -0.301725 0.949678
1548265175.38370 0.199127 -1.91168 1.33926 -0.0752097 0.037703 -0.296499 0.95132
1548265175.41690 0.201219 -1.90818 1.33595 -0.0751691 0.0362586 -0.292442 0.952635
1548265175.45025 0.203397 -1.90437 1.33266 -0.0762592 0.0350449 -0.287728 0.954028
1548265175.48354 0.205772 -1.90085 1.32901 -0.0754425 0.0322595 -0.285365 0.9549
1548265175.51678 0.208272 -1.89778 1.32518 -0.0743766 0.0302511 -0.282009 0.956046
1548265175.55007 0.210783 -1.8946 1.3215 -0.0729275 0.0282622 -0.279825 0.95686
1548265175.58359 0.213372 -1.89144 1.31796 -0.0728423 0.027012 -0.27622 0.957949
1548265175.61659 0.216437 -1.88878 1.31406 -0.0743758 0.0269266 -0.271263 0.959249
1548265175.65028 0.219783 -1.88605 1.3105 -0.0724582 0.0275373 -0.26804 0.960284
1548265175.68369 0.223084 -1.8827 1.30694 -0.0723836 0.0278608 -0.263952 0.961412
1548265175.71703 0.226707 -1.87922 1.3029 -0.0720152 0.0258837 -0.257558 0.963228
1548265175.75031 0.229894 -1.87574 1.29834 -0.06871 0.0269882 -0.255621 0.963955
1548265175.78361 0.232004 -1.87211 1.29392 -0.0679823 0.0250171 -0.248629 0.965886
1548265175.81732 0.233378 -1.86857 1.29027 -0.0647678 0.0186532 -0.243886 0.967459
1548265175.85056 0.235448 -1.86551 1.28696 -0.0633274 0.0155346 -0.237059 0.969305
1548265175.88384 0.238548 -1.86253 1.28399 -0.0605086 0.0149179 -0.233684 0.970313
1548265175.91729 0.241948 -1.85949 1.28216 -0.056495 0.0125052 -0.228057 0.971927
1548265175.95052 0.245882 -1.8567 1.28084 -0.0577773 0.0129943 -0.221912 0.973267
1548265175.98362 0.250238 -1.85467 1.28044 -0.053598 0.0143255 -0.217352 0.974515
1548265176.01735 0.254635 -1.85353 1.28055 -0.0561645 0.0147415 -0.213216 0.975278
1548265176.05033 0.259313 -1.85257 1.28246 -0.0537966 0.0160408 -0.20761 0.9766
1548265176.08383 0.264536 -1.85174 1.28546 -0.0553834 0.0180943 -0.202509 0.977546
1548265176.11708 0.269591 -1.85072 1.28924 -0.0574446 0.0208657 -0.197467 0.978402
1548265176.15040 0.274076 -1.85003 1.29426 -0.0578466 0.0226687 -0.193567 0.979118
1548265176.18389 0.277683 -1.84877 1.29941 -0.0604167 0.0242818 -0.189472 0.979725
1548265176.21695 0.279946 -1.84699 1.30506 -0.0647264 0.0231111 -0.188863 0.979596
1548265176.25034 0.281268 -1.84436 1.31104 -0.0692735 0.020854 -0.188343 0.979435
1548265176.28363 0.28207 -1.84124 1.31683 -0.0750749 0.0162893 -0.191143 0.978552
1548265176.31684 0.282416 -1.83791 1.32269 -0.0796898 0.0128116 -0.19536 0.977405
1548265176.35003 0.282719 -1.83388 1.32848 -0.0874414 0.00906554 -0.199037 0.976041
1548265176.38362 0.283497 -1.8294 1.3345 -0.0915704 0.00514445 -0.201386 0.975209
1548265176.41705 0.284694 -1.82439 1.3401 -0.0981203 0.00169781 -0.204966 0.973837
1548265176.44986 0.286328 -1.81974 1.34604 -0.102821 2.17464e-05 -0.209757 0.972332
1548265176.48364 0.288329 -1.81493 1.35194 -0.108556 -0.0013506 -0.210119 0.971629
1548265176.51700 0.290556 -1.81009 1.35825 -0.111122 -0.00342927 -0.210253 0.971305
1548265176.55065 0.293434 -1.80561 1.36429 -0.118678 -0.00188127 -0.212247 0.969981
1548265176.58367 0.296135 -1.80155 1.3708 -0.118566 -0.00325061 -0.211444 0.970167
1548265176.61689 0.299472 -1.79726 1.37672 -0.125671 -0.00203047 -0.208357 0.969943
1548265176.65055 0.302144 -1.79386 1.38284 -0.12039 -0.00280055 -0.208918 0.97049
1548265176.68385 0.305702 -1.79034 1.38737 -0.124213 0.000362441 -0.209107 0.969972
1548265176.71705 0.309197 -1.78688 1.39173 -0.123619 0.00105093 -0.207806 0.970327
1548265176.75028 0.312788 -1.78388 1.39549 -0.12516 0.00349934 -0.205748 0.970562
1548265176.78383 0.315729 -1.78026 1.39834 -0.126561 0.00654251 -0.205402 0.970438
1548265176.81708 0.318428 -1.77702 1.40064 -0.125403 0.00659799 -0.203305 0.971029
1548265176.85067 0.320977 -1.77361 1.40239 -0.124374 0.00579531 -0.198584 0.972143
1548265176.88379 0.323234 -1.77013 1.40339 -0.125211 0.0061378 -0.196377 0.972482
1548265176.91702 0.325541 -1.76667 1.40344 -0.123173 0.00459554 -0.188919 0.974226
1548265176.95047 0.327853 -1.76331 1.40277 -0.122006 0.00368997 -0.181188 0.975844
1548265176.98391 0.330408 -1.76061 1.4013 -0.117914 0.00515709 -0.179661 0.976623
1548265177.01688 0.333326 -1.75775 1.3988 -0.116004 0.00576069 -0.17346 0.977968
1548265177.05017 0.336458 -1.75513 1.39574 -0.114136 0.0069348 -0.168306 0.97908
1548265177.08358 0.339538 -1.75296 1.39259 -0.112353 0.00878895 -0.16615 0.97964
1548265177.11694 0.342608 -1.75074 1.3897 -0.108798 0.0108883 -0.161033 0.980873
1548265177.15022 0.345191 -1.74835 1.38707 -0.106896 0.012249 -0.156837 0.981746
1548265177.18371 0.347182 -1.7462 1.38461 -0.105313 0.0134248 -0.156164 0.982009
1548265177.21701 0.348993 -1.74398 1.38221 -0.104797 0.0134496 -0.153797 0.982437
1548265177.25020 0.350598 -1.74166 1.37965 -0.106316 0.0147472 -0.151678 0.982585
1548265177.28347 0.351987 -1.73976 1.37727 -0.108947 0.0160439 -0.153485 0.981996
1548265177.35025 0.354167 -1.73644 1.37357 -0.109034 0.0163621 -0.150041 0.982513
1548265177.38362 0.354951 -1.73563 1.37174 -0.10813 0.0164785 -0.150162 0.982592
1548265177.41712 0.355669 -1.73514 1.3705 -0.104563 0.0163134 -0.149111 0.983141
1548265177.45060 0.356517 -1.73443 1.36939 -0.103785 0.0163306 -0.147394 0.983482
1548265177.48388 0.357178 -1.73384 1.36817 -0.104467 0.0161072 -0.146825 0.983499
1548265177.51722 0.357807 -1.73273 1.36631 -0.108883 0.015665 -0.146005 0.983149
1548265177.55058 0.357835 -1.7325 1.36516 -0.10298 0.013266 -0.144913 0.983981
1548265177.58375 0.357933 -1.73207 1.36365 -0.105248 0.0131305 -0.147229 0.983399
1548265177.61689 0.357884 -1.73151 1.36257 -0.105607 0.0113732 -0.147504 0.983342
1548265177.65029 0.357913 -1.73046 1.36171 -0.105865 0.00969335 -0.145601 0.983615
1548265177.68373 0.357781 -1.72949 1.36106 -0.104949 0.00863481 -0.14496 0.983818
1548265177.71688 0.357973 -1.72817 1.36017 -0.108127 0.00880052 -0.146175 0.983292
1548265177.75062 0.358307 -1.72653 1.35981 -0.109818 0.00761998 -0.144864 0.983309
1548265177.78381 0.358741 -1.72422 1.35969 -0.116805 0.00833594 -0.144566 0.982542
1548265177.81693 0.359008 -1.72191 1.36065 -0.119792 0.00798557 -0.145927 0.981983
1548265177.85401 0.359578 -1.71949 1.36196 -0.123944 0.00566159 -0.14652 0.981396
1548265177.88363 0.360177 -1.71657 1.36286 -0.130102 0.00628464 -0.144902 0.980835
1548265177.91697 0.360419 -1.71417 1.36421 -0.132888 0.00481157 -0.144933 0.980465
1548265177.95020 0.360878 -1.7119 1.36528 -0.133839 0.00859722 -0.140925 0.980894
1548265177.98353 0.361028 -1.71072 1.36682 -0.134994 0.00906315 -0.142475 0.980508
1548265178.01684 0.36124 -1.70969 1.36821 -0.137373 0.0105077 -0.14481 0.979821
1548265178.05005 0.361181 -1.70855 1.36998 -0.141635 0.0114457 -0.144281 0.979281
1548265178.08365 0.36074 -1.70769 1.37208 -0.141883 0.0115394 -0.142043 0.979571
1548265178.11683 0.360205 -1.70713 1.37405 -0.142555 0.0123611 -0.144768 0.979065
1548265178.15041 0.359657 -1.70676 1.3759 -0.145729 0.0137293 -0.146357 0.978343
1548265178.18374 0.358723 -1.70672 1.37779 -0.144774 0.0134947 -0.14615 0.978519
1548265178.21695 0.357859 -1.70655 1.37944 -0.147169 0.0147823 -0.150084 0.977547
1548265178.25059 0.356739 -1.70664 1.38133 -0.145895 0.013926 -0.150207 0.977731
1548265178.28393 0.35552 -1.70667 1.38332 -0.143946 0.0129409 -0.148369 0.978314
1548265178.31707 0.354369 -1.70676 1.3851 -0.144226 0.013169 -0.149678 0.97807
1548265178.35052 0.353337 -1.70745 1.38678 -0.139937 0.0121294 -0.151497 0.978427
1548265178.38402 0.352851 -1.70838 1.38797 -0.138923 0.0138675 -0.153006 0.978314
1548265178.41724 0.352399 -1.70984 1.38921 -0.134725 0.0144588 -0.153533 0.978809
1548265178.45054 0.352405 -1.71183 1.38988 -0.130206 0.0160227 -0.155578 0.979074
1548265178.48372 0.35258 -1.7142 1.39011 -0.122193 0.0166513 -0.1523 0.98061
1548265178.51720 0.352823 -1.71648 1.38928 -0.11636 0.0179487 -0.150965 0.981503
1548265178.55036 0.35281 -1.71911 1.38798 -0.108278 0.0192427 -0.153061 0.982078
1548265178.58344 0.352547 -1.72119 1.38623 -0.102517 0.0193331 -0.153074 0.982693
1548265178.61670 0.352012 -1.72239 1.38385 -0.0999087 0.0198095 -0.152625 0.983022
1548265178.65025 0.35151 -1.72312 1.38102 -0.0967789 0.0202032 -0.154204 0.98308
1548265178.68368 0.351155 -1.72338 1.37794 -0.0951609 0.0204714 -0.154463 0.983192
1548265178.71689 0.350877 -1.72328 1.375 -0.0922721 0.0192638 -0.153351 0.983666
1548265178.75024 0.351087 -1.72305 1.37197 -0.0909145 0.020109 -0.155628 0.983418
1548265178.78363 0.351739 -1.72245 1.36889 -0.0918944 0.0213457 -0.157214 0.983048
1548265178.81683 0.352682 -1.72183 1.36618 -0.0910101 0.0222318 -0.157226 0.983109
1548265178.85025 0.353953 -1.72081 1.36384 -0.0899271 0.023303 -0.156331 0.983326
1548265178.88360 0.355623 -1.71989 1.36127 -0.0913261 0.0247904 -0.157573 0.982963
1548265178.91689 0.357343 -1.71877 1.35855 -0.0907566 0.0270212 -0.156228 0.983171
1548265178.95021 0.359258 -1.71769 1.35563 -0.0915336 0.0284702 -0.157071 0.982924
1548265178.98371 0.361222 -1.71628 1.35256 -0.0912695 0.0302648 -0.156407 0.983001
1548265179.01710 0.363167 -1.71527 1.34985 -0.0898221 0.0301254 -0.155636 0.983261
1548265179.05054 0.365131 -1.71402 1.34718 -0.0889505 0.0321881 -0.15623 0.983181
1548265179.08398 0.366977 -1.71265 1.3445 -0.0913596 0.0347309 -0.153775 0.98326
1548265179.11721 0.368725 -1.71136 1.34202 -0.092144 0.0364593 -0.15331 0.983197
1548265179.15030 0.37031 -1.71046 1.33988 -0.0897861 0.0369924 -0.155545 0.983044
1548265179.18379 0.371352 -1.70953 1.33803 -0.0885561 0.0373883 -0.154721 0.983271
1548265179.21707 0.371949 -1.70849 1.33611 -0.0894862 0.0381358 -0.152007 0.983581
1548265179.25051 0.372601 -1.70787 1.33443 -0.08884 0.0379995 -0.153727 0.983378
1548265179.28374 0.372469 -1.70736 1.3331 -0.0857701 0.0364801 -0.154722 0.983552
1548265179.31700 0.372443 -1.70668 1.33155 -0.0858368 0.035345 -0.154548 0.983615
1548265179.35049 0.372435 -1.70611 1.32987 -0.086416 0.0367978 -0.155287 0.983394
1548265179.38384 0.37248 -1.70586 1.32851 -0.08524 0.0358474 -0.157594 0.983165
1548265179.41678 0.372551 -1.70562 1.3272 -0.0838721 0.0366592 -0.158668 0.98308
1548265179.45006 0.372807 -1.70529 1.32631 -0.0824379 0.0371017 -0.159279 0.983086
1548265179.48357 0.373229 -1.70486 1.3257 -0.0816167 0.0379895 -0.159708 0.983051
1548265179.51692 0.37354 -1.70444 1.32539 -0.0808724 0.0389187 -0.160156 0.983003
1548265179.55026 0.373718 -1.7038 1.32505 -0.082653 0.0411906 -0.160013 0.982786
1548265179.58358 0.373775 -1.70314 1.32511 -0.0834352 0.0417089 -0.160016 0.982697
1548265179.61674 0.373535 -1.70253 1.32542 -0.0832211 0.0417515 -0.160218 0.982681
1548265179.65025 0.373155 -1.70209 1.32582 -0.0829532 0.0409804 -0.162689 0.98233
1548265179.68350 0.372346 -1.70142 1.32615 -0.0848793 0.0403778 -0.164341 0.981915
1548265179.71681 0.37144 -1.70086 1.3267 -0.0840259 0.0397313 -0.16599 0.981737
1548265179.75029 0.370225 -1.70001 1.32703 -0.0876406 0.0404338 -0.166002 0.981391
1548265179.78361 0.368901 -1.69954 1.32768 -0.0865851 0.0378987 -0.169343 0.981015
1548265179.81714 0.367596 -1.69897 1.3283 -0.0863319 0.0376747 -0.170706 0.980809
1548265179.85054 0.366331 -1.69854 1.32902 -0.0866387 0.0373151 -0.173456 0.980313
1548265179.88387 0.364923 -1.69775 1.32945 -0.0902996 0.0375473 -0.17307 0.980042
1548265179.91712 0.363804 -1.69731 1.32998 -0.0905949 0.0381059 -0.17374 0.979875
1548265179.95052 0.362709 -1.69684 1.33048 -0.0914478 0.0380243 -0.17458 0.97965
1548265179.98389 0.361571 -1.69649 1.33085 -0.0918702 0.037366 -0.176001 0.979381
1548265180.01702 0.360338 -1.69631 1.33122 -0.0912679 0.0382294 -0.176369 0.979338
1548265180.05033 0.359052 -1.6958 1.33138 -0.0916129 0.0379429 -0.178349 0.978958
1548265180.08372 0.357762 -1.69522 1.33152 -0.0937669 0.0380533 -0.179572 0.978526
1548265180.11711 0.356481 -1.69463 1.33168 -0.0926226 0.0377505 -0.180427 0.97849
1548265180.15024 0.355477 -1.6941 1.33152 -0.0929272 0.0374981 -0.182549 0.978077
1548265180.18368 0.354768 -1.69394 1.3312 -0.0932782 0.0380728 -0.183648 0.977816
1548265180.21678 0.354336 -1.69389 1.33077 -0.09413 0.0386913 -0.183406 0.977755
1548265180.25027 0.354008 -1.69402 1.3306 -0.0925703 0.0391177 -0.182993 0.977964
1548265180.28369 0.353679 -1.69431 1.33048 -0.0901838 0.0402221 -0.182599 0.978216
1548265180.31685 0.353313 -1.69452 1.33033 -0.0894968 0.0409291 -0.18282 0.978209
1548265180.35025 0.352825 -1.69453 1.33032 -0.0889175 0.0408009 -0.183519 0.978136
1548265180.38365 0.352325 -1.69442 1.33056 -0.0890176 0.0398233 -0.184003 0.978076
1548265180.41689 0.351842 -1.69438 1.33103 -0.0904232 0.039428 -0.185085 0.977759
1548265180.45015 0.351411 -1.69435 1.33162 -0.0916751 0.0392152 -0.185439 0.977584
1548265180.48355 0.351155 -1.69432 1.33228 -0.0931522 0.0389103 -0.1853 0.977483
1548265180.51690 0.351007 -1.69417 1.33289 -0.0939503 0.0379975 -0.186477 0.977219
1548265180.55024 0.350865 -1.69406 1.3335 -0.0934046 0.0371632 -0.186872 0.977227
1548265180.58340 0.350907 -1.69367 1.33386 -0.0943978 0.0367114 -0.186493 0.977221
1548265180.61693 0.350981 -1.69306 1.33418 -0.0950357 0.0365275 -0.185265 0.9774
1548265180.65051 0.351013 -1.69243 1.33453 -0.0962109 0.0362489 -0.18565 0.977222
1548265180.68374 0.351061 -1.69187 1.33469 -0.0971312 0.0354915 -0.185177 0.977249
1548265180.71705 0.351215 -1.69141 1.33456 -0.0998959 0.0355435 -0.18579 0.976852
1548265180.75067 0.351254 -1.69136 1.33454 -0.0998344 0.0354788 -0.185643 0.976888
1548265180.78373 0.351227 -1.69154 1.33441 -0.098974 0.0354243 -0.184704 0.977156
1548265180.81708 0.351086 -1.69226 1.33423 -0.095498 0.0358494 -0.185139 0.977404
1548265180.85050 0.350917 -1.69293 1.33388 -0.0941659 0.0358783 -0.185515 0.977461
1548265180.88397 0.350481 -1.69352 1.33373 -0.0944176 0.0358332 -0.185943 0.977357
1548265180.91706 0.349843 -1.69393 1.33364 -0.093972 0.0359228 -0.186834 0.977227
1548265180.95043 0.349165 -1.69431 1.33351 -0.0942254 0.0358665 -0.187151 0.977144
1548265180.98366 0.348268 -1.69482 1.3337 -0.0924782 0.0355403 -0.186502 0.977446
1548265181.01685 0.347396 -1.695 1.33383 -0.0925256 0.0344661 -0.188261 0.977143
1548265181.05025 0.346566 -1.69512 1.334 -0.0938026 0.0341069 -0.188657 0.976958
1548265181.08362 0.3459 -1.6952 1.33399 -0.0933721 0.0329851 -0.190265 0.976726
1548265181.11691 0.345552 -1.69525 1.33385 -0.0934965 0.0323585 -0.19037 0.976714
1548265181.15019 0.345463 -1.69531 1.33374 -0.0939485 0.0330024 -0.191129 0.976501
1548265181.18368 0.345585 -1.6953 1.33383 -0.0947135 0.0334639 -0.190553 0.976524
1548265181.21693 0.345847 -1.69513 1.33394 -0.0947512 0.0329692 -0.189426 0.976757
1548265181.25040 0.346263 -1.69516 1.33385 -0.0949952 0.0339418 -0.189208 0.976742
1548265181.28369 0.346529 -1.69528 1.33376 -0.0950642 0.0343776 -0.188817 0.976795
1548265181.31699 0.346556 -1.69537 1.33371 -0.0951544 0.0340395 -0.188207 0.976916
1548265181.35031 0.346396 -1.69542 1.33355 -0.0945802 0.0334698 -0.188178 0.976997
1548265181.38347 0.346208 -1.69575 1.33334 -0.0941232 0.0332528 -0.188251 0.977035
1548265181.41716 0.345824 -1.69636 1.33353 -0.0922141 0.0324915 -0.187862 0.977317
1548265181.45015 0.345383 -1.69696 1.33376 -0.0919055 0.032251 -0.188046 0.977319
1548265181.48387 0.345046 -1.69765 1.33379 -0.0921708 0.0320621 -0.189242 0.977069
1548265181.51718 0.344768 -1.69835 1.33398 -0.0920566 0.0314437 -0.189389 0.977071
1548265181.55017 0.344319 -1.69897 1.33451 -0.0912293 0.0306488 -0.18922 0.977207
1548265181.58393 0.34376 -1.69945 1.33496 -0.0899162 0.0301592 -0.189805 0.977231
1548265181.61680 0.343101 -1.69975 1.33524 -0.0909984 0.0301401 -0.190127 0.977068
1548265181.65049 0.342102 -1.70005 1.33564 -0.0910192 0.0303955 -0.1908 0.976927
1548265181.68377 0.340982 -1.70013 1.33576 -0.0918961 0.0300865 -0.193284 0.976366
1548265181.71736 0.339738 -1.70022 1.33579 -0.0945755 0.0294149 -0.196181 0.975553
1548265181.75043 0.338376 -1.70063 1.3362 -0.0933916 0.0290133 -0.196377 0.975639
1548265181.78395 0.337254 -1.701 1.33635 -0.093729 0.0291542 -0.19794 0.975287
1548265181.81703 0.336323 -1.70171 1.33652 -0.0917327 0.0283269 -0.200406 0.974998
1548265181.85032 0.335631 -1.70277 1.33638 -0.0915959 0.0291537 -0.200751 0.974915
1548265181.88350 0.335291 -1.70379 1.33606 -0.0919241 0.0298028 -0.201413 0.974728
1548265181.91697 0.335141 -1.70475 1.33574 -0.091952 0.0295408 -0.202138 0.974583
1548265181.95015 0.3351 -1.70544 1.33553 -0.0912035 0.0295374 -0.20328 0.974416
1548265181.98370 0.335436 -1.70608 1.33527 -0.0913528 0.0296436 -0.201824 0.974702
1548265182.01707 0.336011 -1.70656 1.33495 -0.0903243 0.0290805 -0.201935 0.974791
1548265182.05022 0.336669 -1.70693 1.33475 -0.0894986 0.0286021 -0.201925 0.974884
1548265182.08368 0.337409 -1.70718 1.33472 -0.0900201 0.0279635 -0.199029 0.97545
1548265182.11683 0.338456 -1.70757 1.33483 -0.0888875 0.0277747 -0.198311 0.975705
1548265182.15010 0.339295 -1.70784 1.33507 -0.0888336 0.0279732 -0.197787 0.975811
1548265182.18341 0.340042 -1.70807 1.33536 -0.0885615 0.028139 -0.196155 0.97616
1548265182.21706 0.34071 -1.70814 1.33563 -0.0890482 0.0274667 -0.195326 0.976301
1548265182.25037 0.341208 -1.70808 1.33591 -0.0894388 0.0272673 -0.194785 0.976379
1548265182.28381 0.3415 -1.7079 1.33617 -0.0899712 0.0269337 -0.194344 0.976427
1548265182.31714 0.341662 -1.70775 1.33651 -0.0906539 0.0267726 -0.193648 0.976507
1548265182.35055 0.341622 -1.70757 1.33682 -0.0912425 0.0266486 -0.193784 0.976428
1548265182.38370 0.341357 -1.70741 1.33697 -0.0921673 0.0265946 -0.194588 0.976183
1548265182.41726 0.340977 -1.70728 1.3371 -0.0932643 0.026487 -0.194208 0.976158
1548265182.45052 0.340408 -1.70732 1.33726 -0.092753 0.0263065 -0.193848 0.976283
1548265182.48396 0.339869 -1.70747 1.33721 -0.0932474 0.0261943 -0.195091 0.975991
1548265182.51722 0.339319 -1.70773 1.33715 -0.0937189 0.0261094 -0.195541 0.975858
1548265182.55044 0.338769 -1.70793 1.33707 -0.0931593 0.0257943 -0.196468 0.975734
1548265182.58393 0.338268 -1.7082 1.33699 -0.0937422 0.0263145 -0.196091 0.97574
1548265182.61699 0.337748 -1.70847 1.33691 -0.0925369 0.025764 -0.19739 0.975608
1548265182.65047 0.337431 -1.70866 1.3368 -0.0942666 0.0261553 -0.197821 0.975344
1548265182.68376 0.337028 -1.70897 1.33698 -0.0917419 0.02594 -0.197632 0.975629
1548265182.71694 0.336789 -1.70894 1.33702 -0.0917233 0.0258352 -0.197037 0.975754
1548265182.75033 0.336672 -1.70889 1.33701 -0.0917964 0.0260219 -0.196896 0.975771
1548265182.78379 0.336628 -1.70885 1.33701 -0.092006 0.0262129 -0.197205 0.975684
1548265182.81710 0.336517 -1.7087 1.33718 -0.0914193 0.0259625 -0.196804 0.975826
1548265182.85028 0.336413 -1.70837 1.33728 -0.0916883 0.0258793 -0.19712 0.975739
1548265182.88379 0.336293 -1.70816 1.33739 -0.0919855 0.0258796 -0.196993 0.975737
