# ground truth trajectory
# timestamp tx ty tz qx qy qz qw
1548339465.46078 0.211333 -1.89285 1.40965 0.160608 0.100259 -0.280433 -0.941016
1548339465.49394 0.213736 -1.89106 1.40991 0.153013 0.101796 -0.288349 -0.939723
1548339465.52772 0.215963 -1.89014 1.41015 0.152735 0.104948 -0.299496 -0.935927
1548339465.56071 0.218289 -1.88827 1.41006 0.155599 0.108958 -0.295565 -0.936247
1548339465.59398 0.220727 -1.88738 1.41033 0.152008 0.107187 -0.302983 -0.934669
1548339465.62719 0.22253 -1.88504 1.40978 0.152818 0.111539 -0.301349 -0.934556
1548339465.66070 0.225021 -1.88436 1.40944 0.157532 0.111954 -0.300595 -0.933966
1548339465.69411 0.226867 -1.88319 1.40894 0.155577 0.11277 -0.304553 -0.932913
1548339465.72759 0.228645 -1.8816 1.40843 0.153074 0.112268 -0.309857 -0.93164
1548339465.76085 0.230027 -1.88005 1.408 0.151897 0.111611 -0.314381 -0.930395
1548339465.79418 0.231013 -1.87892 1.40757 0.153232 0.109614 -0.311147 -0.9315
1548339465.82784 0.231865 -1.87669 1.40658 0.15014 0.10796 -0.314733 -0.930992
1548339465.86110 0.232238 -1.87533 1.40551 0.147557 0.106906 -0.319843 -0.929784
1548339465.89433 0.232481 -1.87338 1.4046 0.143029 0.104625 -0.320828 -0.930412
1548339465.92770 0.231212 -1.87162 1.40312 0.149369 0.104491 -0.326503 -0.927451
1548339465.96090 0.231053 -1.8689 1.40164 0.146205 0.105786 -0.329583 -0.926719
1548339465.99416 0.229553 -1.86799 1.40049 0.147699 0.103556 -0.331959 -0.925886
1548339466.02789 0.229191 -1.86615 1.39911 0.143459 0.104043 -0.33547 -0.925232
1548339466.06096 0.227735 -1.86534 1.39816 0.150022 0.0993648 -0.334138 -0.925188
1548339466.09427 0.226756 -1.8633 1.39738 0.139645 0.101917 -0.345024 -0.922535
1548339466.12745 0.225509 -1.86077 1.39613 0.13851 0.1031 -0.346598 -0.921984
1548339466.16074 0.224596 -1.85932 1.39459 0.13643 0.107018 -0.348321 -0.921199
1548339466.19423 0.223407 -1.85858 1.39331 0.131982 0.104634 -0.349991 -0.921487
1548339466.22758 0.22232 -1.85812 1.3915 0.129998 0.10514 -0.354676 -0.919919
1548339466.26082 0.220475 -1.85702 1.38987 0.124725 0.106099 -0.356396 -0.919874
1548339466.29427 0.218938 -1.85769 1.38888 0.120238 0.103079 -0.359782 -0.919497
1548339466.32745 0.217355 -1.85718 1.38613 0.127907 0.103832 -0.35123 -0.921681
1548339466.36070 0.216672 -1.85688 1.3841 0.119628 0.106458 -0.361348 -0.918577
1548339466.39416 0.215017 -1.85719 1.38278 0.115006 0.104791 -0.360054 -0.919866
1548339466.42748 0.21342 -1.85641 1.38017 0.115041 0.107004 -0.359276 -0.919911
1548339466.46101 0.210875 -1.85625 1.3783 0.113812 0.107147 -0.359578 -0.919929
1548339466.49411 0.20911 -1.85597 1.37605 0.11027 0.108062 -0.363529 -0.9187
1548339466.52757 0.206908 -1.85525 1.37421 0.111057 0.106268 -0.360396 -0.920048
1548339466.56101 0.204969 -1.855 1.37238 0.108801 0.106749 -0.359284 -0.920696
1548339466.59400 0.202888 -1.85444 1.37022 0.108032 0.10616 -0.359357 -0.920827
1548339466.62759 0.201041 -1.85428 1.36787 0.107862 0.105278 -0.357024 -0.921855
1548339466.66090 0.199311 -1.85422 1.3651 0.106816 0.106779 -0.355244 -0.922492
1548339466.69409 0.19758 -1.85476 1.36261 0.101074 0.102125 -0.357121 -0.92294
1548339466.72768 0.195892 -1.85439 1.35956 0.104565 0.103822 -0.356302 -0.922679
1548339466.76091 0.193934 -1.85376 1.35727 0.103975 0.103195 -0.354278 -0.923595
1548339466.79441 0.192504 -1.85324 1.35469 0.102294 0.101803 -0.358433 -0.922333
1548339466.82759 0.191312 -1.85239 1.35213 0.10228 0.100243 -0.356288 -0.923336
1548339466.86111 0.190445 -1.85158 1.34905 0.101921 0.0978289 -0.357306 -0.923241
1548339466.89423 0.189097 -1.85004 1.34639 0.0986899 0.0984377 -0.359252 -0.922772
1548339466.92768 0.187673 -1.84918 1.34351 0.0985651 0.0963144 -0.363808 -0.921223
1548339466.96080 0.18572 -1.84755 1.34074 0.100044 0.0955579 -0.363771 -0.921157
1548339466.99414 0.183733 -1.84713 1.33821 0.0973804 0.0970893 -0.368922 -0.919232
1548339467.02758 0.181632 -1.84531 1.3354 0.0976412 0.0963984 -0.367397 -0.919887
1548339467.06075 0.180053 -1.84507 1.33247 0.0981722 0.097017 -0.365324 -0.920592
1548339467.09373 0.178545 -1.84529 1.32913 0.09496 0.0978627 -0.369606 -0.919129
1548339467.12759 0.17752 -1.84515 1.32548 0.0936591 0.0968013 -0.367342 -0.920281
1548339467.16082 0.176794 -1.84579 1.32159 0.0907786 0.0934484 -0.367121 -0.921004
1548339467.19426 0.176033 -1.84648 1.31803 0.0882111 0.0926612 -0.366584 -0.921547
1548339467.22746 0.175467 -1.84742 1.31452 0.0869797 0.0917264 -0.364568 -0.922557
1548339467.26096 0.175003 -1.84872 1.31126 0.082705 0.0918963 -0.365125 -0.922713
1548339467.29407 0.17426 -1.85002 1.30797 0.0822018 0.0908112 -0.363897 -0.92335
1548339467.32728 0.17263 -1.85142 1.30515 0.0788475 0.0910256 -0.364388 -0.923428
1548339467.36069 0.170927 -1.85327 1.30209 0.0768659 0.0908951 -0.364617 -0.923517
1548339467.39424 0.168823 -1.85487 1.2989 0.0776188 0.0923584 -0.362666 -0.924077
1548339467.42773 0.166886 -1.85659 1.29553 0.0770364 0.091734 -0.361786 -0.924533
1548339467.46097 0.164936 -1.85777 1.29206 0.0790249 0.0926266 -0.359006 -0.925359
1548339467.49438 0.16367 -1.85943 1.28891 0.0785696 0.0938798 -0.356797 -0.926126
1548339467.52769 0.163074 -1.86042 1.28539 0.0791558 0.0922372 -0.355185 -0.92686
1548339467.56102 0.162672 -1.86159 1.28231 0.0819803 0.091301 -0.352687 -0.927661
1548339467.59428 0.162709 -1.86286 1.27959 0.0804324 0.0877428 -0.351604 -0.928551
1548339467.62734 0.163056 -1.86404 1.27686 0.0826587 0.0852266 -0.347548 -0.930115
1548339467.66111 0.163727 -1.86571 1.27436 0.0803469 0.082641 -0.349611 -0.929778
1548339467.69428 0.164278 -1.86777 1.27223 0.0786451 0.0827335 -0.349465 -0.92997
1548339467.72779 0.164774 -1.87006 1.27075 0.0777973 0.0791625 -0.34574 -0.931743
1548339467.76100 0.165818 -1.87306 1.26973 0.0773567 0.0774284 -0.341796 -0.933379
1548339467.79417 0.166354 -1.8766 1.2704 0.0711897 0.0734865 -0.340641 -0.93461
1548339467.82743 0.166043 -1.87961 1.27129 0.0738677 0.0764299 -0.336326 -0.935728
1548339467.86074 0.165617 -1.88357 1.27348 0.0722564 0.0765938 -0.334388 -0.936534
1548339467.89410 0.164725 -1.88684 1.27593 0.0719704 0.0765933 -0.331712 -0.937508
1548339467.92741 0.163939 -1.88991 1.27847 0.0774365 0.0808919 -0.327984 -0.938023
1548339467.96088 0.163345 -1.89336 1.28187 0.0749934 0.0808005 -0.326704 -0.938676
1548339467.99401 0.163264 -1.8968 1.28516 0.0740344 0.0818609 -0.326409 -0.938762
1548339468.02749 0.162987 -1.89823 1.28747 0.0825918 0.089955 -0.320838 -0.939228
1548339468.06109 0.163636 -1.90027 1.2903 0.0837439 0.0880263 -0.321733 -0.939003
1548339468.09414 0.164128 -1.90158 1.29297 0.0860783 0.0879694 -0.319296 -0.939629
1548339468.12751 0.165575 -1.9037 1.29578 0.0832317 0.0870128 -0.320819 -0.939455
1548339468.16098 0.166886 -1.90485 1.29784 0.0882921 0.0914198 -0.320184 -0.938791
1548339468.19416 0.167867 -1.90578 1.30026 0.0903852 0.0903495 -0.318453 -0.939284
1548339468.22780 0.169583 -1.90735 1.30225 0.0903753 0.0886444 -0.320625 -0.938709
1548339468.26095 0.171299 -1.909 1.30444 0.0917608 0.0897625 -0.320062 -0.93866
1548339468.29424 0.173067 -1.91078 1.30677 0.0921493 0.0899959 -0.317765 -0.93938
1548339468.32762 0.175207 -1.91271 1.30888 0.0913114 0.0894239 -0.319903 -0.938791
1548339468.36109 0.176784 -1.9147 1.31155 0.0913251 0.0917452 -0.318766 -0.938952
1548339468.39422 0.179026 -1.91724 1.31429 0.0871474 0.0877944 -0.320021 -0.9393
1548339468.42766 0.18082 -1.91883 1.31645 0.0917138 0.0908702 -0.317084 -0.939569
1548339468.46095 0.182842 -1.92124 1.31945 0.0872923 0.0890726 -0.318649 -0.939632
1548339468.49436 0.184595 -1.92311 1.32184 0.0877063 0.0899836 -0.317792 -0.939797
1548339468.52787 0.186238 -1.92421 1.32364 0.0941656 0.0936461 -0.313484 -0.940261
1548339468.56090 0.188183 -1.92632 1.32636 0.0872137 0.089608 -0.317877 -0.93985
1548339468.59416 0.190035 -1.92773 1.32865 0.089244 0.0898577 -0.315859 -0.940316
1548339468.62758 0.191639 -1.92852 1.33088 0.0941531 0.0933773 -0.311725 -0.940874
1548339468.66072 0.193499 -1.92972 1.33339 0.0947236 0.092175 -0.313183 -0.940451
1548339468.69396 0.195803 -1.93134 1.33634 0.092976 0.0892973 -0.312944 -0.940982
1548339468.72748 0.197692 -1.93215 1.33876 0.0976689 0.0898324 -0.309336 -0.941649
1548339468.76049 0.199888 -1.93388 1.34175 0.0952573 0.089328 -0.309784 -0.941797
1548339468.79425 0.201895 -1.9349 1.34403 0.0978668 0.087274 -0.309274 -0.941889
1548339468.82723 0.204687 -1.93684 1.34649 0.097725 0.0840749 -0.308537 -0.942436
1548339468.86050 0.206691 -1.93797 1.34898 0.0996138 0.0839165 -0.304768 -0.943479
1548339468.89416 0.209215 -1.93977 1.35149 0.101129 0.0839373 -0.304992 -0.943243
1548339468.92761 0.21189 -1.94168 1.35403 0.101001 0.0840209 -0.303001 -0.943891
1548339468.96084 0.214924 -1.94368 1.35654 0.102503 0.084817 -0.29979 -0.944683
1548339468.99448 0.217779 -1.94579 1.35902 0.102194 0.0827634 -0.303465 -0.943724
1548339469.02777 0.22001 -1.94674 1.36149 0.105919 0.0848468 -0.296091 -0.945469
1548339469.06112 0.223138 -1.94822 1.3636 0.106454 0.0821122 -0.298362 -0.944937
1548339469.09441 0.225691 -1.94897 1.36578 0.109289 0.0834207 -0.294576 -0.945686
1548339469.12770 0.229339 -1.94989 1.36789 0.11179 0.08134 -0.2902 -0.946927
1548339469.16107 0.233012 -1.95077 1.36974 0.117668 0.0830735 -0.284292 -0.947856
1548339469.19452 0.237341 -1.95215 1.37164 0.119664 0.0803447 -0.284493 -0.947781
1548339469.22775 0.241728 -1.95407 1.37397 0.121784 0.0780228 -0.280107 -0.949011
1548339469.26128 0.24604 -1.95632 1.37642 0.122911 0.0754822 -0.277911 -0.949716
1548339469.29433 0.249888 -1.95876 1.3788 0.121897 0.0765451 -0.274581 -0.95073
1548339469.32777 0.253596 -1.96145 1.38107 0.124995 0.0751579 -0.270787 -0.951526
1548339469.36064 0.257094 -1.9643 1.38346 0.126126 0.0744191 -0.263878 -0.953374
1548339469.39424 0.260518 -1.96727 1.38564 0.125345 0.0752851 -0.261347 -0.954106
1548339469.42747 0.263224 -1.96984 1.38789 0.1272 0.0740966 -0.253834 -0.95598
1548339469.46087 0.265896 -1.97238 1.38976 0.12916 0.0730077 -0.245367 -0.95801
1548339469.49420 0.268254 -1.97516 1.39199 0.12619 0.0738427 -0.244238 -0.95863
1548339469.52759 0.269466 -1.97706 1.39459 0.12547 0.0737662 -0.242 -0.959297
1548339469.56056 0.271586 -1.97835 1.39613 0.133494 0.0744633 -0.234061 -0.96013
1548339469.59416 0.273285 -1.98137 1.39955 0.127125 0.0729763 -0.235715 -0.960704
1548339469.62750 0.275034 -1.98149 1.40088 0.133295 0.075953 -0.226854 -0.96177
1548339469.66051 0.276809 -1.9826 1.4031 0.134663 0.0756258 -0.222101 -0.962714
1548339469.69410 0.278803 -1.98454 1.4063 0.13156 0.0729857 -0.225458 -0.962566
1548339469.72749 0.280824 -1.98411 1.40779 0.139786 0.0719729 -0.217694 -0.96327
1548339469.76083 0.283093 -1.98508 1.41045 0.140285 0.0709353 -0.213016 -0.96432
1548339469.79429 0.285233 -1.98598 1.413 0.141833 0.071198 -0.211291 -0.964453
1548339469.82774 0.287474 -1.98743 1.41563 0.144049 0.0703849 -0.208391 -0.964816
1548339469.86116 0.290008 -1.98959 1.41843 0.14602 0.0699341 -0.200479 -0.966227
1548339469.89451 0.292098 -1.99182 1.42138 0.146561 0.0676637 -0.197763 -0.966867
1548339469.92767 0.293919 -1.99437 1.42458 0.146742 0.0688609 -0.193723 -0.967573
1548339469.96041 0.295765 -1.99712 1.42775 0.148577 0.0673458 -0.187926 -0.968542
1548339469.99413 0.297406 -2 1.43095 0.14859 0.068361 -0.18414 -0.969196
1548339470.02763 0.299214 -2.00276 1.43407 0.148735 0.0692958 -0.181573 -0.969591
1548339470.06062 0.30146 -2.0058 1.43698 0.148407 0.0692703 -0.177145 -0.970462
1548339470.09428 0.30386 -2.00922 1.44017 0.146224 0.0693702 -0.172771 -0.971574
1548339470.12742 0.30612 -2.01245 1.44313 0.146406 0.0689199 -0.170162 -0.972039
1548339470.16075 0.308724 -2.01565 1.44621 0.146211 0.0686338 -0.163841 -0.973174
1548339470.19423 0.31093 -2.01868 1.44969 0.144397 0.0696899 -0.160311 -0.973957
1548339470.22759 0.312672 -2.02126 1.45341 0.145012 0.0704889 -0.155105 -0.974651
1548339470.26060 0.31423 -2.02362 1.45735 0.144786 0.0716687 -0.149078 -0.975539
1548339470.29409 0.315581 -2.02561 1.46125 0.144656 0.0746665 -0.146856 -0.97567
1548339470.32760 0.316925 -2.02764 1.46521 0.144436 0.0767117 -0.143399 -0.976059
1548339470.36101 0.318218 -2.02933 1.46889 0.146964 0.07744 -0.138779 -0.976292
1548339470.39411 0.319664 -2.03101 1.47254 0.147028 0.0790569 -0.135416 -0.976624
1548339470.42744 0.32132 -2.03292 1.47609 0.147514 0.0796804 -0.130357 -0.977189
1548339470.46047 0.323124 -2.03495 1.47939 0.150734 0.0805704 -0.127595 -0.976989
1548339470.49402 0.325026 -2.03718 1.4825 0.151028 0.080249 -0.125274 -0.97727
1548339470.52750 0.327035 -2.03944 1.48526 0.151298 0.0804857 -0.121369 -0.977702
1548339470.56091 0.329077 -2.04182 1.48755 0.151595 0.0807866 -0.118962 -0.977927
1548339470.59433 0.331104 -2.04446 1.48956 0.153029 0.0808018 -0.116723 -0.977972
1548339470.62768 0.332765 -2.04721 1.4913 0.154662 0.079627 -0.113257 -0.978219
1548339470.66110 0.334475 -2.05 1.49303 0.152548 0.0800054 -0.109174 -0.978984
1548339470.69427 0.335593 -2.05266 1.49479 0.155127 0.0794087 -0.107398 -0.978824
1548339470.72780 0.336581 -2.05519 1.49664 0.152972 0.0806688 -0.10473 -0.979349
1548339470.76112 0.337836 -2.05826 1.49879 0.153718 0.0804424 -0.101248 -0.979617
1548339470.79392 0.33883 -2.06072 1.50098 0.152188 0.0804629 -0.093418 -0.980631
1548339470.82743 0.339927 -2.06308 1.50383 0.153783 0.0807153 -0.0925821 -0.980441
1548339470.86109 0.341077 -2.06493 1.50687 0.149551 0.0815619 -0.0883585 -0.981415
1548339470.89437 0.342259 -2.0666 1.50995 0.152862 0.0807959 -0.0823273 -0.981492
1548339470.92778 0.343854 -2.06814 1.51325 0.151546 0.0787779 -0.0782882 -0.982191
1548339470.96091 0.345067 -2.06938 1.51645 0.15184 0.0811075 -0.076779 -0.982075
1548339470.99391 0.346055 -2.07042 1.5199 0.150626 0.0803311 -0.0751784 -0.982449
1548339471.02764 0.347356 -2.07167 1.52275 0.154378 0.0811446 -0.0726693 -0.981989
1548339471.06066 0.34861 -2.07289 1.52585 0.148261 0.0841878 -0.0677141 -0.983029
1548339471.09429 0.349521 -2.07408 1.52752 0.156388 0.0786338 -0.0674973 -0.982244
1548339471.12756 0.350857 -2.07495 1.52943 0.156488 0.082725 -0.0656629 -0.982017
1548339471.16059 0.352351 -2.07646 1.53093 0.155714 0.0837865 -0.0681012 -0.981883
1548339471.19426 0.353961 -2.07844 1.5319 0.155067 0.0830726 -0.0663943 -0.982163
1548339471.22761 0.356067 -2.08091 1.53241 0.15272 0.0811353 -0.063243 -0.982901
1548339471.26083 0.358009 -2.08296 1.53237 0.149724 0.0820127 -0.0629258 -0.983309
1548339471.29424 0.360285 -2.08494 1.53202 0.145238 0.0819528 -0.0606903 -0.984127
1548339471.32753 0.362913 -2.08704 1.53039 0.144446 0.0793144 -0.0602651 -0.984486
1548339471.36058 0.365527 -2.08833 1.52848 0.139871 0.0779291 -0.0662958 -0.98487
1548339471.39421 0.367721 -2.08946 1.5261 0.136762 0.0793495 -0.0653569 -0.985255
1548339471.42771 0.369808 -2.09057 1.52326 0.135096 0.076915 -0.0655126 -0.985668
1548339471.46117 0.371793 -2.09101 1.51986 0.131599 0.0764076 -0.0654266 -0.986186
1548339471.49429 0.374058 -2.09136 1.51594 0.127374 0.0742938 -0.0674599 -0.986765
1548339471.52764 0.376517 -2.09167 1.51134 0.124384 0.0727814 -0.0651324 -0.987415
1548339471.56083 0.378661 -2.09214 1.50661 0.12402 0.0697074 -0.0642629 -0.98774
1548339471.59423 0.380052 -2.09214 1.50257 0.111613 0.0685084 -0.0620058 -0.989447
1548339471.62778 0.380715 -2.09235 1.49875 0.101543 0.0690724 -0.0568858 -0.990799
1548339471.66076 0.380486 -2.09179 1.4952 0.101359 0.0697725 -0.0596726 -0.990605
1548339471.69367 0.379553 -2.09082 1.49254 0.0982541 0.0699204 -0.062148 -0.990755
1548339471.72765 0.379258 -2.08977 1.4893 0.097766 0.0686605 -0.0610695 -0.990958
1548339471.76084 0.378684 -2.08857 1.48603 0.0967948 0.0672885 -0.0586709 -0.991292
1548339471.79427 0.377924 -2.08731 1.48301 0.105788 0.0624532 -0.0644305 -0.990332
1548339471.82750 0.376103 -2.08467 1.47969 0.104395 0.0643055 -0.0638567 -0.990398
1548339471.86064 0.373931 -2.0815 1.47606 0.0940342 0.0680277 -0.0594777 -0.99146
1548339471.89423 0.372422 -2.07926 1.47255 0.0943226 0.0676733 -0.0583982 -0.991521
1548339471.92761 0.37124 -2.0779 1.46913 0.104545 0.0603077 -0.0621191 -0.990744
1548339471.96084 0.369029 -2.07645 1.46591 0.101839 0.0623514 -0.0552525 -0.991306
1548339471.99429 0.366357 -2.07496 1.46244 0.099613 0.0592996 -0.0550479 -0.991731
1548339472.02751 0.362983 -2.07369 1.4592 0.0938019 0.0621846 -0.0491688 -0.99243
1548339472.06096 0.359752 -2.07293 1.45656 0.0956394 0.0589632 -0.0475284 -0.992531
1548339472.09411 0.35703 -2.07191 1.45382 0.0949739 0.0575591 -0.0430674 -0.992881
1548339472.12755 0.3544 -2.07063 1.45149 0.0955004 0.0565238 -0.0382218 -0.993088
1548339472.16091 0.351828 -2.0692 1.44986 0.0958338 0.0536101 -0.0344176 -0.993357
1548339472.19441 0.349347 -2.06781 1.44899 0.0939985 0.0510085 -0.030989 -0.993782
1548339472.22775 0.346241 -2.06604 1.44857 0.0947767 0.051105 -0.026753 -0.993826
1548339472.26101 0.343128 -2.06443 1.44875 0.0962369 0.0483845 -0.0239688 -0.993893
1548339472.29436 0.339565 -2.06226 1.44953 0.0991949 0.04904 -0.0191251 -0.993675
1548339472.32784 0.336436 -2.06051 1.45084 0.10122 0.0464234 -0.0131994 -0.993693
1548339472.36101 0.332629 -2.05856 1.45283 0.103083 0.0458243 -0.00915326 -0.993575
1548339472.39432 0.328553 -2.05679 1.45509 0.10572 0.0462327 -0.00457116 -0.99331
1548339472.42769 0.324628 -2.05494 1.45772 0.108327 0.047594 -0.000360114 -0.992975
1548339472.46106 0.321131 -2.05305 1.46046 0.111107 0.0498902 0.00226248 -0.992553
1548339472.49435 0.317672 -2.05131 1.46336 0.115934 0.0486211 0.00395912 -0.992058
1548339472.52765 0.314683 -2.04944 1.46649 0.120252 0.0507852 0.0100914 -0.991392
1548339472.56087 0.31248 -2.04812 1.47021 0.119848 0.0485048 0.013318 -0.991517
1548339472.59427 0.310502 -2.04645 1.47357 0.123818 0.0490321 0.0173061 -0.990942
1548339472.62767 0.30901 -2.04493 1.47694 0.12747 0.0488875 0.0206677 -0.990421
1548339472.66093 0.3077 -2.04397 1.48044 0.128184 0.047944 0.0249747 -0.990276
1548339472.69420 0.307042 -2.04321 1.48373 0.130809 0.0463155 0.0295145 -0.989885
1548339472.72756 0.305973 -2.04239 1.48682 0.133622 0.0451239 0.030902 -0.989522
1548339472.76086 0.304942 -2.04201 1.49 0.132824 0.045737 0.030648 -0.989609
1548339472.79424 0.304311 -2.04216 1.49271 0.134144 0.0440704 0.0339768 -0.989398
1548339472.82736 0.303601 -2.04235 1.49564 0.135876 0.0440121 0.0357992 -0.9891
1548339472.86083 0.303047 -2.04275 1.49857 0.135046 0.0440479 0.0380079 -0.98913
1548339472.89401 0.302815 -2.04352 1.50116 0.138631 0.0420228 0.0383895 -0.988707
1548339472.92749 0.302386 -2.04441 1.50374 0.138997 0.041353 0.0416328 -0.988553
1548339472.96089 0.302136 -2.04514 1.50618 0.138474 0.0408708 0.0438302 -0.988551
1548339472.99445 0.301698 -2.04567 1.50865 0.140493 0.0398318 0.0473651 -0.988146
1548339473.02766 0.30153 -2.0465 1.51093 0.140019 0.037412 0.0498064 -0.988187
1548339473.06122 0.300864 -2.04717 1.5133 0.141001 0.0380859 0.0519995 -0.987909
1548339473.09426 0.299997 -2.04849 1.51591 0.13954 0.0379423 0.0541256 -0.988008
1548339473.12785 0.299074 -2.04985 1.51845 0.140726 0.0376751 0.0568311 -0.987698
1548339473.16106 0.298148 -2.05126 1.52127 0.140439 0.037248 0.0597659 -0.987582
1548339473.19428 0.296965 -2.05256 1.5243 0.139957 0.0374275 0.0629265 -0.987447
1548339473.22774 0.295562 -2.0534 1.52731 0.141893 0.0373602 0.0652153 -0.987025
1548339473.26114 0.294343 -2.05402 1.53069 0.141546 0.0379566 0.06905 -0.986791
1548339473.29441 0.292828 -2.05401 1.53436 0.142608 0.0373799 0.0706719 -0.986545
1548339473.32776 0.291078 -2.05392 1.53799 0.144769 0.0383275 0.0757446 -0.985817
1548339473.36084 0.289198 -2.05406 1.54175 0.145199 0.0378749 0.0794577 -0.985479
1548339473.39421 0.287294 -2.0541 1.54544 0.146476 0.0388139 0.0826561 -0.984991
1548339473.42756 0.285324 -2.05422 1.5491 0.147504 0.0383174 0.0858259 -0.984585
1548339473.46088 0.283288 -2.05412 1.55261 0.149983 0.0394779 0.0889132 -0.983891
1548339473.49412 0.280477 -2.05406 1.55601 0.139542 0.0441408 0.101909 -0.983969
1548339473.52760 0.278487 -2.05454 1.55938 0.141697 0.0438241 0.106267 -0.983213
1548339473.56073 0.276461 -2.05533 1.56272 0.140541 0.044935 0.108 -0.98314
1548339473.59402 0.274405 -2.05577 1.56552 0.142717 0.0455308 0.110257 -0.982549
1548339473.62768 0.271995 -2.05682 1.56841 0.141532 0.0466597 0.112597 -0.982402
1548339473.66088 0.269934 -2.0576 1.5708 0.143953 0.0477658 0.115138 -0.981702
1548339473.69432 0.268143 -2.05939 1.57366 0.150372 0.0446602 0.111113 -0.98135
1548339473.72742 0.266346 -2.06098 1.57604 0.150865 0.043978 0.114838 -0.980876
1548339473.76069 0.264373 -2.06272 1.57856 0.144681 0.0458553 0.121156 -0.980962
1548339473.79419 0.262438 -2.06465 1.58101 0.143931 0.0460108 0.125601 -0.980506
1548339473.82792 0.260514 -2.0661 1.58313 0.145404 0.0457026 0.1284 -0.97994
1548339473.86114 0.258636 -2.06738 1.58537 0.145639 0.0447715 0.131549 -0.97953
1548339473.89411 0.256752 -2.06864 1.58767 0.14859 0.0424074 0.134202 -0.978832
1548339473.92779 0.255459 -2.06976 1.59006 0.146946 0.0416463 0.136122 -0.978848
1548339473.96119 0.254102 -2.07087 1.59237 0.146305 0.0408304 0.13921 -0.978544
1548339473.99424 0.252646 -2.07194 1.59477 0.146448 0.0393762 0.141794 -0.978211
1548339474.02738 0.251041 -2.07266 1.59724 0.147616 0.0389891 0.145305 -0.977536
1548339474.06073 0.249685 -2.07329 1.59966 0.145353 0.0390966 0.144829 -0.977941
1548339474.09421 0.248719 -2.07387 1.60142 0.14805 0.038333 0.147568 -0.977157
1548339474.12774 0.247476 -2.07488 1.60331 0.14761 0.0362085 0.150665 -0.976832
1548339474.16111 0.245968 -2.07559 1.60527 0.146535 0.035979 0.154234 -0.976445
1548339474.19417 0.244607 -2.07597 1.60686 0.148985 0.0335992 0.15482 -0.976066
1548339474.22752 0.24292 -2.07646 1.60853 0.148957 0.0327439 0.156877 -0.975771
1548339474.26087 0.241029 -2.07677 1.61027 0.15019 0.0324577 0.160351 -0.975027
1548339474.29403 0.238747 -2.07716 1.61233 0.15235 0.0313897 0.15992 -0.974797
1548339474.32746 0.236277 -2.07738 1.61439 0.150564 0.0321708 0.162927 -0.974551
1548339474.36057 0.234138 -2.07782 1.61655 0.151093 0.0321482 0.167223 -0.973742
1548339474.39424 0.231774 -2.07832 1.61883 0.150793 0.0310762 0.169497 -0.97343
1548339474.42750 0.229215 -2.07837 1.62103 0.151718 0.0303511 0.173618 -0.972583
1548339474.46090 0.226767 -2.07857 1.62329 0.151582 0.0298369 0.17489 -0.972392
1548339474.49424 0.224523 -2.0787 1.62545 0.152109 0.0297366 0.176596 -0.972004
1548339474.52768 0.222632 -2.07879 1.62729 0.152388 0.0296704 0.180427 -0.971259
1548339474.56078 0.220867 -2.07881 1.6289 0.154652 0.0251484 0.185034 -0.970161
1548339474.59445 0.218998 -2.07852 1.6306 0.156043 0.0239429 0.187742 -0.969449
1548339474.62754 0.217194 -2.0777 1.63199 0.157141 0.0249575 0.188155 -0.969165
1548339474.66085 0.215464 -2.07745 1.63304 0.157404 0.0230188 0.190661 -0.968681
1548339474.69447 0.21343 -2.07757 1.6338 0.153376 0.0211784 0.192423 -0.96902
1548339474.72776 0.211476 -2.07759 1.63407 0.153405 0.0203041 0.194513 -0.968617
1548339474.76083 0.209518 -2.07751 1.63371 0.156448 0.0168718 0.19849 -0.967389
1548339474.79404 0.207111 -2.07852 1.63351 0.150865 0.0180895 0.200097 -0.967922
1548339474.82752 0.204686 -2.07863 1.63259 0.15072 0.0172182 0.202122 -0.96754
1548339474.86104 0.202822 -2.07811 1.63089 0.152859 0.0142845 0.205207 -0.966602
1548339474.89419 0.201097 -2.07791 1.62925 0.151902 0.0138508 0.206313 -0.966524
1548339474.92773 0.199752 -2.07785 1.62733 0.15148 0.0114184 0.209301 -0.96598
1548339474.96080 0.198492 -2.07813 1.62563 0.146808 0.00968863 0.211914 -0.96615
1548339474.99420 0.197071 -2.07748 1.62343 0.149576 0.00623597 0.214928 -0.965088
1548339475.02753 0.195562 -2.07705 1.62135 0.149731 0.00571012 0.21964 -0.964005
1548339475.06080 0.19325 -2.0767 1.61935 0.147126 0.00518882 0.219716 -0.964392
1548339475.09412 0.191884 -2.07653 1.61732 0.14571 0.00193938 0.223382 -0.963777
1548339475.12747 0.190909 -2.07651 1.61535 0.144912 -0.0011507 0.227119 -0.963024
1548339475.16091 0.189605 -2.07621 1.61341 0.143158 -0.00207161 0.227924 -0.963095
1548339475.19416 0.188515 -2.07565 1.61152 0.142311 -0.0032637 0.230009 -0.962722
1548339475.22753 0.187503 -2.07505 1.60966 0.141359 -0.00573078 0.232642 -0.962218
1548339475.26093 0.186742 -2.07449 1.60795 0.140049 -0.00716232 0.234562 -0.961933
1548339475.29422 0.185943 -2.07339 1.60587 0.139469 -0.00863143 0.2375 -0.961284
1548339475.32750 0.185426 -2.07234 1.60399 0.139827 -0.0102253 0.237477 -0.961222
1548339475.36085 0.185031 -2.07124 1.60201 0.137939 -0.011572 0.238926 -0.961121
1548339475.39432 0.185071 -2.07008 1.59996 0.138004 -0.0128587 0.239588 -0.96093
1548339475.42778 0.185077 -2.06885 1.59772 0.137169 -0.0146329 0.239892 -0.960949
1548339475.46109 0.185238 -2.06761 1.59534 0.137974 -0.0157226 0.243039 -0.960025
1548339475.49420 0.185306 -2.06655 1.59329 0.136078 -0.0174818 0.243433 -0.960165
1548339475.52779 0.185405 -2.06508 1.59107 0.136744 -0.0200509 0.243467 -0.960012
1548339475.56080 0.185523 -2.06336 1.58899 0.136474 -0.0210018 0.245964 -0.959393
1548339475.59411 0.185714 -2.0611 1.5868 0.138169 -0.021956 0.248085 -0.958583
1548339475.62762 0.185809 -2.05918 1.58478 0.138182 -0.0229116 0.247415 -0.958732
1548339475.66046 0.186008 -2.05732 1.5825 0.137364 -0.0241615 0.248668 -0.958494
1548339475.69422 0.186193 -2.05584 1.5802 0.138571 -0.0264522 0.249356 -0.958082
1548339475.72775 0.186548 -2.05437 1.57784 0.138379 -0.0279181 0.250145 -0.957862
1548339475.76101 0.186907 -2.05327 1.57541 0.13775 -0.0302747 0.250445 -0.957803
1548339475.79418 0.187077 -2.05282 1.5728 0.136975 -0.0323569 0.251402 -0.957595
1548339475.82734 0.186776 -2.05296 1.57023 0.13356 -0.0317486 0.252106 -0.957913
1548339475.86069 0.186426 -2.05256 1.56753 0.133301 -0.03399 0.251488 -0.958034
1548339475.89398 0.185522 -2.05262 1.56471 0.131948 -0.0352797 0.250631 -0.958399
1548339475.92764 0.184008 -2.05328 1.56192 0.127545 -0.0349314 0.251588 -0.958757
1548339475.96062 0.182266 -2.0534 1.55881 0.127095 -0.037486 0.251602 -0.958717
1548339475.99404 0.180032 -2.05441 1.55546 0.125715 -0.0380589 0.252299 -0.958693
1548339476.02755 0.177436 -2.05605 1.5519 0.121137 -0.0370263 0.253239 -0.959075
1548339476.06091 0.174945 -2.05743 1.54794 0.118354 -0.0370257 0.256067 -0.958672
1548339476.09422 0.172384 -2.05843 1.54408 0.116241 -0.0362305 0.255085 -0.959222
1548339476.12732 0.169732 -2.05931 1.53995 0.114878 -0.0364458 0.254824 -0.959448
1548339476.16124 0.167207 -2.05975 1.53602 0.113747 -0.0359051 0.256487 -0.95916
1548339476.19437 0.164952 -2.05967 1.53226 0.113929 -0.036773 0.254524 -0.959628
1548339476.22775 0.162458 -2.06005 1.52865 0.109365 -0.0364025 0.253911 -0.960335
1548339476.26101 0.160299 -2.06027 1.52484 0.107859 -0.0379116 0.252486 -0.960823
1548339476.29445 0.158221 -2.0602 1.52139 0.104703 -0.0384082 0.251017 -0.961537
1548339476.32790 0.155962 -2.05981 1.51812 0.104175 -0.0401228 0.250279 -0.961716
1548339476.36104 0.153614 -2.05904 1.51518 0.103368 -0.040126 0.249961 -0.961886
1548339476.39459 0.151079 -2.05797 1.51278 0.102367 -0.0420841 0.24714 -0.962638
1548339476.42752 0.14826 -2.05667 1.51075 0.0999391 -0.0409294 0.24521 -0.963436
1548339476.46102 0.145391 -2.05497 1.50915 0.0999265 -0.0408955 0.245302 -0.963415
1548339476.49439 0.142403 -2.05336 1.50844 0.100407 -0.0412912 0.244825 -0.96347
1548339476.52768 0.139181 -2.05158 1.50818 0.102076 -0.0412332 0.243621 -0.963602
1548339476.56095 0.135624 -2.0495 1.50886 0.102224 -0.0409161 0.244457 -0.963388
1548339476.59426 0.131895 -2.04707 1.51025 0.103459 -0.0402086 0.244163 -0.963361
1548339476.62728 0.128259 -2.04465 1.5119 0.10325 -0.0379832 0.242802 -0.963817
1548339476.66089 0.12467 -2.04231 1.51372 0.10468 -0.0375936 0.243037 -0.963619
1548339476.69424 0.120977 -2.04011 1.51576 0.105706 -0.03708 0.24377 -0.963342
1548339476.72744 0.117353 -2.03757 1.51761 0.107376 -0.0368921 0.244757 -0.962914
1548339476.76090 0.11374 -2.0353 1.51946 0.109147 -0.0362316 0.245151 -0.96264
1548339476.79398 0.110307 -2.03353 1.52133 0.108673 -0.036584 0.245787 -0.962518
1548339476.82760 0.107096 -2.03186 1.52288 0.110308 -0.0374012 0.246787 -0.962044
1548339476.86069 0.103266 -2.03022 1.52465 0.110321 -0.0366651 0.251097 -0.960955
1548339476.89418 0.0986983 -2.02929 1.5263 0.108296 -0.0358303 0.250607 -0.961345
1548339476.92774 0.0946747 -2.02829 1.52781 0.108474 -0.0357947 0.249598 -0.961589
1548339476.96076 0.090698 -2.02725 1.52942 0.108748 -0.0344885 0.250682 -0.961324
1548339476.99427 0.0870436 -2.02579 1.53126 0.111138 -0.0339154 0.25167 -0.960812
1548339477.02769 0.0835158 -2.02544 1.53346 0.107979 -0.0332882 0.251659 -0.961197
1548339477.06109 0.0810441 -2.02451 1.53579 0.107797 -0.0348555 0.252 -0.961073
1548339477.09446 0.0790593 -2.02295 1.53844 0.10701 -0.0353595 0.251733 -0.961213
1548339477.12785 0.0774896 -2.02012 1.54087 0.110285 -0.0361606 0.251835 -0.960786
1548339477.16050 0.0763455 -2.01696 1.54357 0.112973 -0.0380124 0.249346 -0.961051
1548339477.19425 0.0753118 -2.0131 1.5462 0.113466 -0.0370081 0.246394 -0.961793
1548339477.22786 0.0741299 -2.0089 1.54887 0.112647 -0.03467 0.245378 -0.962236
1548339477.26102 0.0728951 -2.00427 1.55136 0.115675 -0.0339021 0.244021 -0.962249
1548339477.29439 0.0719645 -1.99944 1.55394 0.117715 -0.0330547 0.241246 -0.962731
1548339477.32765 0.0717296 -1.99519 1.55645 0.118892 -0.0328783 0.237379 -0.963553
1548339477.36091 0.0719196 -1.99108 1.55838 0.122546 -0.0354117 0.236709 -0.96317
1548339477.39418 0.0715396 -1.98751 1.56053 0.124737 -0.0355532 0.234678 -0.963381
1548339477.42757 0.0715868 -1.9845 1.56259 0.123607 -0.0347445 0.234901 -0.963502
1548339477.46091 0.0716638 -1.98218 1.56485 0.121797 -0.0349105 0.234523 -0.963818
1548339477.49431 0.0723388 -1.97954 1.56677 0.122941 -0.0363723 0.234157 -0.963708
1548339477.52750 0.0733619 -1.97718 1.5691 0.124383 -0.0370567 0.233142 -0.963743
1548339477.56066 0.0749087 -1.97558 1.57176 0.121121 -0.0352905 0.234606 -0.963869
1548339477.59422 0.0772277 -1.97385 1.57448 0.121509 -0.0375788 0.233932 -0.963898
1548339477.62747 0.0797547 -1.97203 1.57723 0.123997 -0.0390684 0.233672 -0.963585
1548339477.66055 0.0820509 -1.97054 1.58057 0.120815 -0.0376029 0.234816 -0.963769
1548339477.69425 0.0844396 -1.96825 1.58406 0.121698 -0.0367099 0.233818 -0.963935
1548339477.72753 0.086895 -1.96562 1.5878 0.121029 -0.0358101 0.234018 -0.964005
1548339477.76097 0.0890636 -1.96278 1.59168 0.120376 -0.0317296 0.232151 -0.964681
1548339477.79434 0.0908509 -1.95999 1.59526 0.122585 -0.0305585 0.229296 -0.965123
1548339477.82743 0.0934045 -1.95761 1.59836 0.123369 -0.0306378 0.230054 -0.96484
1548339477.86106 0.095799 -1.9552 1.60124 0.123793 -0.0297942 0.229081 -0.965044
1548339477.89451 0.0978059 -1.95289 1.60405 0.122613 -0.0280823 0.227828 -0.965542
1548339477.92777 0.100387 -1.95062 1.60634 0.125124 -0.0284517 0.228891 -0.964958
1548339477.96116 0.103116 -1.94936 1.60857 0.122076 -0.0266323 0.227257 -0.965786
1548339477.99427 0.10565 -1.94799 1.6105 0.122986 -0.0258166 0.225105 -0.966196
1548339478.02752 0.10809 -1.94669 1.61258 0.122138 -0.0228529 0.225367 -0.966318
1548339478.06063 0.110684 -1.94559 1.61456 0.122391 -0.0221989 0.220724 -0.967372
1548339478.09445 0.113621 -1.94547 1.61627 0.120161 -0.0218622 0.219223 -0.968
1548339478.12771 0.116712 -1.94454 1.61771 0.123856 -0.0221381 0.21732 -0.967957
1548339478.16117 0.119398 -1.94407 1.6194 0.121 -0.0202849 0.216365 -0.968573
1548339478.19420 0.122341 -1.94289 1.62075 0.120959 -0.0207398 0.21062 -0.969834
1548339478.22749 0.124711 -1.94117 1.62187 0.120464 -0.0190241 0.208771 -0.97033
1548339478.26093 0.126829 -1.9391 1.62292 0.119214 -0.0162628 0.206524 -0.971016
1548339478.29426 0.129055 -1.93679 1.62378 0.124566 -0.0167483 0.20438 -0.970789
1548339478.32756 0.130595 -1.93498 1.62515 0.122416 -0.0162982 0.202756 -0.971411
1548339478.36084 0.131927 -1.93272 1.62636 0.122661 -0.0139221 0.201661 -0.971645
1548339478.39427 0.13314 -1.93029 1.6277 0.123062 -0.0126534 0.199049 -0.97215
1548339478.42760 0.135116 -1.92745 1.6291 0.127667 -0.0128356 0.19991 -0.971377
1548339478.46092 0.136655 -1.92466 1.62989 0.128675 -0.0138753 0.201152 -0.970973
1548339478.49419 0.137721 -1.92178 1.62964 0.130165 -0.0128163 0.199072 -0.971217
1548339478.52759 0.139431 -1.91873 1.62861 0.131098 -0.0134419 0.200357 -0.970819
1548339478.56081 0.140155 -1.91607 1.6275 0.128195 -0.0157374 0.198106 -0.971634
1548339478.59446 0.13941 -1.9128 1.62643 0.13226 -0.0123738 0.1978 -0.9712
1548339478.62737 0.137481 -1.9093 1.62597 0.131124 -0.0111241 0.196983 -0.971535
1548339478.66096 0.135892 -1.90592 1.62554 0.132959 -0.0116688 0.201034 -0.970449
1548339478.69426 0.133799 -1.90384 1.62553 0.1301 -0.00794927 0.198899 -0.971314
1548339478.72769 0.132529 -1.90153 1.62557 0.130135 -0.00682545 0.198954 -0.971306
1548339478.76095 0.132664 -1.89878 1.62563 0.135004 -0.00896244 0.202439 -0.969903
1548339478.79435 0.132827 -1.8968 1.62663 0.13236 -0.00743078 0.202959 -0.970172
1548339478.82784 0.134065 -1.89374 1.62753 0.136768 -0.00903985 0.202522 -0.969638
1548339478.86117 0.135801 -1.89087 1.6288 0.138358 -0.0112829 0.204016 -0.969076
1548339478.89430 0.13719 -1.88855 1.63036 0.136225 -0.0134324 0.203116 -0.969539
1548339478.92771 0.138195 -1.88628 1.6314 0.134875 -0.0134601 0.202181 -0.969923
1548339478.96113 0.138859 -1.88391 1.63219 0.134817 -0.0123567 0.202744 -0.969828
1548339478.99409 0.139047 -1.88115 1.63241 0.136872 -0.0139592 0.198505 -0.970395
1548339479.02752 0.138186 -1.87828 1.63207 0.136454 -0.0133359 0.200634 -0.970025
1548339479.06069 0.136505 -1.87436 1.63101 0.139872 -0.013987 0.201492 -0.969351
1548339479.09420 0.134097 -1.87085 1.62986 0.13846 -0.0109323 0.196301 -0.970657
1548339479.12766 0.132022 -1.86756 1.62785 0.138012 -0.00940002 0.198787 -0.970231
1548339479.16095 0.130363 -1.86375 1.62581 0.137901 -0.00690366 0.201357 -0.969738
1548339479.19405 0.129088 -1.8606 1.62342 0.136956 -0.00669304 0.202173 -0.969703
1548339479.22750 0.128652 -1.85758 1.62091 0.14138 -0.00945521 0.205106 -0.968429
1548339479.26095 0.128474 -1.85559 1.6191 0.137245 -0.00873662 0.20577 -0.968889
1548339479.29424 0.128513 -1.85357 1.61724 0.136587 -0.0114854 0.208128 -0.96845
1548339479.32753 0.129246 -1.85195 1.61518 0.138889 -0.0134869 0.211587 -0.967346
1548339479.36049 0.129434 -1.85085 1.61365 0.133819 -0.0139395 0.211519 -0.968069
1548339479.39433 0.12979 -1.849 1.61177 0.136817 -0.0156878 0.212826 -0.967337
1548339479.42764 0.129862 -1.84792 1.60993 0.13117 -0.0155427 0.212198 -0.968259
1548339479.46105 0.12983 -1.84642 1.60753 0.130958 -0.015697 0.211399 -0.96846
1548339479.49413 0.129413 -1.84458 1.60507 0.129909 -0.0149802 0.209513 -0.969022
1548339479.52775 0.128812 -1.8417 1.60284 0.133119 -0.0163038 0.20835 -0.968816
1548339479.56091 0.127475 -1.83932 1.60107 0.132184 -0.0127079 0.206646 -0.969362
1548339479.59445 0.126124 -1.83623 1.59904 0.131605 -0.011006 0.202736 -0.970287
1548339479.62742 0.124636 -1.8327 1.5967 0.135277 -0.011921 0.197964 -0.970757
1548339479.66108 0.122524 -1.82925 1.59481 0.138219 -0.0118808 0.197392 -0.970459
1548339479.69445 0.119817 -1.82606 1.59333 0.141236 -0.0108823 0.196597 -0.970198
1548339479.72759 0.116335 -1.82277 1.59256 0.14233 -0.00603925 0.193672 -0.970668
1548339479.76078 0.113069 -1.81936 1.59167 0.144733 -0.00639104 0.190876 -0.970865
1548339479.79410 0.109731 -1.81654 1.59072 0.14748 -0.00596867 0.188087 -0.970998
1548339479.82764 0.10637 -1.81415 1.59004 0.146168 -0.00556936 0.184798 -0.97183
1548339479.86084 0.102891 -1.81199 1.58889 0.14608 -0.00541829 0.183926 -0.972009
1548339479.89432 0.0995841 -1.80972 1.58733 0.145756 -0.00728611 0.182589 -0.972298
1548339479.92722 0.0960053 -1.80785 1.58596 0.141534 -0.00487424 0.179663 -0.973481
1548339479.96077 0.0928694 -1.80568 1.58392 0.143541 -0.00669095 0.176499 -0.973755
1548339479.99432 0.0896978 -1.80403 1.58229 0.14028 -0.00898895 0.175164 -0.974453
1548339480.02754 0.0863289 -1.80212 1.58063 0.14026 -0.00943273 0.173916 -0.974675
1548339480.06086 0.0825589 -1.80043 1.57975 0.136678 -0.010191 0.174396 -0.97509
1548339480.09422 0.0790349 -1.7986 1.57905 0.13628 -0.0104103 0.175068 -0.975023
1548339480.12743 0.0757151 -1.79637 1.57856 0.137949 -0.00996613 0.175161 -0.974777
1548339480.16089 0.0720203 -1.79481 1.57936 0.133681 -0.00941155 0.176195 -0.97519
1548339480.19439 0.0688989 -1.79255 1.58014 0.137715 -0.00838747 0.177832 -0.974341
1548339480.22755 0.0656776 -1.78987 1.58208 0.136661 -0.00610258 0.179846 -0.974136
1548339480.26112 0.0630587 -1.78631 1.5841 0.141164 -0.00686057 0.180033 -0.973455
1548339480.29416 0.0605555 -1.78272 1.58711 0.138506 -0.00427483 0.182562 -0.97338
1548339480.32748 0.0587753 -1.77826 1.58968 0.146924 -0.00498485 0.185307 -0.971622
1548339480.36102 0.0574593 -1.77351 1.59268 0.14778 -0.00455287 0.187285 -0.971115
1548339480.39435 0.0569957 -1.76908 1.5957 0.150804 -0.00297806 0.190769 -0.969978
1548339480.42757 0.0564342 -1.76453 1.5988 0.154625 -0.00657583 0.193189 -0.968879
1548339480.46108 0.0562355 -1.76001 1.60175 0.1546 -0.00403859 0.19711 -0.968106
1548339480.49452 0.0560751 -1.75531 1.60473 0.153778 -0.00140638 0.200336 -0.967582
1548339480.52760 0.0556477 -1.75096 1.60705 0.152152 -0.00403236 0.204549 -0.96695
1548339480.56106 0.0558145 -1.74524 1.60915 0.156277 -0.001637 0.205047 -0.966194
1548339480.59381 0.0560391 -1.74013 1.61111 0.157649 -0.00308405 0.20651 -0.965656
1548339480.62748 0.0564808 -1.73536 1.61293 0.155271 -0.00200323 0.207635 -0.965803
1548339480.66080 0.0580327 -1.72962 1.61465 0.159703 -0.000667603 0.210166 -0.964534
1548339480.69423 0.0588769 -1.72465 1.6165 0.155141 -0.000842226 0.209547 -0.965412
1548339480.72757 0.0601947 -1.71915 1.61824 0.161652 -0.00307929 0.211238 -0.96397
1548339480.76079 0.0611493 -1.71434 1.62014 0.157569 -0.000775322 0.212902 -0.964284
1548339480.79386 0.0622729 -1.70968 1.62213 0.161151 -0.00173525 0.214382 -0.963363
1548339480.82745 0.0626979 -1.70427 1.62384 0.164092 -0.00251487 0.214228 -0.962899
1548339480.86100 0.0631828 -1.69987 1.62578 0.167182 -0.00266464 0.218034 -0.961511
1548339480.89421 0.063128 -1.69671 1.6282 0.167081 -0.00131692 0.220257 -0.961025
1548339480.92723 0.0627147 -1.69332 1.63045 0.165938 -0.000924694 0.223227 -0.960538
1548339480.96073 0.0619426 -1.69046 1.63283 0.168035 -0.00247911 0.224859 -0.95979
1548339480.99431 0.0611432 -1.68791 1.6351 0.169053 -0.00262281 0.226924 -0.959124
1548339481.02764 0.0601089 -1.6855 1.63719 0.169879 -0.00340906 0.232583 -0.957619
1548339481.06125 0.0589999 -1.68364 1.63938 0.16802 -0.00332259 0.234691 -0.957433
1548339481.09444 0.05782 -1.68147 1.64122 0.1684 -0.00490116 0.238188 -0.956496
1548339481.12761 0.0565452 -1.67954 1.64306 0.168219 -0.00509638 0.242822 -0.955361
1548339481.16093 0.0555416 -1.67774 1.64455 0.169831 -0.0071417 0.249342 -0.953381
1548339481.19441 0.0542251 -1.67576 1.64617 0.172184 -0.00897485 0.251073 -0.952489
1548339481.22762 0.0525047 -1.67367 1.64792 0.172642 -0.00812811 0.252515 -0.952032
1548339481.26108 0.0510004 -1.6717 1.6495 0.170931 -0.00615645 0.257661 -0.950976
1548339481.29436 0.0500225 -1.66967 1.65116 0.171504 -0.00652692 0.260476 -0.950103
1548339481.32776 0.0492571 -1.6678 1.6528 0.172801 -0.00735222 0.26268 -0.949255
1548339481.36108 0.0490261 -1.66621 1.65433 0.172821 -0.0087667 0.265327 -0.948503
1548339481.39414 0.0487528 -1.66459 1.65588 0.17204 -0.00768647 0.268496 -0.947762
1548339481.42720 0.0484844 -1.66302 1.65733 0.173299 -0.00875814 0.269043 -0.947368
1548339481.46095 0.0485951 -1.66154 1.65866 0.174484 -0.0097405 0.270316 -0.946779
1548339481.49429 0.0485549 -1.65983 1.6596 0.172972 -0.00904245 0.27391 -0.94603
1548339481.52755 0.0488391 -1.65869 1.66027 0.174317 -0.0103976 0.274 -0.945743
1548339481.56073 0.0492674 -1.6577 1.66068 0.17374 -0.00992965 0.275173 -0.945513
1548339481.59387 0.049946 -1.65683 1.66084 0.174603 -0.0107926 0.274915 -0.94542
1548339481.62735 0.0505265 -1.65614 1.66081 0.173338 -0.0107808 0.277039 -0.945033
1548339481.66103 0.0514556 -1.65623 1.66058 0.17346 -0.0119746 0.278133 -0.944675
1548339481.69426 0.0523196 -1.65599 1.66002 0.172394 -0.0133245 0.280278 -0.944218
1548339481.72762 0.052885 -1.65577 1.65931 0.172955 -0.0128057 0.278168 -0.944746
1548339481.76085 0.0531514 -1.65514 1.65824 0.168105 -0.0138753 0.279127 -0.945324
1548339481.79432 0.0537013 -1.65498 1.65747 0.167901 -0.0149268 0.280076 -0.945063
1548339481.82775 0.0540301 -1.65481 1.65705 0.171251 -0.013893 0.281138 -0.944162
1548339481.86121 0.0544108 -1.65387 1.6563 0.169424 -0.0135201 0.282606 -0.944058
1548339481.89445 0.055169 -1.65332 1.65532 0.170409 -0.0148037 0.281929 -0.944064
1548339481.92752 0.0558682 -1.65282 1.65425 0.169924 -0.0147869 0.281249 -0.944355
1548339481.96107 0.056679 -1.65272 1.65323 0.169596 -0.0158418 0.282935 -0.943893
1548339481.99446 0.057928 -1.65286 1.65197 0.170217 -0.0174307 0.282679 -0.94383
1548339482.02766 0.058956 -1.65284 1.65069 0.17016 -0.0182604 0.281429 -0.944198
1548339482.06093 0.0594088 -1.65252 1.64925 0.167724 -0.0167757 0.282662 -0.944293
1548339482.09441 0.0597352 -1.65229 1.64769 0.169522 -0.0174119 0.282185 -0.944103
1548339482.12784 0.0598383 -1.65164 1.64585 0.167751 -0.0177958 0.28316 -0.944121
1548339482.16114 0.0593389 -1.65109 1.64402 0.168043 -0.0183506 0.282922 -0.944129
1548339482.19433 0.0592368 -1.65092 1.64199 0.168548 -0.017768 0.283749 -0.943802
1548339482.22754 0.0588572 -1.65051 1.63973 0.166711 -0.0177677 0.285231 -0.943682
1548339482.26097 0.0586784 -1.65047 1.63767 0.166234 -0.0179256 0.284951 -0.943847
1548339482.29428 0.0588336 -1.65056 1.63573 0.166813 -0.0199871 0.285138 -0.943647
1548339482.32758 0.0593748 -1.65098 1.63369 0.167323 -0.0218484 0.28604 -0.943243
1548339482.36102 0.0597051 -1.65135 1.63178 0.167148 -0.0229221 0.286701 -0.943048
1548339482.39424 0.0601369 -1.65128 1.62993 0.165631 -0.0250778 0.286829 -0.943222
1548339482.42761 0.0600028 -1.65076 1.62841 0.164573 -0.0256615 0.290372 -0.942306
1548339482.46062 0.0596631 -1.64887 1.62662 0.159878 -0.0317344 0.290538 -0.942878
1548339482.49431 0.0597536 -1.6476 1.62593 0.166776 -0.0268354 0.29116 -0.941643
1548339482.52744 0.0595038 -1.64547 1.62487 0.168578 -0.0274844 0.292491 -0.94089
1548339482.56075 0.0591967 -1.6431 1.62382 0.168404 -0.0253363 0.293565 -0.940648
1548339482.59443 0.0590091 -1.64116 1.62256 0.169926 -0.0250992 0.292542 -0.940699
1548339482.62781 0.0591949 -1.63976 1.62058 0.169268 -0.0251152 0.296181 -0.939678
1548339482.66110 0.0600801 -1.63924 1.61799 0.166092 -0.023965 0.299437 -0.939243
1548339482.69425 0.0605751 -1.63842 1.61474 0.162005 -0.0309613 0.296731 -0.94061
1548339482.72774 0.0613553 -1.63843 1.61148 0.160394 -0.0316562 0.297657 -0.94057
1548339482.76125 0.0624126 -1.6393 1.60889 0.166635 -0.029355 0.298778 -0.939203
1548339482.79433 0.0636569 -1.63909 1.60624 0.164882 -0.0288948 0.298191 -0.939713
1548339482.86108 0.0667351 -1.63834 1.60029 0.164077 -0.0330377 0.304275 -0.937765
1548339482.89395 0.0677559 -1.63802 1.59694 0.167984 -0.0367995 0.300468 -0.938161
1548339482.92759 0.0683388 -1.63727 1.59296 0.166084 -0.0359047 0.30442 -0.937259
1548339482.96100 0.0687824 -1.63692 1.58836 0.164652 -0.0359897 0.305372 -0.937199
1548339482.99430 0.068306 -1.63697 1.58317 0.163231 -0.0361801 0.305045 -0.937547
1548339483.02738 0.0667975 -1.63694 1.57804 0.161402 -0.0335009 0.304893 -0.938012
1548339483.06082 0.0649832 -1.6374 1.57293 0.159796 -0.0332929 0.304304 -0.938486
1548339483.09418 0.0633762 -1.63894 1.56789 0.159175 -0.0334352 0.302261 -0.939246
1548339483.12762 0.0618204 -1.64076 1.56286 0.152874 -0.0303424 0.304902 -0.939544
1548339483.16101 0.0603998 -1.64264 1.55825 0.147157 -0.0284634 0.308232 -0.939429
1548339483.19435 0.059263 -1.64425 1.5544 0.145322 -0.0309383 0.309721 -0.939147
1548339483.22766 0.0585242 -1.64558 1.55132 0.142684 -0.0307433 0.310369 -0.939344
1548339483.26103 0.0575499 -1.64631 1.5486 0.142821 -0.032927 0.31194 -0.938729
1548339483.29409 0.0561143 -1.64518 1.54609 0.137498 -0.0328216 0.31575 -0.938253
1548339483.32759 0.0555509 -1.64429 1.54423 0.138842 -0.0340616 0.314561 -0.93841
1548339483.36085 0.0556939 -1.64316 1.54205 0.141613 -0.0316128 0.314442 -0.938122
1548339483.39436 0.0561617 -1.6415 1.53864 0.138918 -0.0349043 0.315484 -0.938058
1548339483.42766 0.0568546 -1.64051 1.53497 0.138481 -0.036376 0.315255 -0.938144
1548339483.46108 0.0573612 -1.63978 1.53121 0.137442 -0.036867 0.314971 -0.938373
1548339483.49421 0.0577195 -1.63923 1.52728 0.135017 -0.0367854 0.317187 -0.937982
1548339483.52789 0.0577129 -1.63843 1.52314 0.134904 -0.0380815 0.318121 -0.93763
1548339483.56080 0.0573559 -1.63747 1.51937 0.13444 -0.037318 0.317933 -0.937791
1548339483.59440 0.0574224 -1.63606 1.51632 0.135009 -0.0377354 0.31948 -0.937166
1548339483.62776 0.0582421 -1.63428 1.51336 0.136893 -0.0398518 0.320219 -0.936553
1548339483.66106 0.0602286 -1.63206 1.51013 0.138145 -0.0413279 0.315355 -0.937955
1548339483.69419 0.062714 -1.6297 1.50692 0.138609 -0.0427815 0.313693 -0.938379
1548339483.72766 0.0652537 -1.62775 1.50395 0.144249 -0.042483 0.314737 -0.937192
1548339483.76109 0.0673574 -1.62568 1.50147 0.144417 -0.0422039 0.309302 -0.938986
1548339483.79407 0.0695738 -1.62378 1.49932 0.14528 -0.0434594 0.307754 -0.939304
1548339483.82770 0.0712409 -1.62205 1.49792 0.144871 -0.0421377 0.305773 -0.940074
1548339483.86065 0.0725794 -1.62032 1.49653 0.14508 -0.0400689 0.302762 -0.941107
1548339483.89412 0.0738834 -1.6191 1.4948 0.148188 -0.0408064 0.294407 -0.943239
1548339483.92753 0.0750788 -1.61885 1.49279 0.146704 -0.0398796 0.292224 -0.944189
1548339483.96077 0.0759939 -1.61947 1.49046 0.145039 -0.042492 0.291573 -0.944533
1548339483.99413 0.0764092 -1.62038 1.48755 0.140943 -0.0401814 0.289252 -0.945967
1548339484.02765 0.0760571 -1.62147 1.48464 0.137571 -0.0378957 0.284779 -0.947913
1548339484.06088 0.074968 -1.62205 1.48171 0.139246 -0.0387781 0.284153 -0.947821
1548339484.09421 0.0740206 -1.62276 1.47948 0.136438 -0.0368735 0.281272 -0.949163
1548339484.12756 0.0732225 -1.62276 1.47746 0.135332 -0.0344056 0.276106 -0.95093
1548339484.16079 0.0725794 -1.62307 1.47567 0.134403 -0.033717 0.277893 -0.950565
1548339484.19437 0.072112 -1.62335 1.47429 0.134518 -0.0357006 0.277869 -0.950484
1548339484.22768 0.0723169 -1.62341 1.47376 0.133566 -0.0348805 0.276025 -0.951185
1548339484.26088 0.073021 -1.62316 1.47385 0.132726 -0.0332178 0.27611 -0.951338
1548339484.29428 0.0737855 -1.62243 1.47398 0.135016 -0.0348283 0.274641 -0.951383
1548339484.32766 0.0745283 -1.62154 1.47515 0.13647 -0.0337521 0.271192 -0.952204
1548339484.36117 0.0751456 -1.62015 1.47717 0.136702 -0.0316634 0.269573 -0.952702
1548339484.39427 0.0757755 -1.6184 1.47917 0.139979 -0.0304511 0.269055 -0.952412
1548339484.42772 0.0766165 -1.61662 1.48094 0.141697 -0.0289194 0.26565 -0.953161
1548339484.46102 0.0776952 -1.61502 1.48245 0.14428 -0.0286224 0.262442 -0.953671
1548339484.49450 0.0787243 -1.61416 1.48401 0.147719 -0.0267552 0.263524 -0.9529
1548339484.52775 0.0799357 -1.61335 1.48531 0.144242 -0.0255739 0.260364 -0.954333
1548339484.56093 0.081166 -1.61288 1.48663 0.14351 -0.0228086 0.258959 -0.954895
1548339484.59410 0.0820043 -1.61205 1.4878 0.144535 -0.0229902 0.257417 -0.955153
1548339484.62765 0.0834443 -1.61185 1.48922 0.148975 -0.0248061 0.253208 -0.955551
1548339484.66094 0.0848904 -1.6113 1.49072 0.148226 -0.0237014 0.252337 -0.955925
1548339484.69449 0.0860463 -1.61112 1.49217 0.151559 -0.0253748 0.249898 -0.956001
1548339484.72762 0.0871461 -1.61096 1.49416 0.151976 -0.0236675 0.247521 -0.956596
1548339484.76090 0.088067 -1.61043 1.49611 0.156164 -0.0253915 0.244243 -0.95672
1548339484.79421 0.088695 -1.60988 1.49841 0.158848 -0.0250385 0.242718 -0.956676
1548339484.82751 0.0887191 -1.60898 1.50121 0.157485 -0.0213784 0.244003 -0.956663
1548339484.86095 0.0890638 -1.60788 1.50368 0.164328 -0.0222926 0.239684 -0.956583
1548339484.89432 0.0894574 -1.60684 1.50603 0.163604 -0.0187298 0.240581 -0.956558
1548339484.92735 0.0900355 -1.60649 1.50836 0.169044 -0.0199955 0.238426 -0.956126
1548339484.96059 0.0903489 -1.60571 1.51049 0.169645 -0.0189717 0.239466 -0.955781
1548339484.99436 0.0907141 -1.60503 1.51248 0.170103 -0.0162163 0.238825 -0.95591
1548339485.02779 0.0907359 -1.60464 1.51458 0.174422 -0.0178102 0.237755 -0.95537
1548339485.06093 0.0903352 -1.60443 1.51686 0.173711 -0.0161955 0.236345 -0.955878
1548339485.09445 0.0899653 -1.60398 1.51913 0.173021 -0.0135396 0.236465 -0.956015
1548339485.12776 0.0896634 -1.60366 1.5213 0.177681 -0.0155407 0.232712 -0.956051
1548339485.16111 0.0891885 -1.60302 1.52317 0.177088 -0.0132359 0.234435 -0.955775
1548339485.19449 0.0888001 -1.60246 1.52518 0.177995 -0.012728 0.234214 -0.955667
1548339485.22764 0.0887124 -1.60191 1.52694 0.183089 -0.0159498 0.231025 -0.955433
1548339485.26098 0.0883259 -1.60133 1.52868 0.179079 -0.0130237 0.234315 -0.955436
1548339485.29437 0.0881486 -1.60066 1.53022 0.17991 -0.0123451 0.2329 -0.955635
1548339485.32774 0.0877466 -1.59985 1.53164 0.180625 -0.0112029 0.231376 -0.955884
1548339485.36094 0.0871419 -1.59927 1.53265 0.180466 -0.0106199 0.23193 -0.955786
1548339485.39428 0.0863875 -1.59919 1.53381 0.180536 -0.00985944 0.232447 -0.955656
1548339485.42768 0.0854743 -1.59889 1.53507 0.182819 -0.0111649 0.229714 -0.955868
1548339485.46078 0.0843657 -1.59875 1.53641 0.180518 -0.0093374 0.22828 -0.956668
1548339485.49425 0.0837906 -1.59853 1.53758 0.180382 -0.0105684 0.227499 -0.956867
1548339485.52756 0.0832373 -1.59846 1.53865 0.180315 -0.00985402 0.227409 -0.956909
1548339485.56066 0.0830573 -1.59818 1.53938 0.181622 -0.00839551 0.22773 -0.956599
1548339485.59418 0.082436 -1.59789 1.54019 0.181274 -0.00757021 0.228491 -0.956491
1548339485.62754 0.0817671 -1.59818 1.54129 0.182486 -0.00900978 0.225781 -0.956891
1548339485.66058 0.081443 -1.59852 1.54218 0.183013 -0.00877792 0.223953 -0.957222
1548339485.69429 0.0808353 -1.59862 1.54306 0.182074 -0.00803312 0.225424 -0.957062
1548339485.72757 0.0802741 -1.59848 1.54382 0.182431 -0.00722375 0.224375 -0.957247
1548339485.76082 0.0797617 -1.59811 1.54437 0.182956 -0.00662799 0.224066 -0.957224
1548339485.79403 0.0793487 -1.59744 1.54469 0.183511 -0.00573476 0.222474 -0.957495
1548339485.82777 0.0790254 -1.59661 1.54449 0.182931 -0.00659043 0.218279 -0.958565
1548339485.86112 0.0787495 -1.59625 1.54432 0.181734 -0.00211365 0.221853 -0.957993
1548339485.89423 0.0787402 -1.59583 1.54393 0.181299 -0.00167611 0.221499 -0.958158
1548339485.92771 0.0791815 -1.59561 1.5433 0.183934 -0.00344267 0.217019 -0.958676
1548339485.96088 0.0794038 -1.5953 1.5426 0.181462 -0.0050718 0.217012 -0.959141
1548339485.99423 0.0797626 -1.59551 1.54222 0.180938 -0.00546818 0.21652 -0.959349
1548339486.02775 0.0803416 -1.59604 1.54174 0.180232 -0.00669376 0.214358 -0.959959
1548339486.06102 0.0811887 -1.59647 1.54084 0.177822 -0.0068649 0.214792 -0.960311
1548339486.09443 0.0818917 -1.59712 1.53971 0.176184 -0.00881077 0.213823 -0.960813
1548339486.12767 0.0822484 -1.59799 1.53812 0.173148 -0.0109514 0.213928 -0.961319
1548339486.16094 0.0824517 -1.59834 1.53583 0.173221 -0.0125974 0.213769 -0.961321
1548339486.19432 0.0828695 -1.59842 1.53325 0.172344 -0.010054 0.216618 -0.960871
1548339486.22756 0.0830353 -1.59798 1.53101 0.172024 -0.0118761 0.216371 -0.960963
1548339486.26092 0.0829801 -1.59709 1.52894 0.172607 -0.0144282 0.213714 -0.961418
1548339486.29413 0.0825523 -1.59517 1.52656 0.169081 -0.0155072 0.214421 -0.96187
1548339486.32752 0.0824996 -1.59407 1.52452 0.168597 -0.0161136 0.216556 -0.961467
1548339486.36079 0.0824664 -1.59256 1.52245 0.167276 -0.0171374 0.215644 -0.961885
1548339486.39422 0.0826676 -1.59109 1.52031 0.163837 -0.0165612 0.215675 -0.96248
1548339486.42754 0.0828285 -1.59012 1.51815 0.161642 -0.0185193 0.217404 -0.962426
1548339486.46083 0.0830022 -1.58893 1.51629 0.162346 -0.0217851 0.215877 -0.962583
1548339486.49427 0.0823592 -1.58751 1.51478 0.156466 -0.0202169 0.21323 -0.96418
1548339486.52757 0.0827197 -1.58587 1.51226 0.159979 -0.022767 0.216053 -0.962917
1548339486.56096 0.0820439 -1.58434 1.50957 0.15588 -0.0228443 0.216169 -0.963561
1548339486.59432 0.0810256 -1.58249 1.50674 0.158554 -0.0227843 0.215481 -0.963281
1548339486.62776 0.0794118 -1.58082 1.50376 0.156377 -0.0227966 0.215775 -0.96357
1548339486.66107 0.0773837 -1.57985 1.5012 0.154937 -0.0188681 0.21458 -0.964154
1548339486.69436 0.0752534 -1.57962 1.49879 0.152689 -0.0145528 0.211895 -0.965181
1548339486.72771 0.0725444 -1.57964 1.49589 0.153323 -0.0176082 0.209712 -0.965507
1548339486.76085 0.0696574 -1.58077 1.49412 0.14911 -0.0150448 0.208833 -0.9664
1548339486.79450 0.0660771 -1.58154 1.49244 0.150442 -0.0152367 0.2076 -0.966456
1548339486.82787 0.0619924 -1.58255 1.49185 0.151163 -0.0113056 0.208826 -0.966133
1548339486.86098 0.0574943 -1.58332 1.49135 0.147497 -0.011523 0.20697 -0.967096
1548339486.89432 0.052912 -1.58433 1.49021 0.149882 -0.0115683 0.205239 -0.967098
1548339486.92772 0.0484838 -1.58643 1.48913 0.146949 -0.0118049 0.208318 -0.966887
1548339486.96095 0.0445487 -1.58883 1.48805 0.145202 -0.0129291 0.206228 -0.967584
1548339486.99433 0.0407555 -1.59082 1.48687 0.144269 -0.0128171 0.205034 -0.967979
1548339487.02749 0.0369544 -1.59305 1.48535 0.141013 -0.0140705 0.202714 -0.968929
1548339487.06065 0.0334773 -1.59576 1.48366 0.139252 -0.0140514 0.203748 -0.968968
1548339487.09403 0.0300841 -1.59802 1.48233 0.137372 -0.0127007 0.202529 -0.96951
1548339487.12755 0.027173 -1.59973 1.48149 0.134624 -0.0129138 0.202669 -0.969863
1548339487.16088 0.0252733 -1.60045 1.4811 0.135577 -0.0123689 0.202108 -0.969855
1548339487.19426 0.0238246 -1.60006 1.48144 0.135622 -0.0114468 0.199664 -0.970366
1548339487.22759 0.023143 -1.59847 1.4824 0.137313 -0.00903232 0.196837 -0.970731
1548339487.26090 0.02343 -1.59627 1.48379 0.139821 -0.00807735 0.192905 -0.971171
1548339487.29440 0.0246015 -1.59374 1.48514 0.142277 -0.00797519 0.187442 -0.971884
1548339487.32759 0.0263028 -1.59143 1.48664 0.143551 -0.00610542 0.183263 -0.972507
1548339487.36091 0.0281412 -1.58901 1.48776 0.147206 -0.00677079 0.180483 -0.972476
1548339487.39442 0.0297183 -1.58631 1.4887 0.151005 -0.0069981 0.17548 -0.972808
1548339487.42775 0.0310483 -1.58388 1.48983 0.150665 -0.0039139 0.170828 -0.973706
1548339487.46121 0.0324385 -1.5816 1.49073 0.151087 -0.00305732 0.16749 -0.974223
1548339487.49443 0.0336962 -1.57986 1.49135 0.152431 -0.00206183 0.162995 -0.974779
1548339487.52786 0.0349352 -1.57821 1.49182 0.155196 -0.00107353 0.159064 -0.974993
1548339487.56091 0.0355538 -1.57706 1.49255 0.154606 0.00158278 0.154966 -0.975746
1548339487.59442 0.0368858 -1.5757 1.49271 0.158801 0.00143228 0.152757 -0.975421
1548339487.62774 0.0385756 -1.57454 1.49278 0.158496 0.000891332 0.148008 -0.976203
1548339487.66113 0.0413843 -1.5732 1.49229 0.158094 -0.00192886 0.144379 -0.97681
1548339487.69455 0.0445952 -1.57094 1.49082 0.164108 -0.00455885 0.137967 -0.976736
1548339487.72749 0.0467387 -1.56887 1.48977 0.16361 -0.00485939 0.131398 -0.977723
1548339487.76089 0.0478977 -1.56691 1.48883 0.166987 -0.00588981 0.130718 -0.977238
1548339487.79433 0.0478005 -1.56524 1.48813 0.169917 -0.00645888 0.130737 -0.976726
1548339487.82747 0.0469064 -1.56387 1.48747 0.172815 -0.0066576 0.131201 -0.976154
1548339487.86084 0.0455548 -1.56283 1.48727 0.175108 -0.00575724 0.132796 -0.975535
1548339487.89421 0.0436838 -1.56175 1.48768 0.177738 -0.00338566 0.133317 -0.975
1548339487.92758 0.0415667 -1.56059 1.48828 0.180167 -0.00131008 0.132711 -0.974642
1548339487.99430 0.0380981 -1.55974 1.49008 0.180337 0.0052431 0.132671 -0.974602
1548339488.02759 0.0373496 -1.56005 1.49132 0.180602 0.00825954 0.13298 -0.97449
1548339488.06065 0.03683 -1.56096 1.49285 0.176974 0.0103879 0.133258 -0.975097
1548339488.09421 0.0364277 -1.56115 1.49393 0.178359 0.0121867 0.132562 -0.974919
1548339488.12766 0.035347 -1.56144 1.49493 0.176661 0.0153797 0.131178 -0.97537
1548339488.16081 0.0344119 -1.56176 1.49509 0.176422 0.0163316 0.13323 -0.97512
1548339488.19439 0.0338852 -1.56221 1.49478 0.176423 0.0166591 0.133656 -0.975056
1548339488.22754 0.0341004 -1.5626 1.49428 0.177325 0.015921 0.132434 -0.975071
1548339488.26095 0.0347816 -1.56325 1.49387 0.176349 0.0141378 0.133532 -0.975126
1548339488.29426 0.0354991 -1.56379 1.49342 0.174336 0.0125045 0.132995 -0.975583
1548339488.32777 0.0362858 -1.56364 1.4927 0.175628 0.0122165 0.131786 -0.975519
1548339488.36073 0.0370708 -1.56333 1.49191 0.174755 0.0117223 0.130591 -0.975843
1548339488.39412 0.0385074 -1.56305 1.49089 0.175511 0.00948174 0.131753 -0.975575
1548339488.42776 0.0399693 -1.5633 1.49066 0.172507 0.00953872 0.129759 -0.976377
1548339488.46093 0.0415769 -1.56292 1.49043 0.17426 0.00868075 0.12783 -0.976329
1548339488.49436 0.0424653 -1.56299 1.4907 0.17202 0.0085002 0.127412 -0.976782
1548339488.52785 0.0432303 -1.563 1.4907 0.171798 0.00894773 0.127812 -0.976765
1548339488.56110 0.0437041 -1.56267 1.4905 0.173704 0.00987549 0.127775 -0.976424
1548339488.59425 0.0437795 -1.56243 1.4906 0.173635 0.0109373 0.127701 -0.976434
1548339488.62753 0.0436656 -1.56236 1.49112 0.171237 0.0121772 0.126822 -0.976957
1548339488.66101 0.0437145 -1.56216 1.49165 0.171027 0.0132109 0.126031 -0.977083
1548339488.69420 0.0439289 -1.56215 1.49222 0.170791 0.0143556 0.125161 -0.97722
1548339488.72757 0.0445811 -1.56213 1.49255 0.171728 0.0144766 0.125014 -0.977073
1548339488.76070 0.0452123 -1.5621 1.49298 0.171777 0.0146019 0.123628 -0.977239
1548339488.79409 0.0460851 -1.5619 1.49323 0.172751 0.0137386 0.123472 -0.977099
1548339488.82768 0.0472771 -1.56156 1.49333 0.174406 0.0131616 0.122574 -0.976926
1548339488.86088 0.0487476 -1.56121 1.49343 0.173455 0.0117739 0.120337 -0.977391
1548339488.89431 0.0504301 -1.5606 1.49348 0.173748 0.0101856 0.119696 -0.977436
1548339488.92746 0.052354 -1.55957 1.49306 0.177686 0.00766141 0.118691 -0.976873
1548339488.96093 0.0533974 -1.55871 1.49286 0.178488 0.00646531 0.116548 -0.976994
1548339488.99448 0.0537163 -1.55775 1.49273 0.180135 0.00624298 0.117407 -0.97659
1548339489.02778 0.0535666 -1.55681 1.49267 0.181018 0.007239 0.116015 -0.976586
1548339489.06084 0.0535074 -1.55598 1.49233 0.182165 0.00776117 0.114511 -0.976546
1548339489.09441 0.053544 -1.55556 1.4919 0.181764 0.00806602 0.114104 -0.976666
1548339489.12774 0.0538239 -1.55536 1.49138 0.181048 0.00842302 0.112722 -0.976957
1548339489.16085 0.0539151 -1.55505 1.49068 0.180603 0.00968545 0.111231 -0.977198
1548339489.19429 0.053758 -1.55511 1.48989 0.179079 0.0104696 0.11143 -0.977448
1548339489.22755 0.0534319 -1.5554 1.48918 0.17819 0.0120772 0.110352 -0.977714
1548339489.26083 0.0532214 -1.55586 1.48866 0.175941 0.013797 0.108207 -0.978338
1548339489.29431 0.0534435 -1.55636 1.48766 0.175521 0.0141094 0.106481 -0.978599
1548339489.32752 0.0536002 -1.55703 1.48646 0.171635 0.0155286 0.106661 -0.979246
1548339489.36113 0.0547336 -1.55707 1.48453 0.172618 0.0141011 0.102681 -0.979521
1548339489.39410 0.0561643 -1.55707 1.48236 0.175574 0.0114603 0.0952853 -0.979777
1548339489.42736 0.0577224 -1.55682 1.47974 0.175341 0.00963429 0.090461 -0.980296
1548339489.46105 0.0594964 -1.55642 1.4763 0.173382 0.00897496 0.0842702 -0.981202
1548339489.49423 0.0614677 -1.55664 1.47187 0.172893 0.00586876 0.0826287 -0.981451
1548339489.52745 0.0628072 -1.55668 1.46687 0.171468 0.0043968 0.0767455 -0.982186
1548339489.56071 0.0629082 -1.55533 1.46085 0.170752 0.00821559 0.0583883 -0.983548
1548339489.59408 0.0627512 -1.5539 1.45554 0.169872 0.0120449 0.0435562 -0.98443
1548339489.62750 0.0631754 -1.55329 1.45067 0.170857 0.00985892 0.0418123 -0.984359
1548339489.66078 0.0625205 -1.55246 1.44647 0.170893 0.0104785 0.0387235 -0.984473
1548339489.69433 0.0614783 -1.55113 1.4434 0.170572 0.0117999 0.0342019 -0.984681
1548339489.72755 0.0611288 -1.55003 1.44011 0.171688 0.0108899 0.0319466 -0.984573
1548339489.76081 0.0613006 -1.54974 1.43674 0.171306 0.010237 0.03291 -0.984615
1548339489.79446 0.0614698 -1.54949 1.43311 0.170927 0.00762715 0.0293834 -0.984816
1548339489.82773 0.0608069 -1.5489 1.42901 0.166585 0.00901901 0.022125 -0.985738
1548339489.86108 0.059449 -1.54842 1.4238 0.162489 0.0113754 0.0144789 -0.986539
1548339489.89433 0.0569214 -1.54846 1.41819 0.160495 0.0149419 0.0106976 -0.986866
1548339489.92772 0.0546977 -1.54922 1.41323 0.154441 0.0130704 0.00242147 -0.987913
1548339489.96085 0.0521205 -1.5503 1.40843 0.152807 0.0181402 0.00272873 -0.988086
1548339489.99442 0.0497273 -1.55267 1.40451 0.140649 0.0184633 0.00550698 -0.989872
1548339490.02767 0.0461582 -1.55353 1.40009 0.143693 0.0228392 0.00578788 -0.989342
1548339490.06095 0.0425251 -1.55385 1.39639 0.140265 0.0268712 0.00354163 -0.989743
1548339490.09427 0.0385762 -1.55321 1.39321 0.138531 0.0300471 0.00268107 -0.989899
1548339490.12781 0.0352002 -1.55241 1.39035 0.138006 0.0325849 0.00316268 -0.98989
1548339490.16108 0.0323659 -1.55139 1.38803 0.137064 0.035817 0.000335968 -0.989914
1548339490.19429 0.0299923 -1.54998 1.38625 0.136684 0.0387015 -0.00564062 -0.989842
1548339490.22727 0.0280118 -1.54822 1.38485 0.13796 0.0414832 -0.00852784 -0.989532
1548339490.26088 0.0264444 -1.54599 1.38378 0.139354 0.0433874 -0.013892 -0.989194
1548339490.29409 0.0248178 -1.54316 1.38257 0.141546 0.046962 -0.02375 -0.988532
1548339490.32757 0.0234216 -1.53997 1.38134 0.141525 0.0516329 -0.0307106 -0.98811
1548339490.36084 0.022132 -1.53704 1.3804 0.146369 0.0537596 -0.0354586 -0.987132
1548339490.39398 0.0210791 -1.53414 1.37936 0.144292 0.0573753 -0.0426881 -0.986948
1548339490.42739 0.0205071 -1.53188 1.37783 0.148275 0.0600278 -0.0502675 -0.985842
1548339490.46091 0.0204346 -1.5301 1.37622 0.147491 0.0575648 -0.0589873 -0.985623
1548339490.52743 0.0207331 -1.52652 1.37125 0.146201 0.0631363 -0.0837379 -0.98368
1548339490.56076 0.0213219 -1.52475 1.36821 0.146338 0.066183 -0.092191 -0.982703
1548339490.59418 0.0221966 -1.52311 1.36558 0.143294 0.0662308 -0.102644 -0.982112
1548339490.62745 0.0229363 -1.5214 1.36289 0.141069 0.0638107 -0.113203 -0.981434
1548339490.66107 0.0231151 -1.51906 1.36051 0.142269 0.0656409 -0.121558 -0.98014
1548339490.69444 0.0227733 -1.51663 1.35913 0.141137 0.0664426 -0.129066 -0.979289
1548339490.72797 0.0216657 -1.51388 1.35757 0.13935 0.0665291 -0.137922 -0.978332
1548339490.76097 0.0198305 -1.51115 1.35599 0.140568 0.067846 -0.142775 -0.97737
1548339490.79438 0.0172069 -1.50826 1.35455 0.142472 0.0715704 -0.14771 -0.976095
1548339490.82767 0.0138636 -1.50502 1.35267 0.144824 0.0739702 -0.155936 -0.974289
1548339490.86089 0.0106772 -1.50192 1.3512 0.1483 0.0770343 -0.155876 -0.973538
1548339490.89438 0.00772125 -1.49888 1.34979 0.150718 0.0770898 -0.157822 -0.972848
1548339490.92778 0.00504281 -1.49616 1.34866 0.151522 0.0790193 -0.163068 -0.971703
1548339490.96110 0.00296135 -1.49392 1.34732 0.152302 0.0798962 -0.166781 -0.970878
1548339490.99425 0.0016893 -1.49254 1.34576 0.151713 0.0791574 -0.167689 -0.970875
1548339491.02733 0.000592354 -1.49167 1.34375 0.151656 0.0782045 -0.168859 -0.970758
1548339491.06075 -0.000621093 -1.49141 1.34176 0.148857 0.078138 -0.172408 -0.970573
1548339491.09422 -0.00188395 -1.4914 1.33979 0.14718 0.0773572 -0.173509 -0.970695
1548339491.12747 -0.00356063 -1.49139 1.33782 0.145752 0.0759695 -0.173806 -0.970967
1548339491.16055 -0.00574932 -1.49146 1.33604 0.144649 0.0759752 -0.175349 -0.970854
1548339491.19372 -0.00823481 -1.49135 1.33448 0.143862 0.0756555 -0.174156 -0.97121
1548339491.22739 -0.0106065 -1.49119 1.33296 0.143413 0.0758797 -0.172504 -0.971554
1548339491.26085 -0.0129889 -1.49101 1.33145 0.143066 0.0753658 -0.172009 -0.971733
1548339491.29429 -0.0153181 -1.49064 1.32972 0.143645 0.0761206 -0.171607 -0.97166
1548339491.32765 -0.0169732 -1.49072 1.32779 0.142706 0.0749806 -0.168705 -0.972395
1548339491.36045 -0.018847 -1.49086 1.32561 0.142479 0.0755718 -0.169652 -0.972218
1548339491.39438 -0.0205432 -1.49083 1.32343 0.140623 0.0766015 -0.172953 -0.971825
1548339491.42786 -0.0219117 -1.49076 1.32121 0.14085 0.0758327 -0.170834 -0.972228
1548339491.46125 -0.0231929 -1.49068 1.31903 0.139032 0.076758 -0.170809 -0.972421
1548339491.49433 -0.024519 -1.49039 1.31668 0.140417 0.0770311 -0.171086 -0.972152
1548339491.52743 -0.0258689 -1.49007 1.31462 0.1404 0.0771372 -0.169771 -0.972376
1548339491.56090 -0.0272163 -1.4897 1.3125 0.139835 0.0773773 -0.168802 -0.972607
1548339491.59436 -0.0286479 -1.48938 1.31051 0.141359 0.0785837 -0.16699 -0.972603
1548339491.62761 -0.0299314 -1.48943 1.30838 0.141926 0.07762 -0.163654 -0.973165
1548339491.66102 -0.0312609 -1.48981 1.30617 0.142422 0.0755401 -0.163461 -0.973288
1548339491.69425 -0.0325414 -1.49044 1.30465 0.142545 0.0753592 -0.161743 -0.973571
1548339491.72756 -0.0336253 -1.49166 1.30377 0.142779 0.0745271 -0.157052 -0.974369
1548339491.76108 -0.0347056 -1.49303 1.30331 0.144297 0.0734525 -0.153535 -0.974787
1548339491.79399 -0.0359112 -1.49461 1.30357 0.143081 0.0716144 -0.154506 -0.97495
1548339491.82737 -0.0368998 -1.49674 1.30412 0.143002 0.0701523 -0.150699 -0.975663
1548339491.86077 -0.0381813 -1.4991 1.30488 0.144227 0.071531 -0.147481 -0.975875
1548339491.89388 -0.0394853 -1.50162 1.30569 0.143306 0.071402 -0.146239 -0.976207
1548339491.92761 -0.0410663 -1.50444 1.30648 0.142065 0.0690845 -0.14222 -0.977148
1548339491.96080 -0.0429834 -1.50725 1.3076 0.143572 0.0705377 -0.13741 -0.977512
1548339491.99410 -0.0452702 -1.5097 1.30901 0.14279 0.0709343 -0.136037 -0.97779
1548339492.02756 -0.0475869 -1.51191 1.31092 0.145856 0.0718364 -0.131021 -0.977957
1548339492.06080 -0.0498925 -1.51384 1.31322 0.145463 0.0710653 -0.131724 -0.977977
1548339492.09415 -0.0522949 -1.51489 1.31511 0.145749 0.0759705 -0.129648 -0.977843
1548339492.12750 -0.0540979 -1.51596 1.31735 0.14581 0.076465 -0.12622 -0.978244
1548339492.16092 -0.0558957 -1.51676 1.31942 0.14806 0.0743316 -0.127888 -0.977854
1548339492.19441 -0.0575986 -1.51697 1.32112 0.150274 0.0810147 -0.122459 -0.97768
1548339492.22778 -0.0587018 -1.51689 1.32316 0.149885 0.0786152 -0.118936 -0.97837
1548339492.26101 -0.0599681 -1.51591 1.32445 0.152604 0.0803227 -0.119427 -0.977751
1548339492.29429 -0.0608358 -1.51473 1.32617 0.153891 0.0787993 -0.118681 -0.977764
1548339492.32785 -0.0616009 -1.5132 1.32747 0.155907 0.0792465 -0.115084 -0.977839
1548339492.36129 -0.062214 -1.51174 1.32877 0.156169 0.0803066 -0.114914 -0.977731
1548339492.39435 -0.0623333 -1.51032 1.32986 0.155677 0.0786738 -0.113796 -0.978072
1548339492.42753 -0.0622485 -1.50907 1.33081 0.155962 0.0726501 -0.111812 -0.978722
1548339492.46111 -0.0631069 -1.50799 1.33179 0.152625 0.0724953 -0.112472 -0.979184
1548339492.49434 -0.0649983 -1.50686 1.33233 0.153643 0.0731214 -0.112856 -0.978933
1548339492.52788 -0.067583 -1.50593 1.33263 0.154586 0.0726689 -0.109462 -0.979204
1548339492.56128 -0.071089 -1.5056 1.33332 0.154608 0.0702264 -0.108209 -0.979518
1548339492.59405 -0.0760839 -1.50465 1.33352 0.155024 0.0729047 -0.104792 -0.979628
1548339492.62716 -0.0815769 -1.50394 1.33435 0.154518 0.0725844 -0.0976644 -0.980468
1548339492.66079 -0.0880361 -1.50259 1.33482 0.158233 0.0770793 -0.0962754 -0.97967
1548339492.69440 -0.0944721 -1.50131 1.33581 0.159223 0.0759316 -0.0990954 -0.979317
1548339492.72752 -0.100897 -1.49956 1.33636 0.162418 0.0786569 -0.0919762 -0.979272
1548339492.76087 -0.107392 -1.49762 1.33733 0.165146 0.0799013 -0.09047 -0.978855
1548339492.79409 -0.113575 -1.49528 1.33898 0.166136 0.0801675 -0.0905958 -0.978654
1548339492.82764 -0.118758 -1.49285 1.34065 0.167101 0.0787936 -0.0875223 -0.978881
1548339492.86078 -0.123255 -1.49008 1.34222 0.169306 0.0770809 -0.0889886 -0.978507
1548339492.89423 -0.127273 -1.4872 1.34388 0.170197 0.0779515 -0.0925211 -0.977955
1548339492.92744 -0.130492 -1.48458 1.34585 0.168928 0.0749709 -0.0949934 -0.978171
1548339492.96088 -0.133259 -1.48254 1.3477 0.166744 0.071249 -0.100079 -0.978317
1548339492.99416 -0.136248 -1.48013 1.34875 0.167239 0.073681 -0.101361 -0.97792
1548339493.02771 -0.138869 -1.47819 1.3496 0.16476 0.0736125 -0.09956 -0.978531
1548339493.09446 -0.144607 -1.47392 1.35016 0.164027 0.0747715 -0.0990026 -0.978623
1548339493.12771 -0.147476 -1.47096 1.35009 0.16401 0.0756018 -0.094782 -0.97898
1548339493.16108 -0.15034 -1.4674 1.35008 0.163445 0.0766053 -0.091633 -0.979296
1548339493.19451 -0.153181 -1.46269 1.34996 0.16438 0.0783567 -0.0921586 -0.978952
1548339493.22778 -0.155435 -1.45759 1.34978 0.164814 0.0796112 -0.0908293 -0.978902
1548339493.26109 -0.157177 -1.45205 1.34928 0.165371 0.0793634 -0.0891054 -0.978986
1548339493.29443 -0.158591 -1.44577 1.34855 0.16596 0.0802926 -0.089681 -0.978758
1548339493.32776 -0.159458 -1.43918 1.34758 0.166246 0.0791274 -0.09074 -0.978707
1548339493.36108 -0.160253 -1.4323 1.34628 0.16698 0.078885 -0.0906827 -0.978607
1548339493.39427 -0.160917 -1.42534 1.34525 0.165454 0.0755787 -0.0936161 -0.978851
1548339493.42748 -0.161669 -1.41746 1.344 0.165399 0.0776561 -0.0911819 -0.978927
1548339493.46083 -0.162469 -1.4095 1.34305 0.164656 0.0768786 -0.0898995 -0.979232
1548339493.49423 -0.163439 -1.40125 1.34214 0.164065 0.0739723 -0.0917678 -0.979382
1548339493.52760 -0.165083 -1.39212 1.3409 0.163425 0.0778351 -0.0887788 -0.979465
1548339493.56090 -0.167082 -1.38282 1.33959 0.164346 0.079734 -0.0886803 -0.979167
1548339493.59420 -0.169355 -1.37393 1.33857 0.16414 0.0806713 -0.0865711 -0.979314
1548339493.62772 -0.171682 -1.36534 1.3382 0.161831 0.0805549 -0.0858609 -0.97977
1548339493.66088 -0.174365 -1.35696 1.33801 0.160872 0.0815799 -0.0853487 -0.979888
1548339493.69419 -0.176678 -1.34912 1.33788 0.161091 0.0780645 -0.0842672 -0.980232
1548339493.72753 -0.179545 -1.34143 1.33775 0.160475 0.0803187 -0.0775736 -0.980703
1548339493.76091 -0.182643 -1.33409 1.33785 0.159413 0.0812385 -0.073889 -0.981085
1548339493.79436 -0.185348 -1.3272 1.33816 0.159631 0.0797151 -0.071431 -0.981357
1548339493.82774 -0.18829 -1.32043 1.3386 0.160672 0.0790601 -0.06981 -0.981357
1548339493.86105 -0.191585 -1.31387 1.339 0.16225 0.0775578 -0.0689863 -0.981275
1548339493.89433 -0.194899 -1.30783 1.33931 0.162818 0.0764193 -0.0674694 -0.981376
1548339493.92777 -0.198845 -1.30209 1.33943 0.164056 0.0762518 -0.0669708 -0.981217
1548339493.96101 -0.202956 -1.29668 1.33938 0.166058 0.0763648 -0.0655989 -0.980964
1548339493.99419 -0.206991 -1.29225 1.33964 0.164797 0.0733826 -0.0666616 -0.981332
1548339494.02771 -0.211454 -1.28765 1.33906 0.169122 0.0771581 -0.0638952 -0.980491
1548339494.06097 -0.216028 -1.28391 1.33861 0.170951 0.079619 -0.0623786 -0.980074
1548339494.09436 -0.220304 -1.28194 1.33838 0.170356 0.0792878 -0.0602679 -0.980337
1548339494.12769 -0.224688 -1.28044 1.338 0.169452 0.0796755 -0.0578198 -0.980609
1548339494.16094 -0.229393 -1.27962 1.33728 0.167545 0.0817717 -0.0563269 -0.980851
1548339494.19437 -0.234014 -1.27955 1.33627 0.166125 0.0831209 -0.0545343 -0.981081
1548339494.22767 -0.238433 -1.2802 1.33518 0.165904 0.0827105 -0.0539034 -0.981188
1548339494.26072 -0.242978 -1.28168 1.3345 0.163121 0.0837966 -0.0515643 -0.981688
1548339494.29421 -0.247939 -1.28331 1.33418 0.162213 0.0835688 -0.0495853 -0.98196
1548339494.32737 -0.253137 -1.28496 1.33415 0.160146 0.0838014 -0.0481999 -0.982348
1548339494.36100 -0.258471 -1.28652 1.33422 0.160348 0.0846107 -0.0485382 -0.982229
1548339494.39396 -0.263877 -1.28799 1.33408 0.158563 0.0866643 -0.0484785 -0.982343
1548339494.42761 -0.268849 -1.28988 1.33366 0.158531 0.0870657 -0.0477841 -0.982346
1548339494.46087 -0.272772 -1.29214 1.33267 0.160773 0.0858218 -0.0464976 -0.982153
1548339494.49420 -0.275831 -1.29499 1.33161 0.15944 0.0822998 -0.0446213 -0.982759
1548339494.52761 -0.277805 -1.29783 1.33054 0.163942 0.0784846 -0.0421633 -0.982439
1548339494.56080 -0.279288 -1.3009 1.33019 0.164871 0.0747953 -0.0430382 -0.982533
1548339494.59441 -0.280373 -1.30418 1.33035 0.166659 0.0705153 -0.0436272 -0.982522
1548339494.62742 -0.281735 -1.30778 1.33107 0.167038 0.0673934 -0.0453502 -0.982599
1548339494.66101 -0.283534 -1.31176 1.33207 0.167371 0.0644471 -0.0461531 -0.982702
1548339494.69445 -0.285673 -1.31603 1.33328 0.168814 0.0624026 -0.0450493 -0.982639
1548339494.72777 -0.288535 -1.32044 1.33493 0.169711 0.0634864 -0.0441419 -0.982456
1548339494.76112 -0.29157 -1.3248 1.3371 0.170124 0.0617879 -0.0435186 -0.98252
1548339494.79440 -0.294779 -1.32904 1.33965 0.173625 0.0629968 -0.0411047 -0.981935
1548339494.82777 -0.298733 -1.33351 1.34263 0.172385 0.0665135 -0.0367952 -0.982092
1548339494.86121 -0.302077 -1.33793 1.34587 0.174987 0.067674 -0.0329577 -0.981689
1548339494.89449 -0.305772 -1.34276 1.35014 0.173106 0.0686376 -0.0322494 -0.981979
1548339494.92764 -0.308845 -1.34794 1.35509 0.170344 0.067896 -0.0294372 -0.982602
1548339494.96087 -0.312269 -1.35267 1.35983 0.17293 0.0717778 -0.0252351 -0.981991
1548339494.99409 -0.315229 -1.358 1.36464 0.171901 0.0717757 -0.0249858 -0.982178
1548339495.02754 -0.318131 -1.36396 1.36958 0.168311 0.071564 -0.022932 -0.982865
1548339495.06080 -0.321305 -1.37017 1.37453 0.163785 0.0731984 -0.024103 -0.983481
1548339495.09421 -0.324955 -1.3766 1.37939 0.158012 0.0775643 -0.0285223 -0.983973
1548339495.12756 -0.327916 -1.38304 1.38378 0.155698 0.0784472 -0.0267673 -0.984321
1548339495.16071 -0.330651 -1.3896 1.38779 0.154623 0.0786427 -0.023181 -0.984566
1548339495.19411 -0.333883 -1.39609 1.39217 0.153869 0.0802954 -0.0272479 -0.984446
1548339495.22755 -0.336922 -1.40155 1.39612 0.152302 0.0834782 -0.0283342 -0.984395
1548339495.26083 -0.339861 -1.40734 1.40058 0.14886 0.0849995 -0.0249042 -0.984884
1548339495.29409 -0.342711 -1.41209 1.40524 0.149492 0.0851787 -0.0219469 -0.984843
1548339495.32738 -0.345399 -1.41589 1.41001 0.15143 0.0859265 -0.0257055 -0.984391
1548339495.36086 -0.34778 -1.41887 1.41484 0.152131 0.0865121 -0.0236554 -0.984283
1548339495.39423 -0.349676 -1.42096 1.41933 0.155725 0.0860456 -0.01796 -0.983882
1548339495.42786 -0.351546 -1.42205 1.42377 0.161673 0.0876045 -0.0189455 -0.982766
1548339495.46094 -0.352965 -1.42256 1.42816 0.164638 0.0883061 -0.0164932 -0.982255
1548339495.49423 -0.35317 -1.42256 1.43183 0.17109 0.0853797 -0.010879 -0.981489
1548339495.52766 -0.35306 -1.42222 1.43532 0.175199 0.0832116 -0.0111421 -0.980947
1548339495.56113 -0.352424 -1.42122 1.43849 0.183386 0.081454 -0.014105 -0.979559
1548339495.59452 -0.351546 -1.42056 1.44135 0.185564 0.0784687 -0.0152778 -0.979375
1548339495.66107 -0.348242 -1.41966 1.44486 0.193173 0.0738907 -0.0167541 -0.978235
1548339495.69439 -0.346336 -1.41972 1.44616 0.194462 0.0706639 -0.0164346 -0.978223
1548339495.72769 -0.344705 -1.41983 1.44695 0.195947 0.0683872 -0.0172149 -0.978076
1548339495.76113 -0.34301 -1.42013 1.44753 0.197059 0.066593 -0.0191596 -0.97794
1548339495.79408 -0.341733 -1.4207 1.44788 0.195401 0.0666281 -0.0220744 -0.978209
1548339495.82760 -0.340266 -1.4214 1.44785 0.194977 0.0656479 -0.0242613 -0.978308
1548339495.86093 -0.338717 -1.42221 1.44725 0.195576 0.0652524 -0.0255426 -0.978182
1548339495.89411 -0.337247 -1.4234 1.44663 0.19415 0.0642719 -0.0272713 -0.978484
1548339495.92759 -0.336047 -1.42449 1.44593 0.193227 0.0656208 -0.0304492 -0.978484
1548339495.96055 -0.334515 -1.42573 1.44538 0.192354 0.0643402 -0.0326081 -0.978671
1548339495.99395 -0.333047 -1.42721 1.44498 0.190414 0.0642979 -0.0330784 -0.979037
1548339496.02762 -0.331349 -1.42898 1.44465 0.188363 0.0641869 -0.0337082 -0.97942
1548339496.06077 -0.329732 -1.43066 1.44451 0.187257 0.0634345 -0.0338736 -0.979675
1548339496.09416 -0.328183 -1.43225 1.44423 0.18795 0.0628779 -0.0321796 -0.979636
1548339496.12722 -0.326678 -1.43387 1.44411 0.184466 0.0627611 -0.033187 -0.980271
1548339496.16095 -0.325744 -1.43504 1.44353 0.184134 0.0642536 -0.0356953 -0.980149
1548339496.19448 -0.324911 -1.43622 1.44264 0.185492 0.0659486 -0.0338842 -0.979845
1548339496.22773 -0.324006 -1.43683 1.44081 0.186328 0.0659738 -0.0336856 -0.979691
1548339496.26096 -0.323478 -1.43739 1.43894 0.187329 0.0676013 -0.0343545 -0.979366
1548339496.29442 -0.322619 -1.4381 1.4367 0.188786 0.0667022 -0.0322175 -0.97922
1548339496.32770 -0.32149 -1.43889 1.43408 0.189543 0.0657615 -0.0311962 -0.979171
1548339496.36089 -0.320073 -1.43985 1.43141 0.188869 0.0652873 -0.0315607 -0.979321
1548339496.39425 -0.318023 -1.44111 1.42876 0.188634 0.0629718 -0.0306333 -0.979548
1548339496.42778 -0.316093 -1.44253 1.42576 0.186749 0.0598931 -0.0326941 -0.980035
1548339496.46084 -0.314078 -1.44449 1.42289 0.18376 0.0579106 -0.0339251 -0.980677
1548339496.49434 -0.312333 -1.4464 1.42013 0.181984 0.05465 -0.0325804 -0.981241
1548339496.52776 -0.311238 -1.44794 1.41747 0.180511 0.0534788 -0.0337191 -0.981539
1548339496.56106 -0.310371 -1.44931 1.41497 0.180372 0.0518687 -0.0344712 -0.981625
1548339496.59435 -0.30985 -1.45049 1.41264 0.180002 0.0496801 -0.0322349 -0.981882
1548339496.62744 -0.309683 -1.45132 1.4103 0.17862 0.049705 -0.0307946 -0.982179
1548339496.66068 -0.309507 -1.45212 1.4082 0.177531 0.0479215 -0.0304143 -0.982477
1548339496.69399 -0.309075 -1.45268 1.40615 0.177613 0.0474692 -0.0268086 -0.982589
1548339496.72741 -0.308646 -1.45314 1.40452 0.175445 0.046468 -0.0283183 -0.982984
1548339496.76111 -0.307713 -1.45356 1.40269 0.175054 0.0452405 -0.0275783 -0.983132
1548339496.79430 -0.306741 -1.45416 1.40097 0.172958 0.043478 -0.0269684 -0.983599
1548339496.82760 -0.305911 -1.45463 1.39924 0.171878 0.0424609 -0.0274661 -0.983819
1548339496.86078 -0.305065 -1.45496 1.39752 0.171167 0.0416766 -0.0292326 -0.983926
1548339496.89420 -0.304475 -1.45516 1.39589 0.169546 0.0406689 -0.0297232 -0.984234
1548339496.92738 -0.304019 -1.45556 1.39445 0.167257 0.0398499 -0.0302761 -0.984642
1548339496.96091 -0.303693 -1.4559 1.39288 0.165927 0.0402344 -0.0296373 -0.984871
1548339496.99433 -0.303511 -1.4561 1.39149 0.167973 0.0405734 -0.0278557 -0.984562
1548339497.02754 -0.303364 -1.45657 1.39057 0.165445 0.0393747 -0.0278948 -0.985038
1548339497.06101 -0.303188 -1.45683 1.38954 0.165415 0.0390126 -0.0282433 -0.985047
1548339497.09441 -0.302665 -1.45686 1.38837 0.166236 0.0388005 -0.0251729 -0.985001
1548339497.12777 -0.302173 -1.45683 1.38753 0.168032 0.0394358 -0.0238313 -0.984704
1548339497.16112 -0.301562 -1.45647 1.3867 0.167226 0.0371914 -0.0267002 -0.984855
1548339497.19450 -0.30091 -1.45616 1.3862 0.166711 0.0357245 -0.0280822 -0.984958
1548339497.22781 -0.29987 -1.45592 1.38574 0.165497 0.0340573 -0.0275242 -0.985238
1548339497.26102 -0.299027 -1.45549 1.38511 0.167075 0.0331962 -0.0279828 -0.984988
1548339497.29436 -0.298389 -1.45476 1.38448 0.166879 0.0336295 -0.0279143 -0.985008
1548339497.32761 -0.297965 -1.45425 1.38407 0.167753 0.0329767 -0.0283812 -0.984869
1548339497.36100 -0.297741 -1.45391 1.38373 0.168467 0.0328782 -0.0286032 -0.984744
1548339497.39437 -0.297722 -1.45366 1.38344 0.168846 0.033484 -0.0294396 -0.984634
1548339497.42745 -0.297812 -1.45355 1.38322 0.168839 0.0341888 -0.0294369 -0.984611
1548339497.46097 -0.297976 -1.45369 1.38305 0.168274 0.0351529 -0.0292253 -0.98468
1548339497.49415 -0.298189 -1.45406 1.38285 0.167665 0.0360348 -0.0292438 -0.984751
1548339497.52734 -0.298351 -1.45457 1.38254 0.16671 0.0375714 -0.0285484 -0.984876
1548339497.56058 -0.298527 -1.45533 1.3824 0.163012 0.0389612 -0.0285043 -0.985442
1548339497.59425 -0.298635 -1.45601 1.38229 0.161653 0.0394414 -0.0287382 -0.98564
1548339497.62737 -0.298604 -1.45656 1.38212 0.159812 0.0398605 -0.0279216 -0.985947
1548339497.66077 -0.298612 -1.4569 1.38183 0.158285 0.0406344 -0.0284454 -0.986147
1548339497.69405 -0.29862 -1.457 1.38143 0.155113 0.0421737 -0.0273892 -0.986616
1548339497.72752 -0.298497 -1.45719 1.38093 0.154836 0.0424654 -0.0263405 -0.986676
1548339497.76071 -0.2984 -1.45721 1.38044 0.154636 0.0431207 -0.0256482 -0.986697
1548339497.79398 -0.298209 -1.45703 1.38009 0.154348 0.0436092 -0.0268791 -0.986688
1548339497.82774 -0.297687 -1.45676 1.37983 0.154669 0.0428408 -0.0276849 -0.986649
1548339497.86120 -0.297085 -1.45671 1.37962 0.157317 0.0411735 -0.0298467 -0.986238
1548339497.89441 -0.296417 -1.45657 1.37937 0.157246 0.0407012 -0.0314892 -0.986218
1548339497.92757 -0.295798 -1.45641 1.3792 0.154516 0.0409445 -0.0310086 -0.986654
1548339497.96132 -0.295184 -1.45643 1.37901 0.156961 0.0399186 -0.0320761 -0.986276
1548339497.99422 -0.294665 -1.45632 1.37888 0.157112 0.0398887 -0.032842 -0.986228
1548339498.02752 -0.294165 -1.45606 1.37898 0.157228 0.0399483 -0.0337479 -0.986177
1548339498.06111 -0.293608 -1.45574 1.3792 0.15705 0.0399199 -0.034096 -0.986194
1548339498.09433 -0.293044 -1.45522 1.37933 0.15587 0.0404661 -0.0345431 -0.986344
1548339498.12740 -0.292334 -1.45465 1.37934 0.157026 0.0402894 -0.0354047 -0.986137
1548339498.16123 -0.291656 -1.45418 1.37943 0.157362 0.0401069 -0.0360734 -0.986067
1548339498.22748 -0.290038 -1.45348 1.37935 0.161476 0.0388277 -0.0383587 -0.985366
1548339498.26109 -0.289401 -1.45311 1.37923 0.16161 0.0388794 -0.0394156 -0.9853
1548339498.29428 -0.288797 -1.45282 1.37904 0.16134 0.0387738 -0.0402006 -0.985317
1548339498.32736 -0.288389 -1.45256 1.37885 0.16007 0.038808 -0.0413568 -0.985475
1548339498.36085 -0.287856 -1.45228 1.37858 0.159564 0.0387315 -0.0419049 -0.985537
1548339498.39409 -0.287372 -1.45196 1.37834 0.159181 0.0380712 -0.0427508 -0.985588
1548339498.42771 -0.286816 -1.45148 1.37796 0.159634 0.0372994 -0.0433174 -0.98552
1548339498.46084 -0.286256 -1.451 1.37763 0.160622 0.0368197 -0.0434169 -0.985373
1548339498.49419 -0.286118 -1.45048 1.37772 0.157839 0.0369215 -0.0443214 -0.985779
1548339498.52742 -0.286095 -1.44975 1.3775 0.160097 0.0369327 -0.0448654 -0.985389
1548339498.56078 -0.286358 -1.44912 1.37739 0.159828 0.0381449 -0.0440657 -0.985423
1548339498.59425 -0.286627 -1.44862 1.3773 0.159334 0.038002 -0.0432928 -0.985543
1548339498.62768 -0.287024 -1.44792 1.37711 0.158148 0.0387232 -0.0427507 -0.985729
1548339498.66098 -0.287385 -1.44732 1.37688 0.160012 0.0388273 -0.0430758 -0.98541
1548339498.69437 -0.287616 -1.44694 1.37687 0.15967 0.0384554 -0.0422628 -0.985515
1548339498.72764 -0.287848 -1.4465 1.37691 0.159481 0.0383311 -0.0420598 -0.98556
1548339498.76105 -0.288148 -1.44605 1.37686 0.160691 0.0382402 -0.0414208 -0.985394
1548339498.79451 -0.288714 -1.44596 1.37711 0.15883 0.0372427 -0.0405144 -0.985771
1548339498.82772 -0.289277 -1.44579 1.37708 0.158421 0.0371159 -0.0395233 -0.985882
1548339498.86110 -0.290024 -1.4456 1.37703 0.158673 0.0373235 -0.0391434 -0.985849
1548339498.89444 -0.290668 -1.44547 1.37687 0.160001 0.0378742 -0.0380164 -0.985657
