# ground truth trajectory
# timestamp tx ty tz qx qy qz qw
1548265208.08399 0.417711 -1.89276 1.35437 -0.177992 -0.0363267 -0.025418 0.983033
1548265208.11754 0.418324 -1.89364 1.35568 -0.179548 -0.0344087 -0.017689 0.982988
1548265208.15072 0.41981 -1.89529 1.35688 -0.172673 -0.0362443 -0.0180822 0.984146
1548265208.18386 0.421463 -1.89762 1.35758 -0.170116 -0.0322705 -0.0145264 0.984788
1548265208.21730 0.422762 -1.89993 1.35759 -0.168035 -0.0302275 -0.0121221 0.985243
1548265208.25064 0.423228 -1.90222 1.3574 -0.167083 -0.0291529 -0.00868974 0.985473
1548265208.28383 0.422916 -1.90432 1.35718 -0.158982 -0.0311632 -0.00635834 0.986769
1548265208.31735 0.421696 -1.90515 1.35642 -0.158052 -0.0339006 -0.00478323 0.986837
1548265208.35028 0.420295 -1.90581 1.3562 -0.154429 -0.0357892 -0.00722995 0.987329
1548265208.38380 0.418526 -1.90533 1.35609 -0.155155 -0.0389754 -0.00991646 0.987071
1548265208.41736 0.416904 -1.90302 1.35639 -0.157647 -0.0436019 -0.00585986 0.986515
1548265208.45042 0.416651 -1.90044 1.35725 -0.15379 -0.045512 0.000925899 0.987054
1548265208.48377 0.417546 -1.89628 1.35614 -0.163302 -0.047016 0.00976086 0.985407
1548265208.51722 0.420031 -1.89309 1.35461 -0.161507 -0.0455254 0.0169278 0.985676
1548265208.55055 0.422843 -1.89044 1.35234 -0.164586 -0.0439689 0.00834559 0.985347
1548265208.58384 0.42413 -1.88665 1.34816 -0.168082 -0.03908 0.0139101 0.9849
1548265208.61740 0.424664 -1.88408 1.34344 -0.160993 -0.0428341 0.0190506 0.985842
1548265208.65067 0.424387 -1.88243 1.33559 -0.161751 -0.0457891 0.0220886 0.985521
1548265208.68397 0.424524 -1.88218 1.32629 -0.152304 -0.0430625 0.0223111 0.987143
1548265208.71748 0.425047 -1.88297 1.31785 -0.14655 -0.0425621 0.0233633 0.988011
1548265208.75070 0.425393 -1.88402 1.31195 -0.138209 -0.0422526 0.0228131 0.989238
1548265208.78411 0.424651 -1.88369 1.30657 -0.131952 -0.0388661 0.0198087 0.990296
1548265208.81741 0.422147 -1.88125 1.30109 -0.136583 -0.0427596 0.0234328 0.989428
1548265208.85083 0.420824 -1.87843 1.29667 -0.135382 -0.0437693 0.0247717 0.989516
1548265208.88400 0.420426 -1.87575 1.29251 -0.129966 -0.0458859 0.0246456 0.990149
1548265208.91740 0.420402 -1.87271 1.28784 -0.134308 -0.0453426 0.0248215 0.989591
1548265208.95089 0.420901 -1.86983 1.28311 -0.135123 -0.0438123 0.0267344 0.989499
1548265208.98406 0.421457 -1.86793 1.27859 -0.131376 -0.0438654 0.0259536 0.990022
1548265209.01711 0.421957 -1.86612 1.27308 -0.131145 -0.0420537 0.0266888 0.990111
1548265209.05030 0.422304 -1.86502 1.26728 -0.126796 -0.0367633 0.0260719 0.990904
1548265209.08374 0.421968 -1.86369 1.26108 -0.128384 -0.0406971 0.0218874 0.990647
1548265209.11723 0.420836 -1.86239 1.25498 -0.125167 -0.0365955 0.0293425 0.991026
1548265209.15041 0.419546 -1.86132 1.24897 -0.121314 -0.0371512 0.0305778 0.991447
1548265209.18356 0.418367 -1.86051 1.24242 -0.119039 -0.0375931 0.0294134 0.991742
1548265209.21719 0.417874 -1.8603 1.2354 -0.11903 -0.039744 0.0249027 0.991782
1548265209.25052 0.417378 -1.85937 1.22679 -0.116702 -0.0349395 0.0305419 0.992082
1548265209.28384 0.417587 -1.8596 1.21753 -0.112533 -0.0329381 0.0339855 0.99252
1548265209.31724 0.418167 -1.86115 1.20722 -0.109763 -0.0281086 0.0352176 0.992936
1548265209.35014 0.419231 -1.86374 1.19636 -0.101169 -0.0244002 0.0281357 0.994172
1548265209.38362 0.420145 -1.86705 1.1861 -0.101294 -0.0169325 0.0279049 0.994321
1548265209.41736 0.421417 -1.87079 1.1766 -0.0986638 -0.00917633 0.0297768 0.994633
1548265209.45079 0.422447 -1.87454 1.16804 -0.0977426 -0.00520519 0.0322411 0.994676
1548265209.48388 0.423661 -1.87902 1.16093 -0.0960499 -2.21571e-05 0.033035 0.994828
1548265209.51756 0.42483 -1.88457 1.15488 -0.0939455 0.0041151 0.0330091 0.995021
1548265209.55081 0.42569 -1.89095 1.15022 -0.0951863 0.00828762 0.0267192 0.995066
1548265209.58399 0.426031 -1.89774 1.14808 -0.0931398 0.011257 0.019797 0.995393
1548265209.61745 0.425802 -1.9041 1.14809 -0.0958724 0.0105543 0.0139486 0.99524
1548265209.65078 0.425237 -1.91027 1.1507 -0.099338 0.0100128 0.0073885 0.994976
1548265209.68369 0.424675 -1.91656 1.15583 -0.100896 0.00784318 0.00241292 0.994863
1548265209.71726 0.424328 -1.92264 1.1629 -0.104477 0.00476155 -0.00270213 0.994512
1548265209.75077 0.423973 -1.92939 1.17196 -0.10327 0.000899823 -0.00908834 0.994612
1548265209.78406 0.423342 -1.93591 1.18189 -0.107458 -0.00325685 -0.0108599 0.994145
1548265209.81733 0.422816 -1.94262 1.19281 -0.110644 -0.00949378 -0.0138166 0.993719
1548265209.85027 0.42253 -1.94973 1.20456 -0.113568 -0.0135374 -0.0251932 0.993119
1548265209.88357 0.421466 -1.95624 1.21744 -0.115145 -0.0231894 -0.0258933 0.99274
1548265209.91702 0.420752 -1.96226 1.23063 -0.119006 -0.0278617 -0.0300207 0.992048
1548265209.95051 0.421015 -1.96898 1.24477 -0.12122 -0.027396 -0.0461859 0.991172
1548265209.98387 0.418842 -1.97524 1.26072 -0.153363 -0.0248592 -0.0580356 0.986151
1548265210.01716 0.421058 -1.97827 1.27437 -0.130914 -0.0374489 -0.0411748 0.98983
1548265210.05059 0.421739 -1.98251 1.28943 -0.132989 -0.036703 -0.049945 0.989178
1548265210.08377 0.422038 -1.98522 1.30388 -0.13786 -0.0399449 -0.049345 0.988415
1548265210.11722 0.422333 -1.9865 1.3177 -0.145821 -0.0424248 -0.0485738 0.987207
1548265210.15044 0.422856 -1.98735 1.33156 -0.151853 -0.0422257 -0.0543746 0.986003
1548265210.18351 0.422821 -1.98724 1.34485 -0.159938 -0.0418551 -0.0513443 0.984902
1548265210.21733 0.422538 -1.98706 1.35839 -0.161144 -0.0436601 -0.0519346 0.984596
1548265210.25073 0.422455 -1.98579 1.37018 -0.174589 -0.0405627 -0.0558444 0.982219
1548265210.28394 0.421819 -1.98496 1.38174 -0.181397 -0.04072 -0.0571685 0.980902
1548265210.31744 0.420804 -1.98462 1.39327 -0.187879 -0.0388838 -0.0628503 0.979408
1548265210.35031 0.419601 -1.98408 1.40381 -0.194718 -0.0342997 -0.0657162 0.978054
1548265210.38389 0.418088 -1.98486 1.41442 -0.196597 -0.0306848 -0.0709546 0.977432
1548265210.41736 0.415848 -1.9859 1.42499 -0.195982 -0.0278205 -0.0786509 0.977052
1548265210.45049 0.412874 -1.9869 1.43503 -0.194078 -0.0246524 -0.0839086 0.97708
1548265210.48399 0.409075 -1.98792 1.44494 -0.196481 -0.0214541 -0.0925532 0.975894
1548265210.51722 0.404025 -1.98726 1.45415 -0.200486 -0.0215962 -0.0987336 0.974469
1548265210.55065 0.398611 -1.98709 1.46347 -0.206833 -0.0198737 -0.105059 0.972516
1548265210.58394 0.392881 -1.98644 1.47226 -0.209103 -0.0200332 -0.112397 0.971206
1548265210.61713 0.386779 -1.98544 1.48044 -0.209565 -0.0234049 -0.118477 0.970308
1548265210.65033 0.380522 -1.98456 1.48829 -0.211431 -0.0252435 -0.124062 0.969159
1548265210.68374 0.374513 -1.98413 1.49572 -0.209378 -0.0264121 -0.129266 0.968893
1548265210.71699 0.368998 -1.98383 1.5016 -0.216222 -0.0255939 -0.134728 0.966665
1548265210.75027 0.363686 -1.98432 1.50654 -0.216458 -0.0246278 -0.141065 0.965733
1548265210.78358 0.358381 -1.98517 1.50996 -0.218533 -0.0241652 -0.144914 0.964707
1548265210.81692 0.35344 -1.98683 1.51275 -0.214628 -0.0218051 -0.151391 0.964645
1548265210.84986 0.348582 -1.98842 1.51451 -0.211358 -0.0200783 -0.155999 0.96467
1548265210.88358 0.344411 -1.99008 1.5155 -0.210301 -0.0173106 -0.160657 0.96419
1548265210.91710 0.340387 -1.99212 1.51709 -0.211549 -0.0131459 -0.16703 0.962899
1548265210.95047 0.336352 -1.99469 1.51961 -0.207249 -0.00868425 -0.170702 0.963241
1548265210.98376 0.332405 -1.99799 1.52377 -0.202825 -0.00851956 -0.172706 0.963827
1548265211.01741 0.328364 -2.0007 1.52895 -0.20591 -0.00689224 -0.176436 0.962509
1548265211.05068 0.323927 -2.00307 1.53562 -0.207286 -0.00735238 -0.181839 0.961204
1548265211.08401 0.319457 -2.00457 1.54305 -0.209989 -0.00986561 -0.184751 0.960039
1548265211.11718 0.314907 -2.00567 1.55124 -0.209395 -0.0168791 -0.187109 0.959614
1548265211.15086 0.311247 -2.00588 1.55855 -0.218018 -0.0142065 -0.190742 0.957018
1548265211.18380 0.307509 -2.00702 1.5665 -0.218063 -0.0198629 -0.197504 0.955535
1548265211.21717 0.303706 -2.00793 1.57295 -0.223606 -0.0202518 -0.19896 0.953942
1548265211.25074 0.300104 -2.00904 1.578 -0.226721 -0.0202027 -0.20337 0.952276
1548265211.28399 0.296794 -2.00962 1.58061 -0.235021 -0.0160579 -0.207622 0.949421
1548265211.31746 0.292969 -2.011 1.58185 -0.236256 -0.0128309 -0.206822 0.949338
1548265211.35059 0.288062 -2.01468 1.58181 -0.231406 -0.0122761 -0.222445 0.947005
1548265211.38405 0.283918 -2.01586 1.57852 -0.234011 -0.00570629 -0.231456 0.944264
1548265211.41705 0.279224 -2.0176 1.57444 -0.232726 -0.00377462 -0.241189 0.942153
1548265211.45046 0.275046 -2.01914 1.56924 -0.22784 0.000212115 -0.246671 0.941936
1548265211.48385 0.271794 -2.01988 1.56279 -0.223248 0.00294275 -0.24949 0.942288
1548265211.51717 0.268619 -2.01987 1.55587 -0.221775 0.00931161 -0.251225 0.942133
1548265211.55042 0.26581 -2.02036 1.54881 -0.215371 0.0120816 -0.257085 0.942007
1548265211.58373 0.262782 -2.02036 1.54159 -0.207485 0.0172428 -0.258699 0.943254
1548265211.61699 0.260167 -2.02083 1.53414 -0.205227 0.0204898 -0.260649 0.943146
1548265211.65050 0.257632 -2.0203 1.52707 -0.197604 0.0214295 -0.264287 0.94374
1548265211.68385 0.254929 -2.02029 1.5201 -0.19394 0.0230689 -0.265583 0.944098
1548265211.71716 0.252594 -2.01979 1.51348 -0.187919 0.0234914 -0.268554 0.944465
1548265211.75058 0.250244 -2.01816 1.50648 -0.175447 0.0342866 -0.267841 0.946733
1548265211.78378 0.248196 -2.01742 1.5009 -0.169401 0.0336274 -0.26938 0.947421
1548265211.81727 0.247561 -2.01697 1.49593 -0.171381 0.028455 -0.274265 0.945832
1548265211.85067 0.246066 -2.01474 1.49059 -0.167548 0.0300711 -0.273383 0.946724
1548265211.88401 0.244693 -2.01304 1.48544 -0.164848 0.0326777 -0.279304 0.945382
1548265211.91746 0.243142 -2.01167 1.48049 -0.162906 0.0350278 -0.28052 0.945274
1548265211.95071 0.241914 -2.00903 1.47541 -0.161407 0.0368712 -0.282253 0.944945
1548265211.98402 0.240469 -2.00687 1.4702 -0.159393 0.0377666 -0.28979 0.942968
1548265212.01723 0.239371 -2.00378 1.46518 -0.159119 0.0391548 -0.292699 0.942059
1548265212.05080 0.237952 -2.0013 1.46042 -0.151753 0.0366793 -0.296086 0.942316
1548265212.08400 0.237275 -1.99818 1.45449 -0.153195 0.0378876 -0.301204 0.940411
1548265212.11741 0.236606 -1.99508 1.44809 -0.156471 0.0410993 -0.302368 0.939362
1548265212.15066 0.235871 -1.9921 1.44194 -0.154459 0.039073 -0.305263 0.938845
1548265212.18410 0.235042 -1.98891 1.4355 -0.148345 0.0422199 -0.307941 0.93882
1548265212.21729 0.234591 -1.98627 1.42852 -0.155734 0.0467178 -0.307194 0.937655
1548265212.25046 0.234449 -1.98304 1.42296 -0.153878 0.0461482 -0.308124 0.937684
1548265212.28390 0.234094 -1.98071 1.41763 -0.150442 0.0450631 -0.311145 0.937297
1548265212.31713 0.233807 -1.97859 1.41224 -0.148834 0.0453687 -0.311894 0.93729
1548265212.35023 0.23411 -1.97624 1.40676 -0.1519 0.0494563 -0.310903 0.93692
1548265212.38374 0.233821 -1.97475 1.40199 -0.147495 0.0488097 -0.312442 0.937146
1548265212.41742 0.233622 -1.97329 1.39741 -0.148067 0.0462831 -0.313819 0.936724
1548265212.45052 0.233634 -1.97151 1.39269 -0.146584 0.0478215 -0.313985 0.936824
1548265212.48379 0.233763 -1.96969 1.38765 -0.146037 0.0489936 -0.315531 0.93633
1548265212.51714 0.234466 -1.96731 1.3828 -0.146625 0.0503812 -0.311204 0.937611
1548265212.55076 0.235088 -1.9653 1.37801 -0.144487 0.0503372 -0.310628 0.938136
1548265212.58370 0.23592 -1.96311 1.37283 -0.145463 0.0515094 -0.313251 0.937049
1548265212.61755 0.236615 -1.96181 1.36792 -0.141733 0.051649 -0.311349 0.938246
1548265212.65067 0.23767 -1.95994 1.3628 -0.141863 0.0544783 -0.309185 0.938782
1548265212.68378 0.238327 -1.95823 1.3576 -0.13949 0.0542838 -0.311544 0.938369
1548265212.71730 0.239006 -1.95625 1.35255 -0.139827 0.0568023 -0.309406 0.938877
1548265212.75084 0.239801 -1.95374 1.34752 -0.138974 0.0575454 -0.308943 0.939111
1548265212.78395 0.240307 -1.95182 1.34231 -0.137085 0.0577796 -0.308531 0.93951
1548265212.81740 0.24039 -1.95062 1.33696 -0.134975 0.0600974 -0.309021 0.939508
1548265212.85044 0.2402 -1.94999 1.33162 -0.133845 0.0644366 -0.312903 0.938097
1548265212.88401 0.240079 -1.94877 1.32689 -0.129401 0.0648302 -0.316953 0.937333
1548265212.91737 0.240262 -1.94672 1.32319 -0.128373 0.0677371 -0.316172 0.937533
1548265212.95085 0.240388 -1.94464 1.31992 -0.128204 0.0698048 -0.321908 0.93545
1548265212.98410 0.24031 -1.94198 1.31758 -0.128841 0.0716456 -0.32326 0.934757
1548265213.01723 0.240284 -1.93848 1.31632 -0.130407 0.0726483 -0.324263 0.934114
1548265213.05054 0.240144 -1.93433 1.31663 -0.1332 0.0740128 -0.328622 0.932088
1548265213.08375 0.239881 -1.92958 1.31817 -0.136242 0.0733742 -0.331525 0.930669
1548265213.11707 0.239986 -1.92482 1.32065 -0.139445 0.073148 -0.332672 0.929803
1548265213.15033 0.240046 -1.91997 1.32372 -0.142055 0.0721839 -0.336161 0.928227
1548265213.18346 0.240213 -1.9153 1.32731 -0.144544 0.0704568 -0.337966 0.92732
1548265213.21708 0.240411 -1.91074 1.33128 -0.146159 0.0675203 -0.339592 0.926691
1548265213.25053 0.240394 -1.90707 1.33523 -0.147543 0.0669845 -0.341016 0.925987
1548265213.28381 0.239984 -1.90364 1.33918 -0.148418 0.0659187 -0.341851 0.925616
1548265213.31727 0.239516 -1.89996 1.3432 -0.148516 0.0637363 -0.34537 0.924446
1548265213.35043 0.239018 -1.89665 1.34691 -0.152015 0.0642489 -0.350017 0.922091
1548265213.38348 0.238447 -1.8933 1.35089 -0.153365 0.0638841 -0.352738 0.920855
1548265213.41711 0.238052 -1.88962 1.35493 -0.154728 0.062099 -0.355782 0.919577
1548265213.45054 0.2376 -1.88623 1.3587 -0.156787 0.0618434 -0.357883 0.91843
1548265213.48385 0.237319 -1.88224 1.36274 -0.156739 0.060061 -0.36246 0.91676
1548265213.51717 0.237026 -1.87795 1.36663 -0.158507 0.0585681 -0.362885 0.916384
1548265213.55086 0.236654 -1.87374 1.3705 -0.159275 0.0565864 -0.365953 0.915154
1548265213.58412 0.236378 -1.86881 1.37423 -0.162191 0.0572539 -0.368516 0.913571
1548265213.61741 0.236018 -1.86367 1.37753 -0.165888 0.0575361 -0.370203 0.912206
1548265213.65072 0.235495 -1.85861 1.38092 -0.165834 0.0549743 -0.37466 0.910553
1548265213.68410 0.235339 -1.8531 1.38397 -0.166308 0.0538299 -0.380409 0.908148
1548265213.71716 0.235547 -1.84747 1.3868 -0.167838 0.0543355 -0.382003 0.907167
1548265213.75070 0.235991 -1.84179 1.38941 -0.170143 0.0547274 -0.382018 0.906708
1548265213.78409 0.23653 -1.83628 1.39163 -0.170995 0.0559159 -0.386771 0.904457
1548265213.81729 0.23699 -1.83094 1.39387 -0.170332 0.0552393 -0.389394 0.903498
1548265213.85033 0.237509 -1.82574 1.39632 -0.170701 0.0549531 -0.390625 0.902914
1548265213.88358 0.237782 -1.821 1.3987 -0.172119 0.0566664 -0.392368 0.901782
1548265213.91734 0.238119 -1.81625 1.40092 -0.173446 0.0578788 -0.395755 0.899969
1548265213.95018 0.238458 -1.81154 1.40338 -0.171761 0.0554235 -0.397548 0.899657
1548265213.98368 0.238858 -1.80711 1.40583 -0.173388 0.0556904 -0.396893 0.899617
1548265214.01714 0.23929 -1.80307 1.40826 -0.172237 0.0540174 -0.399483 0.898794
1548265214.05032 0.239629 -1.79978 1.41088 -0.1719 0.0538435 -0.400097 0.898596
1548265214.08358 0.240196 -1.79613 1.4133 -0.171322 0.050421 -0.402057 0.89803
1548265214.11713 0.240736 -1.79302 1.41602 -0.172297 0.0503752 -0.402937 0.897451
1548265214.15045 0.24115 -1.79006 1.41895 -0.172984 0.0489259 -0.402627 0.897538
1548265214.18378 0.241311 -1.78708 1.42171 -0.173796 0.0476958 -0.404381 0.896658
1548265214.21748 0.241563 -1.78436 1.4252 -0.173586 0.0458439 -0.405995 0.896066
1548265214.25077 0.241678 -1.78151 1.42852 -0.176705 0.0457764 -0.405461 0.895702
1548265214.28392 0.241437 -1.77875 1.43216 -0.176296 0.0444068 -0.406803 0.895243
1548265214.31758 0.240983 -1.7756 1.43561 -0.179028 0.0406137 -0.407761 0.894444
1548265214.35072 0.240438 -1.77278 1.43921 -0.17884 0.0380634 -0.409364 0.893862
1548265214.38399 0.239915 -1.76996 1.44264 -0.181017 0.0364045 -0.408776 0.893762
1548265214.41734 0.239251 -1.76756 1.44595 -0.182207 0.0346228 -0.409822 0.893111
1548265214.45066 0.238575 -1.7656 1.44934 -0.183093 0.0342883 -0.412919 0.891515
1548265214.48402 0.238147 -1.76376 1.45299 -0.18419 0.0337169 -0.412966 0.891289
1548265214.51751 0.237979 -1.76162 1.4564 -0.184456 0.0338152 -0.410593 0.892326
1548265214.55074 0.238678 -1.76006 1.46045 -0.189412 0.0309363 -0.406683 0.893182
1548265214.58393 0.238752 -1.75738 1.46339 -0.177729 0.0379518 -0.403637 0.896688
1548265214.61716 0.239006 -1.7578 1.46775 -0.19276 0.0339981 -0.404613 0.893295
1548265214.65061 0.239365 -1.75644 1.47185 -0.191749 0.0313015 -0.405689 0.893123
1548265214.68376 0.239997 -1.75497 1.47594 -0.19814 0.0308401 -0.402556 0.893162
1548265214.71696 0.239544 -1.75466 1.47921 -0.193897 0.0360649 -0.403413 0.893511
1548265214.75045 0.239496 -1.75395 1.48357 -0.196959 0.0317459 -0.402531 0.893403
1548265214.78387 0.238987 -1.754 1.48749 -0.197492 0.0298721 -0.398985 0.894939
1548265214.81703 0.238818 -1.75273 1.49123 -0.199041 0.0268374 -0.398742 0.8948
1548265214.85056 0.237822 -1.75333 1.49466 -0.201229 0.0277887 -0.394395 0.896207
1548265214.88380 0.237143 -1.75203 1.49808 -0.200115 0.0236581 -0.397972 0.894993
1548265214.91735 0.235665 -1.75233 1.50124 -0.200287 0.024869 -0.394715 0.896363
1548265214.95051 0.234287 -1.75261 1.50493 -0.195421 0.0216597 -0.393782 0.89793
1548265214.98376 0.233588 -1.75254 1.50762 -0.201565 0.0241741 -0.39704 0.895068
1548265215.01754 0.232143 -1.7539 1.51072 -0.202595 0.0252331 -0.397135 0.894764
1548265215.05077 0.230562 -1.75514 1.5146 -0.197037 0.0225363 -0.396341 0.896428
1548265215.08404 0.229377 -1.75653 1.51777 -0.198523 0.0219382 -0.398563 0.895128
1548265215.11725 0.228036 -1.75831 1.5216 -0.194723 0.0219823 -0.39828 0.896088
1548265215.15064 0.226855 -1.75869 1.52505 -0.200304 0.0226311 -0.400112 0.894023
1548265215.18399 0.225205 -1.76065 1.52901 -0.202109 0.0246545 -0.399283 0.893934
1548265215.21728 0.224469 -1.76043 1.53374 -0.202504 0.0247469 -0.400534 0.893282
1548265215.25066 0.222932 -1.7607 1.53895 -0.200395 0.0216206 -0.401958 0.893199
1548265215.28382 0.222801 -1.76032 1.54338 -0.210615 0.0249965 -0.402799 0.890376
1548265215.31736 0.222302 -1.75929 1.54872 -0.21263 0.0224888 -0.404907 0.889007
1548265215.35080 0.221599 -1.75903 1.55419 -0.20971 0.0210195 -0.404103 0.890102
1548265215.38399 0.221849 -1.75809 1.55797 -0.220279 0.0255307 -0.407894 0.885691
1548265215.41688 0.221934 -1.75755 1.56259 -0.221978 0.0260685 -0.409885 0.884331
1548265215.45046 0.222229 -1.75763 1.566 -0.227066 0.0306057 -0.410502 0.882606
1548265215.48380 0.222055 -1.75747 1.56999 -0.221891 0.0284919 -0.413593 0.88255
1548265215.51730 0.222439 -1.75715 1.57184 -0.231547 0.0367839 -0.415728 0.878751
1548265215.55030 0.221985 -1.75715 1.57474 -0.225965 0.0324422 -0.420562 0.878075
1548265215.58384 0.221203 -1.75763 1.57604 -0.226707 0.0370868 -0.422537 0.87675
1548265215.61712 0.221115 -1.75692 1.5772 -0.226051 0.0380667 -0.427045 0.874691
1548265215.65054 0.22023 -1.75761 1.57793 -0.222042 0.0399037 -0.426277 0.87601
1548265215.68373 0.220073 -1.75762 1.57829 -0.221724 0.0438792 -0.429896 0.87413
1548265215.71723 0.219322 -1.75766 1.57879 -0.216271 0.0447956 -0.431943 0.87444
1548265215.75046 0.218976 -1.75707 1.5786 -0.21767 0.047384 -0.433773 0.87305
1548265215.78387 0.218408 -1.75655 1.57908 -0.211831 0.0474932 -0.435034 0.873852
1548265215.81754 0.218415 -1.75551 1.57861 -0.216003 0.0503982 -0.43606 0.872155
1548265215.85063 0.217973 -1.75483 1.57923 -0.208599 0.0511543 -0.4395 0.872187
1548265215.88408 0.218443 -1.75335 1.57888 -0.211952 0.0535517 -0.44341 0.86925
1548265215.91744 0.218723 -1.75175 1.57928 -0.207456 0.053007 -0.441719 0.871227
1548265215.95061 0.219692 -1.74942 1.57867 -0.210803 0.0521659 -0.444895 0.868855
1548265215.98407 0.22086 -1.74772 1.57885 -0.204879 0.0533229 -0.44508 0.870106
1548265216.01757 0.222471 -1.74583 1.57804 -0.209427 0.0575505 -0.446666 0.867939
1548265216.05069 0.224147 -1.74367 1.5776 -0.210331 0.0588548 -0.44713 0.867393
1548265216.08392 0.225785 -1.74133 1.57735 -0.206506 0.0589416 -0.446359 0.868703
1548265216.11722 0.227884 -1.73916 1.57649 -0.209845 0.060656 -0.446892 0.86751
1548265216.15066 0.229986 -1.7373 1.57576 -0.211586 0.0651255 -0.44621 0.867114
1548265216.18433 0.231892 -1.73526 1.57516 -0.207678 0.0626753 -0.445954 0.86837
1548265216.21737 0.234337 -1.73416 1.57373 -0.210658 0.0640274 -0.446969 0.867031
1548265216.25043 0.236359 -1.73373 1.57262 -0.208946 0.066393 -0.444983 0.868288
1548265216.28404 0.238348 -1.73306 1.57152 -0.20895 0.0665734 -0.442864 0.869356
1548265216.31721 0.240193 -1.73243 1.57017 -0.208245 0.0680303 -0.444865 0.86839
1548265216.35050 0.242066 -1.73168 1.56888 -0.206573 0.0673117 -0.44488 0.868837
1548265216.38390 0.243871 -1.73091 1.56739 -0.205599 0.0676372 -0.445408 0.868773
1548265216.41716 0.245687 -1.73012 1.56594 -0.206911 0.0680578 -0.444454 0.868917
1548265216.45054 0.247284 -1.72942 1.56476 -0.205283 0.0682206 -0.443355 0.869851
1548265216.48382 0.249258 -1.72862 1.5635 -0.205831 0.0700429 -0.443128 0.869693
1548265216.51740 0.251072 -1.72781 1.56233 -0.206862 0.0713924 -0.443847 0.868971
1548265216.55023 0.252618 -1.72695 1.56135 -0.205071 0.0692799 -0.443828 0.869576
1548265216.58390 0.254059 -1.72609 1.56051 -0.202853 0.0690849 -0.439332 0.87239
1548265216.61723 0.255606 -1.72562 1.55879 -0.204647 0.0712229 -0.441297 0.870806
1548265216.65070 0.256589 -1.72547 1.55716 -0.205109 0.0730007 -0.441629 0.870382
1548265216.68403 0.257139 -1.7253 1.55559 -0.203494 0.0728578 -0.442501 0.87033
1548265216.71728 0.257466 -1.72464 1.55381 -0.201835 0.0705922 -0.443419 0.870436
1548265216.75056 0.257683 -1.72426 1.55219 -0.200552 0.0710778 -0.444623 0.870079
1548265216.78388 0.258229 -1.72344 1.55071 -0.201213 0.07066 -0.442176 0.871206
1548265216.81749 0.258783 -1.723 1.54916 -0.199256 0.0705716 -0.442263 0.871619
1548265216.85064 0.259279 -1.72273 1.54718 -0.197837 0.0702166 -0.444321 0.870925
1548265216.88394 0.259767 -1.72264 1.5454 -0.196199 0.0709286 -0.443146 0.871835
1548265216.91750 0.260237 -1.72238 1.54334 -0.19621 0.0720007 -0.442462 0.872092
1548265216.95083 0.260219 -1.7221 1.54182 -0.19033 0.0714353 -0.442416 0.873464
1548265216.98403 0.260573 -1.72142 1.53943 -0.193947 0.0721856 -0.443501 0.872055
1548265217.01725 0.260552 -1.72124 1.53768 -0.19385 0.0748778 -0.443931 0.871631
1548265217.05055 0.260402 -1.72053 1.53606 -0.193364 0.0739086 -0.445025 0.871264
1548265217.08379 0.259979 -1.71972 1.5352 -0.188371 0.0715943 -0.445353 0.872382
1548265217.11716 0.259953 -1.71913 1.53376 -0.192816 0.0748351 -0.445458 0.871085
1548265217.15056 0.259414 -1.71859 1.53324 -0.190274 0.0748526 -0.444339 0.872213
1548265217.18374 0.258989 -1.71828 1.53202 -0.193267 0.0766588 -0.445441 0.870835
1548265217.21709 0.25843 -1.71782 1.53109 -0.19342 0.076894 -0.445632 0.870683
1548265217.25053 0.257684 -1.71702 1.53026 -0.192442 0.0753523 -0.447262 0.870198
1548265217.28381 0.256722 -1.71623 1.52982 -0.18778 0.0730619 -0.448011 0.871026
1548265217.31722 0.256116 -1.71597 1.52856 -0.193093 0.0745747 -0.447524 0.869986
1548265217.35053 0.255287 -1.71595 1.52744 -0.192486 0.0734648 -0.449578 0.869156
1548265217.38373 0.254625 -1.71579 1.52609 -0.191576 0.0734884 -0.45042 0.868919
1548265217.41747 0.254054 -1.71535 1.52389 -0.191524 0.0703472 -0.451126 0.868824
1548265217.45065 0.253177 -1.71623 1.52156 -0.190028 0.0705355 -0.449383 0.87004
1548265217.48409 0.252586 -1.71751 1.5181 -0.188776 0.0718827 -0.449808 0.869982
1548265217.51738 0.252276 -1.71873 1.51462 -0.184172 0.072005 -0.447631 0.872079
1548265217.55074 0.252258 -1.71928 1.5111 -0.178611 0.0686875 -0.448993 0.872803
1548265217.58404 0.2524 -1.72017 1.50723 -0.179253 0.0723234 -0.446779 0.873514
1548265217.61761 0.252584 -1.72049 1.50354 -0.1763 0.0709547 -0.44798 0.873612
1548265217.65058 0.252715 -1.7206 1.50064 -0.172013 0.0712503 -0.444422 0.876256
1548265217.68414 0.253215 -1.72036 1.49771 -0.169871 0.0698308 -0.446373 0.875796
1548265217.71731 0.253667 -1.72025 1.49473 -0.172219 0.0739742 -0.444429 0.875986
1548265217.75086 0.253919 -1.71989 1.49273 -0.167181 0.0725549 -0.444567 0.87701
1548265217.78388 0.254436 -1.71954 1.49004 -0.167622 0.0724782 -0.445555 0.87643
1548265217.81721 0.254905 -1.71936 1.48766 -0.167648 0.075218 -0.443615 0.877179
1548265217.85003 0.255222 -1.7187 1.48561 -0.163213 0.072928 -0.442433 0.878804
1548265217.88368 0.255751 -1.7182 1.48294 -0.164157 0.0741783 -0.441359 0.879063
1548265217.91717 0.255822 -1.7183 1.48062 -0.158699 0.0739829 -0.440564 0.880479
1548265217.95057 0.255977 -1.71836 1.47784 -0.154381 0.0712325 -0.440357 0.881577
1548265217.98372 0.256203 -1.71864 1.47441 -0.155897 0.073323 -0.439063 0.881784
1548265218.01720 0.256695 -1.71885 1.47106 -0.152779 0.0709655 -0.438213 0.882945
1548265218.05052 0.257435 -1.71905 1.4676 -0.149914 0.0700771 -0.434127 0.885522
1548265218.08384 0.258522 -1.7194 1.46443 -0.145754 0.0705239 -0.433456 0.886509
1548265218.11722 0.259999 -1.71955 1.46088 -0.147325 0.0721219 -0.431298 0.887173
1548265218.15060 0.261392 -1.71881 1.45784 -0.14378 0.0706756 -0.426652 0.890113
1548265218.18357 0.263111 -1.7183 1.45437 -0.146686 0.071753 -0.425414 0.890145
1548265218.21732 0.264995 -1.7174 1.45107 -0.144169 0.071127 -0.422933 0.891787
1548265218.25082 0.266607 -1.71728 1.44746 -0.146118 0.0725908 -0.42 0.892737
1548265218.28409 0.268162 -1.71714 1.44392 -0.144013 0.0715275 -0.416656 0.89473
1548265218.31745 0.26983 -1.71726 1.44041 -0.143609 0.0730692 -0.412868 0.896425
1548265218.35074 0.271107 -1.71756 1.437 -0.143067 0.0748872 -0.410866 0.897281
1548265218.38391 0.272188 -1.71769 1.43389 -0.140414 0.0744567 -0.411171 0.897596
1548265218.41741 0.272888 -1.71814 1.431 -0.139019 0.0745652 -0.408804 0.898885
1548265218.45080 0.27366 -1.71818 1.42817 -0.137885 0.0756622 -0.406866 0.899846
1548265218.48401 0.274304 -1.71781 1.42559 -0.136752 0.0765102 -0.403473 0.901474
1548265218.51748 0.27477 -1.71732 1.42289 -0.135429 0.0733849 -0.405412 0.901063
1548265218.55077 0.275026 -1.71722 1.41987 -0.13564 0.0730069 -0.403977 0.901707
1548265218.58409 0.275543 -1.71698 1.41672 -0.135284 0.0735689 -0.401688 0.902736
1548265218.61723 0.276001 -1.71632 1.41392 -0.133479 0.072425 -0.399462 0.904084
1548265218.65065 0.276405 -1.71619 1.41122 -0.132066 0.0724665 -0.39882 0.904572
1548265218.68383 0.276902 -1.71633 1.40794 -0.130354 0.0720103 -0.397911 0.905257
1548265218.71727 0.277256 -1.71677 1.40454 -0.129689 0.07371 -0.397503 0.905394
1548265218.75063 0.277722 -1.71694 1.40136 -0.126803 0.0726065 -0.396922 0.906147
1548265218.78376 0.278144 -1.71739 1.39841 -0.125301 0.0732059 -0.393492 0.907802
1548265218.81696 0.278398 -1.71768 1.39554 -0.123564 0.0743202 -0.393658 0.907878
1548265218.85030 0.278618 -1.71827 1.3923 -0.122867 0.0745121 -0.391767 0.908774
1548265218.88374 0.278832 -1.71845 1.38914 -0.120905 0.0730389 -0.388532 0.910544
1548265218.91713 0.278676 -1.71878 1.38558 -0.119853 0.0732835 -0.388773 0.91056
1548265218.95051 0.278565 -1.71879 1.38201 -0.117111 0.0705682 -0.386133 0.912253
1548265218.98385 0.278417 -1.71916 1.37788 -0.115707 0.0685641 -0.382572 0.914084
1548265219.01739 0.278161 -1.71958 1.37369 -0.115087 0.0695961 -0.38395 0.913506
1548265219.05065 0.278103 -1.71967 1.37001 -0.11324 0.066095 -0.379407 0.915892
1548265219.08402 0.278232 -1.72016 1.36644 -0.112434 0.0634704 -0.37414 0.91834
1548265219.11739 0.278446 -1.72076 1.36313 -0.112323 0.0632719 -0.374498 0.918222
1548265219.15062 0.278688 -1.72178 1.35998 -0.112392 0.0623719 -0.370637 0.91984
1548265219.18403 0.279384 -1.72211 1.35704 -0.115802 0.0632833 -0.366628 0.920961
1548265219.21753 0.279731 -1.72303 1.35497 -0.115907 0.0620646 -0.364407 0.921912
1548265219.25094 0.279727 -1.72435 1.35331 -0.115325 0.0601907 -0.363344 0.922528
1548265219.28388 0.27954 -1.72625 1.35194 -0.116441 0.06147 -0.363255 0.922339
1548265219.31728 0.279015 -1.7287 1.35132 -0.115226 0.0601468 -0.363848 0.922345
1548265219.35071 0.278737 -1.73043 1.35146 -0.115126 0.0578081 -0.363237 0.922748
1548265219.38410 0.278531 -1.73215 1.35209 -0.118217 0.0565075 -0.362742 0.922632
1548265219.41722 0.278175 -1.73455 1.35247 -0.118723 0.0552247 -0.364317 0.922024
1548265219.45047 0.277735 -1.73765 1.35321 -0.116087 0.0529792 -0.361865 0.923456
1548265219.48373 0.277653 -1.74018 1.35434 -0.117158 0.0516816 -0.360977 0.923742
1548265219.51715 0.277322 -1.74302 1.3561 -0.115418 0.0505953 -0.360334 0.924272
1548265219.55040 0.277243 -1.74523 1.35803 -0.117452 0.0485191 -0.358921 0.924677
1548265219.58384 0.277461 -1.7471 1.36052 -0.119282 0.0493346 -0.355952 0.925546
1548265219.61707 0.2776 -1.74892 1.36307 -0.118671 0.0449635 -0.3563 0.925714
1548265219.65035 0.27812 -1.7507 1.36534 -0.124122 0.0464396 -0.351489 0.926764
1548265219.68380 0.278299 -1.75293 1.36765 -0.123696 0.0433584 -0.352744 0.926494
1548265219.71720 0.278864 -1.75493 1.37013 -0.127445 0.046089 -0.351462 0.926341
1548265219.75073 0.279036 -1.75728 1.37304 -0.126731 0.043693 -0.352436 0.926185
1548265219.78378 0.279733 -1.7591 1.37623 -0.12944 0.0466056 -0.350571 0.926376
1548265219.81751 0.28014 -1.76125 1.37977 -0.128979 0.0456402 -0.352452 0.925775
1548265219.85084 0.280507 -1.76344 1.38367 -0.127071 0.0437124 -0.352989 0.925927
1548265219.88388 0.280618 -1.7654 1.38724 -0.129312 0.0433545 -0.353367 0.925489
1548265219.91759 0.280763 -1.76709 1.39052 -0.131596 0.0462945 -0.353184 0.925095
1548265219.95083 0.280226 -1.76931 1.3942 -0.133079 0.0456044 -0.352679 0.92511
1548265219.98400 0.279556 -1.77124 1.39815 -0.133283 0.0437139 -0.352853 0.925105
1548265220.01748 0.278324 -1.77382 1.40293 -0.131423 0.0416027 -0.356411 0.924104
1548265220.05085 0.277318 -1.77593 1.40747 -0.131639 0.0372872 -0.357495 0.923839
1548265220.08413 0.276906 -1.77683 1.41188 -0.131607 0.0340598 -0.356597 0.924315
1548265220.11749 0.276765 -1.7782 1.4164 -0.13296 0.0322014 -0.355359 0.924665
1548265220.15078 0.276889 -1.77957 1.42073 -0.132949 0.0308178 -0.354075 0.925206
1548265220.18400 0.277639 -1.7805 1.42473 -0.135568 0.028295 -0.350909 0.926112
1548265220.21725 0.278779 -1.78158 1.42847 -0.136921 0.027526 -0.347745 0.927129
1548265220.25044 0.280015 -1.78305 1.43188 -0.138292 0.0276271 -0.345234 0.927861
1548265220.28388 0.281126 -1.78483 1.43539 -0.138083 0.0278046 -0.343637 0.928479
1548265220.31722 0.282389 -1.78688 1.43898 -0.137275 0.0286097 -0.343882 0.928484
1548265220.35033 0.283203 -1.78856 1.44276 -0.136603 0.0296976 -0.341643 0.929375
1548265220.38380 0.283732 -1.79064 1.44684 -0.134799 0.0290708 -0.339908 0.930294
1548265220.41722 0.284459 -1.79178 1.45103 -0.134927 0.0294642 -0.336236 0.931596
1548265220.45049 0.284777 -1.79337 1.45501 -0.135054 0.0291714 -0.335695 0.931782
1548265220.48360 0.285065 -1.79379 1.45932 -0.13499 0.0290051 -0.334166 0.932346
1548265220.51731 0.285219 -1.79421 1.46379 -0.134991 0.0269378 -0.333263 0.932731
1548265220.55060 0.285724 -1.79378 1.46853 -0.138834 0.0273419 -0.3289 0.933703
1548265220.58388 0.285922 -1.79366 1.47331 -0.140595 0.0275898 -0.330233 0.932962
1548265220.61737 0.286605 -1.79227 1.47853 -0.139442 0.0260787 -0.331226 0.932826
1548265220.65060 0.287552 -1.79103 1.48362 -0.141591 0.025684 -0.332217 0.932161
1548265220.68408 0.288421 -1.78992 1.48874 -0.144835 0.0284543 -0.331603 0.931801
1548265220.71726 0.289329 -1.78884 1.49369 -0.145251 0.0311189 -0.334604 0.930577
1548265220.75083 0.290319 -1.78784 1.49867 -0.144295 0.0309674 -0.336232 0.930144
1548265220.78409 0.290969 -1.78682 1.50355 -0.146737 0.0315537 -0.335176 0.930123
1548265220.81735 0.291552 -1.78481 1.50851 -0.149064 0.0339651 -0.335001 0.929732
1548265220.85076 0.291749 -1.78289 1.51297 -0.149036 0.031803 -0.333222 0.930452
1548265220.88409 0.292147 -1.78079 1.51705 -0.150018 0.0309333 -0.332426 0.930608
1548265220.91756 0.292768 -1.77859 1.52068 -0.150444 0.0301734 -0.331616 0.930853
1548265220.95089 0.293139 -1.77642 1.52376 -0.147193 0.0276534 -0.333287 0.930854
1548265220.98418 0.294106 -1.77463 1.52573 -0.150334 0.0293371 -0.33584 0.929382
1548265221.01710 0.295299 -1.77245 1.52776 -0.148911 0.0286419 -0.333254 0.930563
1548265221.05039 0.296646 -1.7709 1.5294 -0.151453 0.0311321 -0.33007 0.931207
1548265221.08370 0.297955 -1.7694 1.53085 -0.150927 0.0320798 -0.331789 0.93065
1548265221.11734 0.299275 -1.76846 1.53212 -0.148802 0.0319762 -0.332989 0.930566
1548265221.15049 0.300376 -1.76633 1.53332 -0.149162 0.0328481 -0.330083 0.931513
1548265221.18383 0.300947 -1.76399 1.53413 -0.148921 0.0318312 -0.329108 0.931932
1548265221.21724 0.301218 -1.76126 1.53455 -0.150407 0.031956 -0.331777 0.930742
1548265221.25064 0.301135 -1.75831 1.53474 -0.149865 0.0318228 -0.334777 0.929759
1548265221.28385 0.300976 -1.75541 1.53437 -0.152527 0.0315892 -0.334578 0.929406
1548265221.31683 0.300826 -1.75156 1.53385 -0.151587 0.0281603 -0.334383 0.92974
1548265221.35009 0.300683 -1.74947 1.53276 -0.152829 0.0281882 -0.334853 0.929367
1548265221.38382 0.300829 -1.74664 1.53135 -0.151908 0.0269586 -0.337647 0.928543
1548265221.41745 0.301185 -1.74474 1.52987 -0.154568 0.0295772 -0.3348 0.929055
1548265221.45082 0.30139 -1.74312 1.52802 -0.154974 0.0305507 -0.33348 0.929431
1548265221.48394 0.301423 -1.74163 1.52579 -0.151683 0.0287657 -0.336774 0.928842
1548265221.51738 0.301314 -1.74066 1.52345 -0.151651 0.0304918 -0.33567 0.929192
1548265221.55074 0.30097 -1.7398 1.52072 -0.150269 0.0307804 -0.333089 0.930335
1548265221.58409 0.300783 -1.73911 1.51779 -0.148404 0.0306086 -0.334257 0.930221
1548265221.61741 0.300541 -1.73841 1.51466 -0.144929 0.0304525 -0.3346 0.930651
1548265221.65079 0.300269 -1.73631 1.51103 -0.150549 0.0388582 -0.342573 0.926536
1548265221.68405 0.300406 -1.7361 1.50718 -0.140738 0.0279271 -0.335549 0.931032
1548265221.71761 0.300441 -1.73557 1.50336 -0.141559 0.0313059 -0.336066 0.930613
1548265221.75078 0.30076 -1.73475 1.49965 -0.138138 0.0311916 -0.337914 0.930462
1548265221.78411 0.300796 -1.73455 1.49607 -0.134534 0.0313769 -0.334974 0.932045
1548265221.81731 0.301511 -1.73338 1.49204 -0.136024 0.0334027 -0.334693 0.93186
1548265221.85038 0.302115 -1.73295 1.48827 -0.131415 0.0339366 -0.337753 0.931398
1548265221.88369 0.302802 -1.73202 1.48454 -0.131852 0.0368616 -0.334943 0.932239
1548265221.91732 0.303137 -1.73058 1.48064 -0.128042 0.0362542 -0.337657 0.931815
1548265221.95040 0.303266 -1.72901 1.47653 -0.130777 0.0381192 -0.33575 0.93205
1548265221.98387 0.303011 -1.72694 1.47215 -0.128277 0.0359591 -0.33471 0.932856
1548265222.01717 0.302949 -1.72506 1.46709 -0.131101 0.0361682 -0.331806 0.933493
1548265222.05054 0.302248 -1.7236 1.46205 -0.127232 0.0355121 -0.337309 0.93208
1548265222.08387 0.301735 -1.7225 1.45641 -0.130991 0.0360571 -0.333829 0.932791
1548265222.11687 0.301548 -1.72006 1.45089 -0.130016 0.036516 -0.332645 0.933333
1548265222.15052 0.301412 -1.71878 1.44542 -0.131179 0.0337469 -0.335844 0.932128
1548265222.18386 0.301657 -1.71733 1.43984 -0.13187 0.0325849 -0.33284 0.933149
1548265222.21753 0.301608 -1.71607 1.43443 -0.134005 0.0321361 -0.32951 0.934041
1548265222.25069 0.301153 -1.71551 1.42918 -0.132512 0.0323277 -0.333232 0.932927
1548265222.28397 0.30072 -1.71553 1.42396 -0.132536 0.0339114 -0.333784 0.932669
1548265222.31727 0.300455 -1.71623 1.41863 -0.131422 0.0348186 -0.332793 0.933148
1548265222.35073 0.300065 -1.71709 1.41339 -0.129926 0.0362228 -0.33305 0.933212
1548265222.38406 0.299547 -1.71764 1.40841 -0.12772 0.0366303 -0.333779 0.93324
1548265222.41743 0.299075 -1.71813 1.40377 -0.125564 0.0343672 -0.329582 0.935109
1548265222.45076 0.298724 -1.7182 1.399 -0.12521 0.0364756 -0.331985 0.934226
1548265222.48392 0.298265 -1.71876 1.39406 -0.124581 0.0377696 -0.332976 0.933906
1548265222.51754 0.297787 -1.71917 1.38949 -0.123276 0.0371119 -0.330817 0.934872
1548265222.55063 0.29722 -1.71969 1.38513 -0.119047 0.033477 -0.329751 0.935934
1548265222.58404 0.296406 -1.72015 1.38053 -0.118159 0.0324111 -0.334032 0.934564
1548265222.61727 0.29569 -1.7203 1.37668 -0.116205 0.0309193 -0.334866 0.934561
1548265222.65030 0.295307 -1.71988 1.37238 -0.11982 0.0296481 -0.332503 0.93499
1548265222.68372 0.294584 -1.71998 1.36858 -0.11693 0.029071 -0.335915 0.934154
1548265222.71684 0.294178 -1.71996 1.365 -0.117982 0.0295905 -0.334689 0.934445
1548265222.75073 0.294028 -1.71997 1.36123 -0.118882 0.0287193 -0.331779 0.935396
1548265222.78383 0.293996 -1.71994 1.3573 -0.119878 0.0281432 -0.332382 0.935072
1548265222.81714 0.294032 -1.72008 1.35279 -0.121308 0.0284869 -0.330903 0.935402
1548265222.85042 0.294457 -1.71965 1.34786 -0.124432 0.030754 -0.330662 0.935005
1548265222.88378 0.294812 -1.71976 1.34235 -0.121512 0.0299898 -0.332486 0.934767
1548265222.91731 0.29531 -1.72012 1.33596 -0.121777 0.0320526 -0.332005 0.934835
1548265222.95038 0.2959 -1.71926 1.3299 -0.123692 0.0340771 -0.330349 0.935098
1548265222.98383 0.296214 -1.71933 1.32446 -0.119558 0.0333624 -0.330385 0.935649
1548265223.01739 0.296718 -1.71923 1.31803 -0.122624 0.0368611 -0.332611 0.934331
1548265223.05078 0.297097 -1.71912 1.31135 -0.123631 0.0399468 -0.331446 0.934485
1548265223.08408 0.296972 -1.71954 1.30564 -0.11898 0.036883 -0.332503 0.93484
1548265223.11746 0.296599 -1.71942 1.29919 -0.119228 0.0384189 -0.330132 0.935586
1548265223.15078 0.295897 -1.72068 1.29326 -0.115176 0.0381661 -0.333677 0.934846
1548265223.18398 0.295078 -1.72135 1.28717 -0.113334 0.040031 -0.332262 0.935497
1548265223.21748 0.293748 -1.72193 1.28171 -0.10966 0.0372318 -0.336237 0.93463
1548265223.25048 0.292161 -1.7224 1.27668 -0.108311 0.0379129 -0.336789 0.934561
1548265223.28398 0.290487 -1.72219 1.27228 -0.104877 0.0348229 -0.339329 0.934154
1548265223.31730 0.288447 -1.72217 1.26827 -0.103695 0.0336918 -0.340333 0.933963
1548265223.35071 0.286854 -1.72225 1.26487 -0.104985 0.0310458 -0.343108 0.932894
1548265223.38395 0.285648 -1.72205 1.26204 -0.102735 0.0314138 -0.345358 0.932302
1548265223.41712 0.285376 -1.72111 1.26021 -0.105841 0.0330131 -0.348493 0.930731
1548265223.45035 0.285345 -1.71909 1.25929 -0.107384 0.0333543 -0.35165 0.929354
1548265223.48358 0.286243 -1.71671 1.26023 -0.112798 0.0360096 -0.355535 0.927132
1548265223.51719 0.287674 -1.71369 1.26324 -0.119184 0.0384475 -0.359308 0.924778
1548265223.55064 0.289901 -1.71031 1.26695 -0.126837 0.0425888 -0.363917 0.921772
1548265223.58358 0.292476 -1.70577 1.2715 -0.135014 0.0456559 -0.365278 0.919923
1548265223.61682 0.294757 -1.70129 1.27679 -0.144956 0.0491457 -0.366967 0.917555
1548265223.65065 0.296866 -1.69749 1.28305 -0.151778 0.0530912 -0.374363 0.913235
1548265223.68386 0.298752 -1.69444 1.28914 -0.159833 0.0579523 -0.378455 0.909872
1548265223.71730 0.299875 -1.69128 1.29562 -0.164436 0.0589104 -0.381654 0.907651
1548265223.75065 0.300757 -1.68872 1.30223 -0.168991 0.0623852 -0.384673 0.905305
1548265223.78368 0.301067 -1.68713 1.30924 -0.169913 0.0611257 -0.385129 0.905024
1548265223.81754 0.300946 -1.68529 1.3156 -0.172848 0.0621949 -0.384218 0.904783
1548265223.85074 0.300278 -1.68428 1.32195 -0.172692 0.0611254 -0.389734 0.902523
1548265223.88394 0.299476 -1.68356 1.32785 -0.174291 0.0626433 -0.393767 0.900359
1548265223.91731 0.298133 -1.68275 1.33372 -0.175066 0.0626513 -0.398881 0.897954
1548265223.95054 0.296751 -1.68225 1.33956 -0.175568 0.0629351 -0.407631 0.893897
1548265223.98409 0.296017 -1.68101 1.34519 -0.177376 0.0639218 -0.411249 0.891811
1548265224.01737 0.295329 -1.68009 1.35098 -0.178606 0.064348 -0.413655 0.890421
1548265224.05083 0.295135 -1.67965 1.35688 -0.180285 0.0660707 -0.417846 0.887996
1548265224.08405 0.295253 -1.67908 1.36278 -0.181642 0.0669097 -0.418266 0.887459
1548265224.11735 0.295754 -1.6787 1.36873 -0.182889 0.0685688 -0.418051 0.887177
1548265224.15078 0.29675 -1.67831 1.37438 -0.185653 0.0711885 -0.42059 0.885194
1548265224.18398 0.297507 -1.67779 1.38015 -0.185378 0.0716864 -0.419418 0.885768
1548265224.21736 0.298207 -1.67674 1.38577 -0.188256 0.0716766 -0.41806 0.885804
1548265224.25045 0.298723 -1.67614 1.39122 -0.190721 0.0723808 -0.42073 0.883953
1548265224.28378 0.299491 -1.67549 1.3962 -0.192613 0.0762294 -0.422453 0.882396
1548265224.31716 0.299643 -1.67475 1.40118 -0.194044 0.0757191 -0.426763 0.88005
1548265224.35054 0.299585 -1.6739 1.406 -0.19635 0.0768566 -0.430066 0.877829
1548265224.38380 0.299452 -1.67325 1.41068 -0.19728 0.0774107 -0.438079 0.873599
1548265224.41733 0.299361 -1.67253 1.41523 -0.199278 0.0801219 -0.441839 0.871003
1548265224.45060 0.298918 -1.67177 1.41977 -0.200983 0.079788 -0.444684 0.869193
1548265224.48401 0.298549 -1.67087 1.42416 -0.203178 0.080506 -0.449035 0.866375
1548265224.51736 0.297799 -1.67032 1.42892 -0.204411 0.0800105 -0.452043 0.864564
1548265224.55051 0.296846 -1.66954 1.43328 -0.206365 0.0810393 -0.454163 0.862892
1548265224.58398 0.295962 -1.66847 1.43778 -0.207132 0.0795467 -0.454934 0.862441
1548265224.61730 0.294996 -1.66781 1.44207 -0.207752 0.0789919 -0.453265 0.863221
1548265224.65065 0.29389 -1.66736 1.44596 -0.208163 0.0765806 -0.454649 0.862611
1548265224.68404 0.292806 -1.66738 1.44972 -0.209149 0.076406 -0.455314 0.862037
1548265224.71755 0.291795 -1.66755 1.45367 -0.206276 0.0737782 -0.454028 0.863635
1548265224.75100 0.290994 -1.66728 1.45732 -0.208033 0.0756241 -0.452347 0.863936
1548265224.78405 0.290209 -1.66723 1.46099 -0.208123 0.0751863 -0.453669 0.863259
1548265224.81760 0.289843 -1.66703 1.46452 -0.209154 0.0764185 -0.454888 0.86226
1548265224.85061 0.289053 -1.66648 1.46867 -0.207448 0.0769397 -0.454711 0.862719
1548265224.88405 0.289143 -1.66541 1.47237 -0.211752 0.076386 -0.455432 0.861341
1548265224.91722 0.289152 -1.66512 1.47697 -0.212473 0.0776649 -0.456382 0.860546
1548265224.95083 0.289143 -1.66487 1.48167 -0.214889 0.0786917 -0.45692 0.859566
1548265224.98425 0.288785 -1.66512 1.48719 -0.215289 0.0819207 -0.456289 0.8595
1548265225.01706 0.2886 -1.66493 1.49285 -0.217784 0.0853199 -0.456924 0.858202
1548265225.05056 0.288384 -1.66493 1.49935 -0.218344 0.0895372 -0.456665 0.857768
1548265225.08386 0.288493 -1.66499 1.50582 -0.220217 0.0916194 -0.45709 0.856842
1548265225.11722 0.28868 -1.66478 1.51295 -0.220997 0.093777 -0.45407 0.858013
1548265225.15070 0.288579 -1.66431 1.52046 -0.224731 0.0916984 -0.455846 0.856324
1548265225.18382 0.288407 -1.66371 1.52809 -0.225987 0.0925979 -0.452117 0.857873
1548265225.21708 0.28848 -1.66282 1.53507 -0.230983 0.0930157 -0.450932 0.857121
1548265225.25052 0.28787 -1.66147 1.54177 -0.238551 0.0904191 -0.448263 0.856725
1548265225.28383 0.287279 -1.66027 1.5487 -0.241401 0.0874428 -0.444748 0.858067
1548265225.31725 0.286143 -1.66035 1.5553 -0.243092 0.0850833 -0.442712 0.858879
1548265225.35061 0.285001 -1.66041 1.56144 -0.243929 0.0822186 -0.438426 0.861117
1548265225.38386 0.283486 -1.66082 1.56734 -0.241959 0.0776945 -0.433747 0.864455
1548265225.41764 0.281811 -1.66166 1.57293 -0.240675 0.0740179 -0.430918 0.866549
1548265225.45087 0.279945 -1.66225 1.57852 -0.240403 0.0712817 -0.427327 0.868629
1548265225.48402 0.27854 -1.66281 1.58345 -0.24012 0.068668 -0.422047 0.871495
1548265225.51747 0.277465 -1.66318 1.58854 -0.242252 0.0590715 -0.413394 0.875745
1548265225.55042 0.276469 -1.66412 1.59017 -0.23091 0.0778083 -0.406066 0.880759
1548265225.58409 0.275638 -1.66435 1.59583 -0.238438 0.0593787 -0.409903 0.878409
1548265225.61754 0.275784 -1.66466 1.59846 -0.242597 0.0628537 -0.407523 0.878135
1548265225.65100 0.276349 -1.66424 1.60179 -0.242797 0.060723 -0.402643 0.880478
1548265225.68408 0.277086 -1.6643 1.60449 -0.245086 0.0607206 -0.395157 0.883231
1548265225.71761 0.278012 -1.66387 1.60748 -0.24457 0.0585581 -0.390235 0.885705
1548265225.75048 0.278884 -1.66409 1.60924 -0.246671 0.0610549 -0.386644 0.886528
1548265225.78411 0.279975 -1.66405 1.61138 -0.242811 0.0551573 -0.374578 0.893136
1548265225.81718 0.281034 -1.66416 1.61232 -0.24329 0.055482 -0.362395 0.897999
1548265225.85046 0.281892 -1.6651 1.61293 -0.241823 0.0551883 -0.353891 0.901797
1548265225.88368 0.282442 -1.6663 1.61328 -0.235506 0.0476685 -0.339292 0.909476
1548265225.91731 0.283257 -1.66766 1.61273 -0.228664 0.0444352 -0.329645 0.914917
1548265225.95062 0.283534 -1.66917 1.61171 -0.224416 0.0409565 -0.324793 0.917861
1548265225.98380 0.283821 -1.66952 1.61011 -0.222491 0.0382896 -0.31171 0.922967
1548265226.01732 0.283632 -1.66985 1.60781 -0.224693 0.036281 -0.300126 0.926348
1548265226.05059 0.284148 -1.67066 1.60583 -0.220174 0.0343684 -0.296394 0.928705
1548265226.08377 0.284479 -1.67109 1.60347 -0.217819 0.0303516 -0.28602 0.932645
1548265226.11726 0.28498 -1.6717 1.60098 -0.217424 0.0305728 -0.282589 0.933775
1548265226.15054 0.285387 -1.67246 1.59858 -0.21457 0.0288981 -0.27754 0.936
1548265226.18374 0.285673 -1.67307 1.59596 -0.212446 0.0261547 -0.270247 0.938696
1548265226.21755 0.286045 -1.67382 1.59329 -0.210839 0.0256629 -0.267736 0.93979
1548265226.25076 0.286652 -1.67444 1.59049 -0.205352 0.0238301 -0.266843 0.941306
1548265226.28400 0.287449 -1.67448 1.58762 -0.204994 0.0237865 -0.260946 0.943037
1548265226.31750 0.28839 -1.6748 1.58484 -0.203534 0.0247584 -0.257025 0.944404
1548265226.35095 0.289187 -1.67536 1.58176 -0.20373 0.0250363 -0.254469 0.945047
1548265226.38415 0.290504 -1.6751 1.57882 -0.201518 0.0258062 -0.252074 0.946141
1548265226.41748 0.290875 -1.67565 1.57547 -0.198876 0.0235618 -0.254706 0.946054
1548265226.45094 0.292096 -1.67489 1.5725 -0.201096 0.0270647 -0.252542 0.946071
1548265226.48409 0.292681 -1.67524 1.56916 -0.196259 0.0252788 -0.254824 0.946524
1548265226.51739 0.293182 -1.6744 1.56592 -0.19758 0.030233 -0.249743 0.947458
1548265226.55077 0.292941 -1.67439 1.56259 -0.194484 0.0288248 -0.249314 0.948255
1548265226.58406 0.293072 -1.67449 1.55933 -0.193607 0.0318448 -0.249038 0.948411
1548265226.61728 0.29289 -1.67477 1.55569 -0.190216 0.0311177 -0.248445 0.949276
1548265226.65061 0.291846 -1.67599 1.55204 -0.185439 0.0288585 -0.24407 0.951425
1548265226.68393 0.29155 -1.67619 1.54813 -0.182378 0.0275607 -0.244352 0.951982
1548265226.71716 0.291202 -1.67718 1.54365 -0.180745 0.0292032 -0.244454 0.952219
1548265226.75068 0.290664 -1.67847 1.53906 -0.175209 0.0262262 -0.239758 0.954531
1548265226.78389 0.290358 -1.67899 1.53379 -0.168487 0.0307124 -0.231695 0.957594
1548265226.81690 0.289756 -1.67991 1.52984 -0.170655 0.0238898 -0.233119 0.957059
1548265226.85076 0.289436 -1.68076 1.52544 -0.16626 0.0212957 -0.23084 0.958445
1548265226.88370 0.289461 -1.68105 1.52086 -0.165711 0.0192769 -0.226965 0.959508
1548265226.91737 0.289505 -1.68127 1.51704 -0.164231 0.0194906 -0.225953 0.959997
1548265226.95059 0.289788 -1.68127 1.51338 -0.161887 0.0176889 -0.225464 0.960544
1548265226.98401 0.290097 -1.68158 1.51001 -0.159924 0.0165316 -0.221544 0.961805
1548265227.01753 0.290259 -1.68183 1.50711 -0.156225 0.0127908 -0.220814 0.962638
1548265227.05058 0.290848 -1.68141 1.50374 -0.159672 0.0162456 -0.216495 0.963001
1548265227.08421 0.291445 -1.6815 1.5007 -0.158937 0.0159231 -0.21381 0.963728
1548265227.11730 0.291903 -1.68176 1.49807 -0.15386 0.0115687 -0.213265 0.964734
1548265227.15091 0.292193 -1.68238 1.49496 -0.158257 0.0117764 -0.212244 0.964245
1548265227.18410 0.292507 -1.68272 1.49149 -0.154561 0.0147763 -0.212411 0.964766
1548265227.21742 0.292784 -1.68313 1.4881 -0.154995 0.0161338 -0.209671 0.965274
1548265227.25071 0.292968 -1.68349 1.48494 -0.150564 0.0159249 -0.209718 0.965969
1548265227.28414 0.292935 -1.68395 1.48094 -0.152732 0.0173906 -0.208257 0.965919
1548265227.31752 0.292949 -1.68424 1.47672 -0.148968 0.0144858 -0.205886 0.967062
1548265227.35054 0.292532 -1.68524 1.47228 -0.147464 0.0166846 -0.206874 0.967047
1548265227.38401 0.292233 -1.68599 1.46761 -0.146385 0.0163076 -0.210061 0.96653
1548265227.41727 0.291917 -1.68677 1.46306 -0.143886 0.0157871 -0.209737 0.966984
1548265227.45060 0.291391 -1.68754 1.45775 -0.144294 0.0177755 -0.210913 0.966633
1548265227.48378 0.290615 -1.68885 1.45298 -0.140617 0.0164501 -0.212119 0.966934
1548265227.51710 0.290119 -1.68948 1.44733 -0.142428 0.0182463 -0.211406 0.966793
1548265227.55065 0.288968 -1.6905 1.44243 -0.140847 0.0170138 -0.214418 0.966384
1548265227.58386 0.287588 -1.69141 1.43762 -0.13643 0.0163626 -0.216522 0.96656
1548265227.61714 0.28631 -1.69235 1.4325 -0.140867 0.0164857 -0.215731 0.966098
1548265227.65043 0.285016 -1.6935 1.42768 -0.139025 0.0171473 -0.221254 0.965104
1548265227.68370 0.283903 -1.69475 1.42342 -0.136623 0.0170248 -0.222823 0.965088
1548265227.71714 0.282962 -1.69547 1.41919 -0.138615 0.0192651 -0.222982 0.964725
1548265227.75069 0.282074 -1.69618 1.41516 -0.13497 0.0188889 -0.227128 0.964282
1548265227.78385 0.281131 -1.69657 1.4112 -0.137361 0.020654 -0.227593 0.963798
1548265227.81742 0.280165 -1.69665 1.40731 -0.134143 0.0203084 -0.229838 0.963726
1548265227.85058 0.279139 -1.69668 1.40347 -0.13647 0.0205831 -0.232388 0.962781
1548265227.88416 0.278059 -1.69646 1.39997 -0.138569 0.0219852 -0.232967 0.96231
1548265227.91749 0.276712 -1.6962 1.3967 -0.137459 0.0201572 -0.234885 0.962044
1548265227.95067 0.275455 -1.69614 1.39307 -0.138188 0.0203741 -0.238632 0.961012
1548265227.98421 0.274494 -1.69566 1.3893 -0.140373 0.021049 -0.240523 0.960209
1548265228.01760 0.273743 -1.69492 1.38583 -0.144304 0.0204605 -0.239096 0.959995
1548265228.05088 0.272867 -1.69432 1.38246 -0.145788 0.0201358 -0.241953 0.959062
1548265228.08396 0.271861 -1.69307 1.37909 -0.149296 0.0203599 -0.240823 0.958802
1548265228.11731 0.271114 -1.6923 1.37608 -0.152115 0.0200606 -0.242387 0.95797
1548265228.15087 0.270614 -1.69219 1.37292 -0.152762 0.017666 -0.245568 0.957104
1548265228.18397 0.270313 -1.69168 1.36917 -0.155831 0.017429 -0.246252 0.956438
1548265228.21724 0.270834 -1.69038 1.36461 -0.163424 0.0206744 -0.249778 0.954189
1548265228.25064 0.271198 -1.69109 1.36044 -0.162182 0.0187673 -0.252632 0.953689
1548265228.28386 0.272689 -1.69035 1.35531 -0.168824 0.0231437 -0.254324 0.951989
1548265228.31777 0.274237 -1.68987 1.35086 -0.17371 0.0243477 -0.252978 0.951438
1548265228.35078 0.275938 -1.68967 1.34626 -0.176469 0.0246086 -0.255362 0.950286
1548265228.38413 0.278102 -1.68907 1.34194 -0.181958 0.0288605 -0.254395 0.94939
1548265228.41720 0.280214 -1.68847 1.33817 -0.185301 0.0307732 -0.254013 0.948786
1548265228.45067 0.282011 -1.68843 1.33469 -0.187092 0.0303182 -0.252344 0.948894
1548265228.48389 0.283343 -1.68852 1.33136 -0.187646 0.031799 -0.254346 0.948201
1548265228.51741 0.284293 -1.68927 1.32805 -0.188065 0.0325582 -0.254512 0.948048
1548265228.55058 0.284494 -1.69033 1.3248 -0.185457 0.0324592 -0.256663 0.947985
1548265228.58368 0.284179 -1.69226 1.32142 -0.182989 0.0334086 -0.258307 0.947985
1548265228.61739 0.283448 -1.69417 1.31781 -0.181154 0.0329129 -0.257971 0.948447
1548265228.65097 0.282556 -1.69588 1.31438 -0.175661 0.031858 -0.259362 0.949136
1548265228.68392 0.281734 -1.69821 1.31091 -0.171345 0.0318492 -0.261476 0.949346
1548265228.71756 0.28024 -1.69849 1.3074 -0.171266 0.0295265 -0.262426 0.949173
1548265228.75081 0.279116 -1.69941 1.30409 -0.170534 0.0270811 -0.26298 0.949224
1548265228.81761 0.277102 -1.69956 1.29818 -0.166398 0.0238009 -0.265302 0.9494
1548265228.85098 0.276559 -1.69957 1.29556 -0.166216 0.0218628 -0.26571 0.949364
1548265228.88401 0.276562 -1.69923 1.29318 -0.163853 0.0229467 -0.264939 0.949965
1548265228.91759 0.277101 -1.69953 1.29124 -0.163576 0.0216131 -0.264763 0.950093
1548265228.95069 0.278278 -1.69955 1.28978 -0.162769 0.0247742 -0.263672 0.950458
1548265228.98391 0.279662 -1.6998 1.28885 -0.161563 0.0259378 -0.2636 0.950652
1548265229.01735 0.281186 -1.69936 1.28849 -0.161382 0.0277099 -0.261633 0.951176
1548265229.05057 0.282587 -1.69852 1.28858 -0.161693 0.0310745 -0.260197 0.951413
1548265229.08375 0.283443 -1.69755 1.28847 -0.164819 0.0321515 -0.260763 0.950686
1548265229.11716 0.28417 -1.69671 1.28888 -0.16638 0.0323208 -0.259169 0.950844
1548265229.15049 0.284431 -1.69557 1.28947 -0.166874 0.0320364 -0.260287 0.950462
1548265229.18366 0.284264 -1.695 1.29041 -0.165271 0.0300097 -0.261719 0.950415
1548265229.21707 0.284136 -1.69401 1.29124 -0.167243 0.0294212 -0.26206 0.949994
1548265229.25069 0.284432 -1.69393 1.29222 -0.170077 0.0311193 -0.262474 0.949322
1548265229.28377 0.283756 -1.69352 1.29348 -0.170389 0.0293939 -0.262487 0.949318
1548265229.31724 0.283482 -1.69347 1.2941 -0.175325 0.0298598 -0.264906 0.947731
1548265229.35061 0.282961 -1.69336 1.29525 -0.174912 0.0302579 -0.265168 0.947722
1548265229.38382 0.282273 -1.69334 1.29581 -0.176023 0.0292454 -0.267159 0.946988
1548265229.41743 0.281309 -1.69349 1.29647 -0.174387 0.0270574 -0.26937 0.94673
1548265229.45055 0.280594 -1.69331 1.29658 -0.17394 0.0262341 -0.271714 0.946165
1548265229.48412 0.280249 -1.69322 1.29639 -0.174396 0.0260167 -0.271493 0.94615
1548265229.51748 0.279978 -1.69296 1.296 -0.172841 0.0252757 -0.273175 0.945972
1548265229.55091 0.279948 -1.69287 1.29562 -0.172229 0.026124 -0.27491 0.945558
1548265229.58407 0.280474 -1.69282 1.29514 -0.171459 0.0282876 -0.272241 0.946407
1548265229.61718 0.281082 -1.69333 1.29476 -0.171673 0.0309082 -0.271277 0.946563
1548265229.65077 0.281415 -1.69374 1.29446 -0.16972 0.0318973 -0.272984 0.946392
1548265229.68420 0.281712 -1.69418 1.29433 -0.16866 0.0321653 -0.271965 0.946865
1548265229.71766 0.281737 -1.6947 1.29427 -0.168027 0.03231 -0.271271 0.947172
1548265229.75090 0.281255 -1.69523 1.2943 -0.167691 0.032568 -0.273314 0.946635
1548265229.78401 0.280772 -1.69551 1.29446 -0.167268 0.0315959 -0.273071 0.946813
1548265229.81737 0.280394 -1.69566 1.29469 -0.168905 0.0323194 -0.273452 0.946388
1548265229.85050 0.279892 -1.69539 1.29491 -0.168145 0.030366 -0.275943 0.945865
1548265229.88355 0.279729 -1.69504 1.29545 -0.170017 0.0297494 -0.27377 0.946181
1548265229.91731 0.279665 -1.69487 1.29595 -0.171766 0.0281069 -0.275267 0.945481
1548265229.95060 0.279737 -1.69492 1.29644 -0.173123 0.0278702 -0.275388 0.945205
1548265229.98379 0.279862 -1.69487 1.29696 -0.172776 0.0285746 -0.273999 0.945651
1548265230.01721 0.280016 -1.69505 1.2973 -0.174237 0.0295298 -0.273459 0.94551
1548265230.05058 0.279929 -1.69504 1.29747 -0.173869 0.0287796 -0.274058 0.945428
1548265230.08390 0.279792 -1.69493 1.29757 -0.174511 0.028783 -0.273176 0.945565
1548265230.11734 0.279469 -1.69488 1.29765 -0.175009 0.0289429 -0.272987 0.945522
1548265230.15046 0.278923 -1.69491 1.29751 -0.17403 0.0282372 -0.27337 0.945614
1548265230.18398 0.278448 -1.69501 1.29729 -0.174156 0.0281694 -0.272298 0.945902
1548265230.21711 0.277889 -1.6949 1.29691 -0.172378 0.0272587 -0.274156 0.945718
1548265230.25089 0.277439 -1.69496 1.29643 -0.171101 0.0264577 -0.27442 0.945895
1548265230.28391 0.277111 -1.69531 1.29576 -0.171478 0.0253512 -0.274594 0.945807
1548265230.31766 0.277019 -1.69562 1.29526 -0.171897 0.0265402 -0.27227 0.94637
1548265230.35075 0.276757 -1.69578 1.29486 -0.16902 0.026176 -0.273225 0.946623
1548265230.38411 0.276632 -1.69629 1.2946 -0.168289 0.0274644 -0.27227 0.946992
1548265230.41743 0.276467 -1.69643 1.29432 -0.168949 0.029854 -0.272259 0.946805
1548265230.45087 0.276006 -1.69641 1.2946 -0.165681 0.0301292 -0.271606 0.947561
1548265230.48386 0.275297 -1.69664 1.29443 -0.165901 0.0295352 -0.272869 0.947178
1548265230.51767 0.274426 -1.69638 1.29441 -0.166499 0.0305185 -0.274558 0.946554
1548265230.55074 0.273402 -1.69598 1.29458 -0.16748 0.0299853 -0.276694 0.945776
1548265230.58395 0.272432 -1.69549 1.29507 -0.167646 0.0306855 -0.276323 0.945832
1548265230.61725 0.271391 -1.69523 1.29554 -0.169194 0.031527 -0.276095 0.945596
1548265230.65071 0.270244 -1.69491 1.29585 -0.170186 0.0301564 -0.278641 0.944715
1548265230.68392 0.26895 -1.69541 1.29667 -0.169475 0.0287158 -0.280055 0.94447
1548265230.71744 0.267916 -1.69563 1.29733 -0.169612 0.0302355 -0.280073 0.944392
