# ground truth trajectory
# timestamp tx ty tz qx qy qz qw
1548266187.16307 0.127122 -1.71587 1.43522 -0.0289297 -0.0802945 0.393063 0.915542
1548266187.19649 0.126346 -1.71501 1.43148 -0.0287276 -0.0794545 0.390797 0.916591
1548266187.22968 0.125823 -1.71412 1.427 -0.029451 -0.077175 0.388537 0.917723
1548266187.26302 0.125477 -1.71373 1.42216 -0.029533 -0.0763518 0.3837 0.919822
1548266187.29605 0.124616 -1.71298 1.41667 -0.0304164 -0.0761865 0.380149 0.92128
1548266187.32963 0.1236 -1.71252 1.41136 -0.0305089 -0.076895 0.381012 0.920862
1548266187.36289 0.122854 -1.71265 1.40614 -0.0298471 -0.0764325 0.37575 0.923081
1548266187.39607 0.122201 -1.71301 1.40096 -0.0306443 -0.074065 0.368474 0.926176
1548266187.42963 0.121158 -1.71367 1.39602 -0.0323166 -0.0732576 0.35931 0.929777
1548266187.46242 0.11998 -1.7151 1.39104 -0.0316798 -0.0742639 0.35642 0.930831
1548266187.49614 0.118618 -1.71692 1.38574 -0.0314569 -0.0748104 0.353151 0.93204
1548266187.52930 0.117324 -1.71955 1.38129 -0.0334747 -0.0774304 0.344067 0.935148
1548266187.56276 0.116284 -1.72265 1.37805 -0.0297762 -0.0748451 0.34078 0.936686
1548266187.59594 0.115107 -1.72578 1.37611 -0.0308111 -0.0764946 0.333507 0.939134
1548266187.62960 0.11411 -1.72874 1.37494 -0.0340807 -0.0770891 0.325423 0.941804
1548266187.66288 0.113087 -1.73153 1.37497 -0.0373501 -0.0747819 0.318889 0.944099
1548266187.69607 0.112001 -1.73448 1.37621 -0.0405194 -0.0747241 0.311761 0.946351
1548266187.72961 0.110304 -1.73693 1.37808 -0.0456864 -0.0732128 0.305114 0.948398
1548266187.76262 0.109098 -1.74018 1.38074 -0.0453822 -0.071628 0.2988 0.950541
1548266187.79608 0.10739 -1.74319 1.38341 -0.0478397 -0.0706538 0.299925 0.950139
1548266187.82938 0.105079 -1.74611 1.38684 -0.0509694 -0.0737255 0.290892 0.952549
1548266187.86278 0.103806 -1.74953 1.38996 -0.0558987 -0.07314 0.283126 0.954655
1548266187.89604 0.10311 -1.75348 1.39279 -0.0583381 -0.0717253 0.279225 0.955764
1548266187.92976 0.102501 -1.75764 1.3956 -0.0613166 -0.0739866 0.278532 0.955608
1548266187.96309 0.102798 -1.76291 1.39904 -0.0593037 -0.0742278 0.273607 0.957138
1548266187.99642 0.103566 -1.7689 1.40241 -0.0568902 -0.0737955 0.270521 0.958194
1548266188.02969 0.105019 -1.77526 1.40609 -0.0577358 -0.0736822 0.267226 0.959076
1548266188.06254 0.106522 -1.78142 1.41032 -0.0593308 -0.0731813 0.263807 0.959964
1548266188.09602 0.107814 -1.78796 1.41594 -0.0558357 -0.0738746 0.257324 0.961878
1548266188.12974 0.109045 -1.79457 1.42182 -0.0616384 -0.0718824 0.258071 0.961474
1548266188.16283 0.110426 -1.8013 1.42812 -0.0620926 -0.0749889 0.258513 0.961089
1548266188.19636 0.11135 -1.80852 1.43475 -0.0671273 -0.0761456 0.261078 0.959966
1548266188.22949 0.111958 -1.81594 1.44145 -0.0695206 -0.0800458 0.256714 0.960655
1548266188.26287 0.11264 -1.8242 1.4483 -0.0735948 -0.0824787 0.257272 0.959996
1548266188.29636 0.113277 -1.83304 1.45478 -0.07749 -0.0869154 0.259639 0.95866
1548266188.32955 0.11422 -1.84203 1.46157 -0.0808604 -0.0912075 0.257761 0.958489
1548266188.36281 0.115958 -1.85204 1.46863 -0.0809124 -0.0935461 0.260766 0.957446
1548266188.39619 0.117887 -1.8621 1.47543 -0.0859668 -0.0979554 0.260143 0.956734
1548266188.42931 0.1208 -1.87275 1.48228 -0.0819841 -0.0985248 0.264184 0.955917
1548266188.46287 0.12246 -1.88347 1.48886 -0.083538 -0.101036 0.260906 0.956421
1548266188.49615 0.123967 -1.89435 1.49561 -0.0834845 -0.105001 0.264644 0.954971
1548266188.52949 0.124628 -1.90457 1.50214 -0.0848692 -0.109223 0.264219 0.954493
1548266188.56264 0.125677 -1.91483 1.50859 -0.083999 -0.11159 0.263533 0.954485
1548266188.59580 0.126392 -1.92408 1.51484 -0.084837 -0.113858 0.263181 0.954241
1548266188.62949 0.126337 -1.9323 1.52112 -0.087421 -0.116374 0.265067 0.953181
1548266188.66296 0.126955 -1.94025 1.52714 -0.0883934 -0.120601 0.263538 0.95299
1548266188.69592 0.127439 -1.94735 1.53301 -0.0884298 -0.119976 0.262989 0.953217
1548266188.72911 0.127511 -1.95384 1.53853 -0.0909587 -0.121681 0.262727 0.952835
1548266188.76275 0.127768 -1.95974 1.54364 -0.0933493 -0.122285 0.263511 0.95231
1548266188.79617 0.128496 -1.96535 1.54859 -0.0929198 -0.1238 0.260698 0.95293
1548266188.82981 0.129163 -1.97032 1.55306 -0.0937609 -0.123171 0.260871 0.952882
1548266188.86279 0.130205 -1.97473 1.55738 -0.0966725 -0.123774 0.260398 0.952642
1548266188.89632 0.131319 -1.97878 1.56143 -0.0984315 -0.123447 0.260897 0.952368
1548266188.92977 0.133567 -1.98268 1.56546 -0.0966496 -0.121758 0.258049 0.953543
1548266188.96309 0.13641 -1.98621 1.56925 -0.100578 -0.121484 0.258758 0.952979
1548266188.99618 0.139038 -1.98964 1.57363 -0.099088 -0.120172 0.258678 0.953324
1548266189.02954 0.141835 -1.99283 1.5776 -0.10277 -0.118512 0.256039 0.953854
1548266189.06288 0.144847 -1.99678 1.58181 -0.101971 -0.118743 0.251978 0.954992
1548266189.09619 0.147858 -2.00024 1.58576 -0.103393 -0.118922 0.250884 0.955105
1548266189.12956 0.151353 -2.00413 1.58938 -0.104223 -0.120348 0.249426 0.955218
1548266189.16301 0.155008 -2.00799 1.59319 -0.103894 -0.119483 0.244408 0.956658
1548266189.19587 0.159215 -2.01214 1.59654 -0.106321 -0.119901 0.24349 0.956573
1548266189.22954 0.164033 -2.01679 1.59986 -0.106002 -0.121032 0.241517 0.956966
1548266189.26279 0.168431 -2.02107 1.60262 -0.109621 -0.119582 0.238044 0.957611
1548266189.29613 0.172523 -2.02574 1.60539 -0.109293 -0.11989 0.235355 0.958274
1548266189.32958 0.176478 -2.03036 1.60795 -0.108154 -0.119774 0.230815 0.959521
1548266189.36270 0.180831 -2.03532 1.61037 -0.108829 -0.120737 0.228458 0.959888
1548266189.39590 0.184292 -2.04002 1.61249 -0.11123 -0.119098 0.225315 0.960561
1548266189.42956 0.18793 -2.04484 1.61418 -0.113195 -0.1187 0.220588 0.961477
1548266189.46291 0.190564 -2.04943 1.61607 -0.114355 -0.115667 0.214287 0.963133
1548266189.49599 0.19242 -2.05327 1.61734 -0.118588 -0.115788 0.211475 0.963228
1548266189.52949 0.193678 -2.05724 1.61846 -0.120941 -0.113262 0.207575 0.964084
1548266189.56288 0.195162 -2.06132 1.61889 -0.124044 -0.111506 0.201585 0.965165
1548266189.59623 0.195743 -2.06549 1.61904 -0.126333 -0.10817 0.197312 0.96613
1548266189.62969 0.196556 -2.07024 1.61843 -0.127774 -0.104961 0.193441 0.967077
1548266189.66312 0.196688 -2.07524 1.61728 -0.126366 -0.10276 0.188692 0.968436
1548266189.69619 0.196445 -2.08061 1.61532 -0.125382 -0.100463 0.184967 0.969522
1548266189.72945 0.196482 -2.08636 1.61229 -0.12417 -0.100509 0.17692 0.971174
1548266189.76281 0.195757 -2.09243 1.60909 -0.121511 -0.0959387 0.17216 0.972827
1548266189.79635 0.194675 -2.09825 1.60536 -0.118306 -0.0953318 0.166591 0.97425
1548266189.82957 0.192813 -2.10355 1.60112 -0.115716 -0.0954222 0.163701 0.975042
1548266189.86310 0.191569 -2.10914 1.5965 -0.112758 -0.0964846 0.158511 0.976141
1548266189.89622 0.19013 -2.11481 1.59187 -0.110964 -0.098026 0.154698 0.976804
1548266189.92935 0.188817 -2.12045 1.58684 -0.108083 -0.0954098 0.152307 0.977762
1548266189.96255 0.187625 -2.12653 1.58188 -0.105201 -0.0951876 0.148193 0.978729
1548266189.99595 0.186289 -2.13318 1.57696 -0.103911 -0.0924916 0.146742 0.979344
1548266190.02927 0.18419 -2.13983 1.57185 -0.102582 -0.0926924 0.141233 0.980275
1548266190.06282 0.182199 -2.14732 1.56671 -0.100893 -0.0912202 0.139238 0.980873
1548266190.09595 0.179974 -2.1553 1.56175 -0.0959109 -0.0907651 0.135602 0.981924
1548266190.12946 0.17763 -2.16369 1.55633 -0.094149 -0.0903542 0.131241 0.982725
1548266190.16260 0.175344 -2.17194 1.55089 -0.0904879 -0.0868319 0.129599 0.983604
1548266190.19611 0.172999 -2.17966 1.54553 -0.0881612 -0.0863712 0.127489 0.984131
1548266190.22959 0.170623 -2.18752 1.54024 -0.0868479 -0.083635 0.125699 0.984714
1548266190.26277 0.168212 -2.19537 1.53522 -0.0830471 -0.0817199 0.121991 0.985669
1548266190.29600 0.165586 -2.20262 1.53037 -0.084239 -0.0807698 0.120557 0.985823
1548266190.32962 0.163204 -2.21007 1.52596 -0.0822055 -0.079146 0.119224 0.986288
1548266190.36302 0.161375 -2.21798 1.52164 -0.0799321 -0.0757427 0.11813 0.986873
1548266190.39654 0.1594 -2.22617 1.51714 -0.0796687 -0.0721889 0.114801 0.987554
1548266190.42980 0.15677 -2.23402 1.51283 -0.0772882 -0.071469 0.111772 0.988143
1548266190.46307 0.153735 -2.24177 1.50844 -0.0749359 -0.0704646 0.111124 0.988469
1548266190.49607 0.150269 -2.24938 1.50373 -0.074198 -0.0702123 0.107576 0.988935
1548266190.52960 0.146573 -2.25679 1.49934 -0.0728703 -0.0695012 0.104476 0.989416
1548266190.56283 0.142528 -2.26374 1.49475 -0.0725986 -0.0691434 0.103313 0.989583
1548266190.59643 0.138464 -2.27045 1.49055 -0.0701666 -0.0674694 0.10056 0.990158
1548266190.62951 0.134262 -2.2766 1.48625 -0.0692423 -0.0678529 0.0970367 0.990548
1548266190.66288 0.129858 -2.28204 1.48179 -0.0692758 -0.0676856 0.094762 0.990777
1548266190.69626 0.12555 -2.28711 1.4777 -0.0679258 -0.0652796 0.0907903 0.991404
1548266190.72963 0.120509 -2.29106 1.47372 -0.0694636 -0.0643952 0.0876914 0.991634
1548266190.76273 0.115993 -2.29463 1.46998 -0.0678051 -0.0613963 0.0845008 0.992216
1548266190.79615 0.11144 -2.29788 1.4663 -0.0668921 -0.059718 0.0811631 0.992659
1548266190.82955 0.106475 -2.30052 1.46309 -0.0677557 -0.0577693 0.0772145 0.993031
1548266190.86296 0.101098 -2.30203 1.46055 -0.0671607 -0.0577715 0.0743634 0.993289
1548266190.89605 0.0955184 -2.30264 1.45831 -0.0687115 -0.0570855 0.0717366 0.993415
1548266190.92949 0.089787 -2.30279 1.45649 -0.0696148 -0.0554241 0.0677288 0.993728
1548266190.96258 0.0841518 -2.3023 1.45509 -0.0715686 -0.054821 0.0655312 0.99377
1548266190.99589 0.0784649 -2.30183 1.45401 -0.0740601 -0.0543943 0.0639439 0.993714
1548266191.02936 0.0729832 -2.3018 1.45263 -0.0739433 -0.053217 0.0583926 0.994128
1548266191.06279 0.0672131 -2.30177 1.45098 -0.0746416 -0.050868 0.0525344 0.994526
1548266191.09600 0.0607628 -2.30188 1.44909 -0.0748858 -0.0482786 0.0482082 0.994855
1548266191.12947 0.0532641 -2.30219 1.44691 -0.073577 -0.0465546 0.040452 0.995381
1548266191.16288 0.0451969 -2.30262 1.44462 -0.0728555 -0.0458866 0.0330569 0.995738
1548266191.19621 0.0368364 -2.30314 1.4421 -0.0704562 -0.0463353 0.0249525 0.996126
1548266191.22937 0.0283751 -2.30379 1.43925 -0.0684555 -0.0462151 0.0163556 0.996449
1548266191.26280 0.0200823 -2.30445 1.43632 -0.0652192 -0.0451386 0.00705245 0.996825
1548266191.29617 0.0115611 -2.30427 1.43373 -0.0633093 -0.0446406 -0.00206623 0.996993
1548266191.32972 0.0029478 -2.30336 1.4315 -0.0622251 -0.0443676 -0.0118154 0.997006
1548266191.36295 -0.0056592 -2.30174 1.42959 -0.0616277 -0.0417733 -0.0213334 0.996997
1548266191.39615 -0.0145252 -2.2994 1.42837 -0.0600775 -0.0413773 -0.0312349 0.996846
1548266191.42958 -0.0235806 -2.296 1.42757 -0.0612499 -0.041054 -0.0394862 0.996496
1548266191.46299 -0.0325766 -2.29235 1.42708 -0.0641166 -0.0402762 -0.0469994 0.996021
1548266191.49613 -0.0418251 -2.28793 1.4265 -0.0667834 -0.0394887 -0.0564341 0.995387
1548266191.52930 -0.0509509 -2.28288 1.42632 -0.0624261 -0.042946 -0.0657619 0.994954
1548266191.56285 -0.0596998 -2.27774 1.42635 -0.0628464 -0.0441495 -0.0728855 0.994379
1548266191.59609 -0.0675321 -2.27275 1.42647 -0.0637389 -0.0447027 -0.0820083 0.993586
1548266191.62955 -0.0749139 -2.26748 1.42669 -0.0654402 -0.0438584 -0.0888963 0.992921
1548266191.66292 -0.0818253 -2.26206 1.42716 -0.0667275 -0.0420444 -0.0934152 0.992499
1548266191.69611 -0.0885981 -2.25644 1.42755 -0.0696227 -0.0422448 -0.100593 0.991589
1548266191.72941 -0.0953343 -2.25112 1.42843 -0.0690224 -0.0405438 -0.106374 0.991099
1548266191.76278 -0.102091 -2.24559 1.42946 -0.0723655 -0.0404812 -0.112429 0.990194
1548266191.79610 -0.109056 -2.24055 1.4314 -0.0710199 -0.0402215 -0.117805 0.989677
1548266191.82960 -0.115679 -2.23546 1.43341 -0.0757033 -0.0401855 -0.124202 0.988548
1548266191.86301 -0.122037 -2.23088 1.43597 -0.0771203 -0.0386355 -0.12942 0.987831
1548266191.89620 -0.128478 -2.22652 1.43912 -0.0771633 -0.0383273 -0.135302 0.987051
1548266191.92963 -0.134767 -2.22193 1.44241 -0.0820918 -0.0379775 -0.141059 0.985861
1548266191.96312 -0.140784 -2.21764 1.44611 -0.084834 -0.0378774 -0.145437 0.984996
1548266191.99652 -0.146459 -2.21375 1.45006 -0.0855646 -0.0380342 -0.150494 0.984166
1548266192.02980 -0.151872 -2.21044 1.45448 -0.0835921 -0.0383488 -0.155492 0.983547
1548266192.06321 -0.156905 -2.20696 1.45903 -0.0856511 -0.0370134 -0.158245 0.982981
1548266192.09628 -0.16172 -2.20353 1.46377 -0.0886347 -0.0377524 -0.162858 0.981935
1548266192.12945 -0.165907 -2.20015 1.46882 -0.0914574 -0.0380383 -0.168401 0.980729
1548266192.16304 -0.170045 -2.19705 1.47436 -0.0950852 -0.0374631 -0.167684 0.980529
1548266192.19620 -0.173524 -2.19376 1.48006 -0.0991438 -0.0384396 -0.171349 0.979455
1548266192.22976 -0.17684 -2.19108 1.48588 -0.102131 -0.0389464 -0.174399 0.97859
1548266192.26313 -0.179823 -2.18954 1.49235 -0.108232 -0.0347397 -0.170209 0.97883
1548266192.29619 -0.182557 -2.187 1.49833 -0.115002 -0.0354021 -0.17308 0.97753
1548266192.32945 -0.185303 -2.18518 1.50444 -0.117551 -0.0359719 -0.175965 0.97669
1548266192.36300 -0.188167 -2.18396 1.51089 -0.116097 -0.0363609 -0.179578 0.976192
1548266192.39582 -0.191229 -2.18217 1.5173 -0.120551 -0.0371192 -0.181691 0.975232
1548266192.42945 -0.194552 -2.18088 1.52417 -0.117637 -0.0395187 -0.183072 0.975236
1548266192.46285 -0.197938 -2.17893 1.53026 -0.116664 -0.042605 -0.192268 0.973451
1548266192.49627 -0.201328 -2.17733 1.53674 -0.119174 -0.0433187 -0.198309 0.971903
1548266192.52940 -0.204815 -2.17553 1.54346 -0.122545 -0.0410429 -0.202251 0.970769
1548266192.56261 -0.208318 -2.17362 1.55033 -0.124753 -0.0406202 -0.205499 0.969823
1548266192.59631 -0.212324 -2.17166 1.55711 -0.124582 -0.0389751 -0.211616 0.968596
1548266192.62945 -0.216267 -2.16954 1.56345 -0.131442 -0.0372197 -0.217071 0.96655
1548266192.66277 -0.220419 -2.16749 1.56969 -0.130739 -0.0358003 -0.221133 0.965777
1548266192.69601 -0.225499 -2.1658 1.57522 -0.136139 -0.039396 -0.223104 0.964437
1548266192.72963 -0.229985 -2.1631 1.58085 -0.137024 -0.0344338 -0.234608 0.961768
1548266192.76288 -0.235413 -2.16123 1.58559 -0.138459 -0.0330164 -0.243651 0.959361
1548266192.79624 -0.240896 -2.15985 1.58921 -0.142083 -0.032141 -0.250535 0.957085
1548266192.82976 -0.24704 -2.15839 1.59194 -0.142684 -0.0310554 -0.261923 0.953978
1548266192.86290 -0.253361 -2.15713 1.59446 -0.14027 -0.0315657 -0.270106 0.952035
1548266192.89641 -0.259037 -2.15528 1.5955 -0.145243 -0.030532 -0.276515 0.94948
1548266192.92970 -0.265619 -2.15435 1.59644 -0.141785 -0.0307759 -0.27946 0.949133
1548266192.96314 -0.271849 -2.15339 1.59583 -0.146699 -0.0291217 -0.286548 0.94632
1548266192.99640 -0.279396 -2.15379 1.59691 -0.12802 -0.0357045 -0.290937 0.947466
1548266193.02959 -0.284962 -2.15274 1.59445 -0.141834 -0.0287127 -0.292352 0.945298
1548266193.06305 -0.291658 -2.15243 1.59324 -0.138096 -0.0270135 -0.295972 0.944775
1548266193.09625 -0.298153 -2.1516 1.59165 -0.138789 -0.0254099 -0.300605 0.943254
1548266193.12959 -0.30462 -2.15053 1.58975 -0.138969 -0.0249783 -0.303685 0.942252
1548266193.16282 -0.311215 -2.14865 1.58816 -0.136083 -0.02452 -0.304561 0.942403
1548266193.19603 -0.317294 -2.14626 1.58624 -0.136046 -0.0239866 -0.306725 0.94172
1548266193.22963 -0.323326 -2.14431 1.58383 -0.135203 -0.0230046 -0.308147 0.941401
1548266193.26287 -0.329392 -2.14147 1.58147 -0.132736 -0.0237136 -0.310503 0.940961
1548266193.29597 -0.334362 -2.13861 1.57823 -0.134153 -0.0200785 -0.311034 0.940669
1548266193.32960 -0.339461 -2.13541 1.57491 -0.133575 -0.0201499 -0.31259 0.940234
1548266193.36274 -0.344555 -2.13364 1.57111 -0.131113 -0.0181755 -0.313969 0.940161
1548266193.39627 -0.349437 -2.1308 1.56633 -0.133492 -0.0188544 -0.317409 0.938657
1548266193.42959 -0.354914 -2.1285 1.5614 -0.132176 -0.0167383 -0.317043 0.939007
1548266193.46290 -0.360487 -2.12574 1.55595 -0.131096 -0.0153164 -0.318628 0.938646
1548266193.49581 -0.366226 -2.12421 1.55051 -0.126464 -0.015587 -0.324179 0.937375
1548266193.52964 -0.371913 -2.12155 1.54441 -0.126831 -0.017309 -0.326579 0.936462
1548266193.56316 -0.37756 -2.11961 1.53816 -0.12747 -0.0162244 -0.328736 0.935639
1548266193.59628 -0.383126 -2.1191 1.53172 -0.12482 -0.0125558 -0.332234 0.934817
1548266193.62960 -0.388656 -2.11875 1.52559 -0.12068 -0.0119704 -0.336277 0.933922
1548266193.66314 -0.394145 -2.11848 1.51949 -0.116737 -0.00953573 -0.339466 0.933298
1548266193.69637 -0.399387 -2.11756 1.51329 -0.11579 -0.00895987 -0.34334 0.932003
1548266193.72976 -0.404744 -2.11587 1.50737 -0.113468 -0.0118319 -0.347342 0.930773
1548266193.76308 -0.409994 -2.11462 1.50133 -0.111267 -0.0108637 -0.350143 0.930001
1548266193.79646 -0.414982 -2.1136 1.49529 -0.108689 -0.0094075 -0.353446 0.929072
1548266193.82947 -0.420043 -2.11197 1.48956 -0.10591 -0.010548 -0.3562 0.928328
1548266193.86304 -0.425326 -2.11096 1.48362 -0.102874 -0.00832543 -0.360626 0.926982
1548266193.89626 -0.430399 -2.11052 1.47724 -0.0992429 -0.00603465 -0.363715 0.926189
1548266193.92953 -0.435495 -2.10983 1.4712 -0.0959576 -0.0047422 -0.366459 0.925461
1548266193.96236 -0.44078 -2.10892 1.46518 -0.0922734 -0.00331319 -0.372254 0.923527
1548266193.99593 -0.445884 -2.1074 1.45902 -0.0907048 -0.00101616 -0.37462 0.92273
1548266194.02955 -0.45114 -2.10572 1.45312 -0.0882958 -1.59183e-05 -0.375694 0.922528
1548266194.06270 -0.456272 -2.1037 1.44722 -0.0871279 -0.00054416 -0.377297 0.921985
1548266194.09603 -0.461156 -2.10123 1.44212 -0.0847512 0.00191575 -0.376042 0.922717
1548266194.12953 -0.465217 -2.09837 1.43669 -0.086732 0.00153776 -0.378688 0.92145
1548266194.16277 -0.469135 -2.09533 1.43151 -0.0869371 0.00270626 -0.37844 0.92153
1548266194.19619 -0.472959 -2.09229 1.42655 -0.0868296 0.00524957 -0.378625 0.921453
1548266194.22966 -0.476377 -2.0892 1.42119 -0.0866406 0.00700432 -0.378242 0.921617
1548266194.26283 -0.479809 -2.08635 1.41558 -0.0848417 0.00654272 -0.375937 0.92273
1548266194.29606 -0.483132 -2.08386 1.40973 -0.0830161 0.0103786 -0.372534 0.92424
1548266194.32971 -0.486026 -2.08121 1.40294 -0.084374 0.0117775 -0.370392 0.924961
1548266194.36300 -0.488478 -2.07827 1.39625 -0.085257 0.011849 -0.368654 0.925573
1548266194.39615 -0.490849 -2.07525 1.3899 -0.0822217 0.011852 -0.365969 0.926912
1548266194.42956 -0.493126 -2.07206 1.38368 -0.0767703 0.0121596 -0.364913 0.927792
1548266194.46320 -0.495038 -2.06873 1.37695 -0.0766549 0.0121762 -0.363819 0.928231
1548266194.49623 -0.497054 -2.06598 1.37097 -0.0726112 0.014253 -0.362898 0.928886
1548266194.52967 -0.499096 -2.06248 1.36491 -0.071879 0.0172983 -0.362287 0.92913
1548266194.56293 -0.501408 -2.05915 1.3597 -0.0687135 0.0162544 -0.358696 0.93078
1548266194.59625 -0.504102 -2.05502 1.35484 -0.0652384 0.0139494 -0.357975 0.931345
1548266194.62974 -0.506866 -2.0515 1.34958 -0.0624062 0.0134059 -0.356584 0.93208
1548266194.66276 -0.509096 -2.04727 1.34468 -0.0615742 0.0162111 -0.354318 0.932955
1548266194.69642 -0.51119 -2.04283 1.33958 -0.0597627 0.0121466 -0.351265 0.934288
1548266194.72951 -0.513377 -2.03895 1.33388 -0.0595632 0.0160656 -0.350695 0.934456
1548266194.76233 -0.515366 -2.03489 1.32851 -0.0558891 0.0151997 -0.350949 0.934602
1548266194.79603 -0.517103 -2.02993 1.32337 -0.0508582 0.0133676 -0.345369 0.936992
1548266194.82963 -0.518852 -2.02447 1.31837 -0.0492493 0.0139447 -0.347128 0.93642
1548266194.86295 -0.520448 -2.01887 1.31411 -0.0457629 0.015787 -0.343411 0.937937
1548266194.89606 -0.521856 -2.01216 1.31068 -0.0454805 0.0140281 -0.338461 0.939776
1548266194.92968 -0.523632 -2.00528 1.30765 -0.0447779 0.0141515 -0.336986 0.940338
1548266194.96280 -0.525919 -1.99882 1.30515 -0.0419246 0.0132097 -0.335471 0.941024
1548266194.99602 -0.528357 -1.99194 1.30311 -0.0421266 0.0107223 -0.330015 0.942974
1548266195.02953 -0.531568 -1.98513 1.30136 -0.0415676 0.00997018 -0.325224 0.944671
1548266195.06287 -0.535567 -1.9791 1.30021 -0.03937 0.0102029 -0.326059 0.944474
1548266195.09629 -0.539672 -1.97249 1.30074 -0.0380166 0.00873756 -0.326083 0.944536
1548266195.12959 -0.544197 -1.96576 1.30175 -0.0384044 0.00998828 -0.323211 0.945495
1548266195.16296 -0.549284 -1.95917 1.30373 -0.0363384 0.00789119 -0.326718 0.94439
1548266195.19645 -0.55409 -1.95172 1.30692 -0.0363588 0.00951357 -0.326363 0.944497
1548266195.22966 -0.558698 -1.94355 1.31104 -0.0386566 0.00860019 -0.324982 0.944891
1548266195.26282 -0.563075 -1.9354 1.31598 -0.0433838 0.0102062 -0.323746 0.945094
1548266195.29651 -0.567382 -1.92722 1.32166 -0.0474479 0.0114687 -0.324934 0.944476
1548266195.32980 -0.571706 -1.91948 1.32831 -0.0473026 0.00855964 -0.327028 0.943791
1548266195.36281 -0.575631 -1.9121 1.33542 -0.0492679 0.0088331 -0.328297 0.943248
1548266195.39636 -0.579332 -1.90541 1.34225 -0.0549578 0.0110441 -0.327608 0.943149
1548266195.42972 -0.582925 -1.89925 1.34941 -0.0585384 0.00933429 -0.325673 0.943622
1548266195.46304 -0.586499 -1.89404 1.3565 -0.0595856 0.00755324 -0.32655 0.94327
1548266195.49659 -0.589831 -1.8895 1.36364 -0.0627333 0.0103209 -0.326498 0.943057
1548266195.52938 -0.592946 -1.88514 1.37123 -0.0646964 0.0107597 -0.322159 0.944411
1548266195.56245 -0.595922 -1.88075 1.37912 -0.0666455 0.00922131 -0.321391 0.944553
1548266195.59595 -0.598972 -1.87691 1.38722 -0.0682469 0.0102123 -0.321046 0.944546
1548266195.62968 -0.601584 -1.87374 1.39503 -0.0696649 0.00974302 -0.319448 0.944989
1548266195.66291 -0.604158 -1.87049 1.40295 -0.0720874 0.00817078 -0.315133 0.94627
1548266195.69641 -0.606584 -1.86766 1.41071 -0.0747103 0.00856189 -0.312959 0.946785
1548266195.72941 -0.608597 -1.86576 1.41865 -0.0762012 0.00987924 -0.310797 0.947365
1548266195.76276 -0.610789 -1.86394 1.42681 -0.0782503 0.0100279 -0.306591 0.948566
1548266195.79598 -0.613203 -1.86243 1.43501 -0.0797193 0.00928875 -0.301031 0.950231
1548266195.82946 -0.615685 -1.86136 1.44295 -0.08083 0.00926385 -0.300113 0.950428
1548266195.86272 -0.618793 -1.8605 1.45083 -0.0828816 0.0100748 -0.294681 0.951941
1548266195.89616 -0.622616 -1.86003 1.45834 -0.0830275 0.00872746 -0.289815 0.953435
1548266195.92963 -0.627064 -1.85957 1.46541 -0.0852144 0.00842689 -0.288676 0.95359
1548266195.96307 -0.631869 -1.85817 1.47237 -0.0874657 0.00692169 -0.284508 0.95465
1548266195.99666 -0.637436 -1.85702 1.4789 -0.0885113 0.00501487 -0.280274 0.955818
1548266196.02966 -0.643385 -1.85602 1.4849 -0.0913762 0.00263457 -0.279321 0.955836
1548266196.06316 -0.650188 -1.85509 1.49015 -0.0932366 0.00143678 -0.279768 0.955528
1548266196.09637 -0.65735 -1.85485 1.49528 -0.0947347 -0.00147635 -0.276485 0.956336
1548266196.12952 -0.665187 -1.85451 1.50011 -0.0945525 -0.00229787 -0.273763 0.957136
1548266196.16298 -0.673442 -1.85496 1.50434 -0.0952557 -0.00513852 -0.27373 0.957064
1548266196.19661 -0.681874 -1.85611 1.50809 -0.0940846 -0.00670011 -0.271595 0.957778
1548266196.22977 -0.690248 -1.85709 1.51139 -0.0949264 -0.00960371 -0.2694 0.958291
1548266196.26311 -0.699047 -1.85847 1.51431 -0.0939837 -0.0104853 -0.266968 0.959054
1548266196.29652 -0.70782 -1.86034 1.51676 -0.0907032 -0.0116793 -0.26382 0.960227
1548266196.32969 -0.716626 -1.86161 1.51817 -0.0914545 -0.0133667 -0.256349 0.962155
1548266196.36291 -0.725412 -1.86309 1.51919 -0.0912211 -0.0152967 -0.250609 0.96366
1548266196.39617 -0.734186 -1.86439 1.51991 -0.0874835 -0.0182392 -0.244482 0.965527
1548266196.42962 -0.742612 -1.8652 1.52031 -0.0840117 -0.0201539 -0.232876 0.968661
1548266196.46298 -0.751331 -1.86474 1.51972 -0.088249 -0.0207339 -0.227825 0.969473
1548266196.49628 -0.759967 -1.86526 1.51895 -0.0832587 -0.0223878 -0.223297 0.97093
1548266196.52960 -0.768617 -1.86493 1.51751 -0.084801 -0.024528 -0.216553 0.972272
1548266196.56289 -0.777413 -1.86503 1.51608 -0.0838369 -0.0292313 -0.207408 0.974217
1548266196.59627 -0.786339 -1.86531 1.514 -0.0859413 -0.0290431 -0.203079 0.974951
1548266196.62963 -0.795001 -1.86665 1.51172 -0.0831373 -0.0294455 -0.203206 0.975156
1548266196.66298 -0.803574 -1.86896 1.50952 -0.0751035 -0.0299665 -0.200081 0.976437
1548266196.69593 -0.811799 -1.87004 1.50608 -0.0772957 -0.0303259 -0.198556 0.976566
1548266196.72988 -0.819726 -1.87138 1.50282 -0.0698404 -0.0278568 -0.198371 0.977239
1548266196.76316 -0.827028 -1.87127 1.49908 -0.0721637 -0.0271119 -0.199459 0.976869
1548266196.79636 -0.834762 -1.87061 1.4954 -0.0680965 -0.0256008 -0.196591 0.977783
1548266196.82986 -0.841872 -1.86943 1.49091 -0.0682725 -0.0251864 -0.197704 0.977557
1548266196.86293 -0.849255 -1.86822 1.48625 -0.0712232 -0.0245321 -0.197943 0.977315
1548266196.89662 -0.856755 -1.86735 1.48144 -0.0685975 -0.0239817 -0.198622 0.977378
1548266196.92972 -0.863907 -1.86689 1.47637 -0.0671836 -0.0242391 -0.20002 0.977185
1548266196.96305 -0.871338 -1.8666 1.47165 -0.0599985 -0.0227894 -0.20145 0.977394
1548266196.99651 -0.878125 -1.86549 1.46668 -0.0623424 -0.0231437 -0.204476 0.97661
1548266197.02982 -0.884631 -1.86456 1.46201 -0.0572405 -0.0220118 -0.206999 0.976417
1548266197.06324 -0.890587 -1.86253 1.45717 -0.0595699 -0.0220053 -0.206795 0.976321
1548266197.09644 -0.896112 -1.86062 1.45277 -0.0586454 -0.0214818 -0.206582 0.976434
1548266197.12959 -0.90134 -1.85911 1.44839 -0.0543891 -0.0227141 -0.209488 0.976033
1548266197.16300 -0.906 -1.85714 1.44367 -0.0528939 -0.0201732 -0.20878 0.976323
1548266197.19624 -0.910832 -1.85494 1.43897 -0.0515079 -0.018569 -0.207219 0.976761
1548266197.22973 -0.915364 -1.85223 1.43376 -0.0535135 -0.0172028 -0.211181 0.975829
1548266197.26295 -0.919185 -1.84995 1.42837 -0.0516554 -0.015012 -0.215804 0.974954
1548266197.29632 -0.922553 -1.84726 1.42313 -0.0508664 -0.0144173 -0.216308 0.974893
1548266197.32961 -0.925881 -1.84418 1.41835 -0.0494234 -0.0117157 -0.217466 0.974745
1548266197.36277 -0.929235 -1.84097 1.41397 -0.0472152 -0.00903411 -0.221885 0.973887
1548266197.39619 -0.932524 -1.83728 1.41046 -0.0467362 -0.00799844 -0.22507 0.973188
1548266197.42965 -0.936212 -1.83272 1.40709 -0.0439475 -0.00555146 -0.228929 0.972435
1548266197.46295 -0.93968 -1.82771 1.40413 -0.0428481 -0.00329351 -0.234998 0.971045
1548266197.49580 -0.942755 -1.82177 1.40169 -0.0433064 -0.000968321 -0.239006 0.970051
1548266197.52973 -0.946108 -1.81547 1.39975 -0.0433274 -0.00047131 -0.244764 0.968614
1548266197.56299 -0.949453 -1.80842 1.39844 -0.0433492 8.68301e-05 -0.252808 0.966545
1548266197.59657 -0.952457 -1.80091 1.39787 -0.0431826 -0.000257215 -0.257049 0.965433
1548266197.62974 -0.95551 -1.79361 1.3976 -0.043629 0.000113179 -0.263163 0.963764
1548266197.66324 -0.958174 -1.78619 1.39732 -0.0438566 0.000953741 -0.273894 0.960759
1548266197.69658 -0.960705 -1.77814 1.3977 -0.0446341 0.00296307 -0.281762 0.958441
1548266197.72994 -0.963186 -1.76895 1.39853 -0.0463112 0.00225124 -0.29116 0.95555
1548266197.76321 -0.965565 -1.75942 1.39966 -0.0479557 0.00219953 -0.298695 0.95314
1548266197.79619 -0.96808 -1.74969 1.401 -0.0491952 0.00344334 -0.306111 0.950718
1548266197.82986 -0.970782 -1.73981 1.40256 -0.0486691 0.00539459 -0.314764 0.947906
1548266197.86315 -0.973234 -1.73003 1.40456 -0.0510225 0.00556948 -0.32444 0.944513
1548266197.89659 -0.975945 -1.72029 1.40682 -0.0544697 0.00661819 -0.333609 0.941113
1548266197.92975 -0.979048 -1.71151 1.40904 -0.0558584 0.00817645 -0.342048 0.937985
1548266197.96288 -0.982487 -1.70356 1.41157 -0.0552917 0.0112638 -0.347059 0.936144
1548266197.99621 -0.986117 -1.69574 1.4144 -0.0546771 0.0105479 -0.355284 0.933098
1548266198.02938 -0.990125 -1.68811 1.41773 -0.0546601 0.0110078 -0.365412 0.929175
1548266198.06271 -0.993964 -1.68022 1.42098 -0.0599591 0.0147705 -0.371068 0.92655
1548266198.09604 -0.998013 -1.67228 1.42504 -0.0616557 0.0135858 -0.376727 0.92417
1548266198.12952 -1.00204 -1.66469 1.42923 -0.0641664 0.011884 -0.385746 0.920294
1548266198.16300 -1.00586 -1.65773 1.43347 -0.0657317 0.0137955 -0.390697 0.918066
1548266198.19624 -1.00939 -1.65088 1.43788 -0.06864 0.0135007 -0.396103 0.915537
1548266198.22982 -1.01265 -1.64446 1.44216 -0.0712468 0.0146031 -0.402213 0.912653
1548266198.26283 -1.01554 -1.63842 1.44697 -0.0711735 0.0135256 -0.408046 0.910082
1548266198.29618 -1.01782 -1.6326 1.45149 -0.0743639 0.0137144 -0.411405 0.908311
1548266198.32982 -1.01958 -1.62713 1.45573 -0.0783041 0.0134359 -0.418046 0.904945
1548266198.36296 -1.02117 -1.62245 1.46042 -0.0786586 0.0147509 -0.422126 0.902998
1548266198.39624 -1.02215 -1.6177 1.4652 -0.0806957 0.016396 -0.424541 0.901657
1548266198.42982 -1.02304 -1.61304 1.46981 -0.0833402 0.0175239 -0.427774 0.899865
1548266198.46321 -1.02363 -1.60855 1.47436 -0.0855718 0.0188315 -0.432235 0.897494
1548266198.52538 -1.02418 -1.60386 1.47963 -0.0837093 0.0180958 -0.43442 0.89663
1548266198.52917 -1.02449 -1.59912 1.48396 -0.0906383 0.0199401 -0.438228 0.89406
1548266198.56306 -1.02452 -1.59472 1.48852 -0.091975 0.0202457 -0.442442 0.891839
1548266198.59626 -1.0244 -1.59012 1.49285 -0.0955335 0.0210148 -0.44286 0.891239
1548266198.62987 -1.02405 -1.58587 1.49719 -0.100781 0.0208923 -0.445614 0.889289
1548266198.66312 -1.02382 -1.58184 1.50226 -0.0976551 0.0188954 -0.448656 0.888152
1548266198.69664 -1.02339 -1.57795 1.50666 -0.101829 0.0208133 -0.449173 0.887379
1548266198.72956 -1.02272 -1.57414 1.51093 -0.104204 0.022426 -0.452058 0.885597
1548266198.76281 -1.02205 -1.571 1.5149 -0.107577 0.0230369 -0.457121 0.882574
1548266198.79629 -1.02075 -1.56797 1.51917 -0.10504 0.0221746 -0.461323 0.880713
1548266198.82948 -1.02004 -1.56513 1.52283 -0.108513 0.0265548 -0.461567 0.880043
1548266198.86297 -1.0192 -1.56251 1.52659 -0.108658 0.030676 -0.467676 0.876659
1548266198.89632 -1.01857 -1.55986 1.53036 -0.103997 0.0294303 -0.469683 0.876194
1548266198.92962 -1.01855 -1.55686 1.53393 -0.107262 0.0308259 -0.469735 0.875725
1548266198.96262 -1.01903 -1.55386 1.53764 -0.105592 0.0296508 -0.47299 0.874215
1548266198.99613 -1.01965 -1.55223 1.54068 -0.108422 0.0317302 -0.474524 0.872963
1548266199.02956 -1.02055 -1.5505 1.5444 -0.101613 0.028802 -0.47506 0.873592
1548266199.06293 -1.02137 -1.54942 1.5468 -0.107762 0.0353632 -0.477916 0.871053
1548266199.09641 -1.02256 -1.5489 1.54971 -0.109018 0.0390561 -0.477771 0.870818
1548266199.12980 -1.02406 -1.5483 1.55335 -0.105855 0.0392039 -0.47396 0.873281
1548266199.16319 -1.02534 -1.54757 1.55631 -0.104279 0.0363479 -0.471679 0.874828
1548266199.19617 -1.02718 -1.5471 1.55915 -0.103731 0.0356635 -0.469243 0.87623
1548266199.22991 -1.02886 -1.54663 1.56126 -0.109171 0.0363731 -0.466136 0.877198
1548266199.26310 -1.03041 -1.54567 1.56415 -0.102082 0.0288949 -0.45939 0.881876
1548266199.29657 -1.03166 -1.54619 1.56519 -0.10617 0.027964 -0.453897 0.884264
1548266199.32990 -1.03275 -1.54696 1.56597 -0.103864 0.0240289 -0.443654 0.889835
1548266199.36315 -1.03325 -1.54784 1.56499 -0.112186 0.0265618 -0.43631 0.89238
1548266199.39667 -1.03361 -1.54895 1.56393 -0.108262 0.0214305 -0.428783 0.896641
1548266199.42982 -1.03387 -1.55054 1.56214 -0.103722 0.0190849 -0.420173 0.901294
1548266199.46299 -1.03427 -1.55269 1.55965 -0.104172 0.0233765 -0.415346 0.903377
1548266199.49628 -1.03487 -1.55488 1.55639 -0.101096 0.0202757 -0.411159 0.905714
1548266199.52951 -1.03526 -1.55663 1.55313 -0.101727 0.0210175 -0.401917 0.909765
1548266199.56297 -1.03561 -1.55804 1.54947 -0.102215 0.0231175 -0.397321 0.911676
1548266199.59607 -1.03538 -1.55879 1.54554 -0.10231 0.0248588 -0.392687 0.913626
1548266199.62981 -1.03538 -1.55937 1.54166 -0.0988467 0.0213101 -0.382326 0.918478
1548266199.66265 -1.0353 -1.56019 1.53686 -0.100254 0.0246503 -0.379493 0.919416
1548266199.69634 -1.03579 -1.56135 1.53219 -0.0957246 0.0251383 -0.379117 0.920041
1548266199.72976 -1.03644 -1.56204 1.52734 -0.0945443 0.0250431 -0.373792 0.922341
1548266199.76289 -1.03718 -1.56219 1.52263 -0.0951451 0.0240649 -0.372205 0.922947
1548266199.79616 -1.03862 -1.56206 1.51842 -0.0927538 0.023828 -0.365537 0.925857
1548266199.82981 -1.0402 -1.56178 1.51364 -0.0944152 0.0205727 -0.365626 0.925732
1548266199.86298 -1.04213 -1.56178 1.50946 -0.0910746 0.0220117 -0.361508 0.927649
1548266199.89621 -1.04361 -1.56137 1.50557 -0.0875345 0.0190265 -0.357459 0.929623
1548266199.92986 -1.04547 -1.561 1.50111 -0.0877426 0.0171493 -0.357783 0.929515
1548266199.96323 -1.047 -1.56083 1.49638 -0.0855008 0.0177998 -0.35913 0.929192
1548266199.99664 -1.04777 -1.56056 1.49102 -0.0873977 0.0200237 -0.356001 0.930174
1548266200.02959 -1.04816 -1.56019 1.48598 -0.0870591 0.0198395 -0.350481 0.932304
1548266200.06304 -1.04854 -1.55997 1.48068 -0.0868985 0.0209969 -0.350344 0.932345
1548266200.09660 -1.04846 -1.56 1.47524 -0.0852822 0.0195604 -0.351179 0.932211
1548266200.12989 -1.04822 -1.56011 1.47001 -0.082889 0.0186874 -0.348039 0.933622
1548266200.16293 -1.04775 -1.56047 1.46436 -0.0829426 0.0194275 -0.346121 0.934314
1548266200.19656 -1.04721 -1.56155 1.45913 -0.0772536 0.0219283 -0.340369 0.936856
1548266200.22978 -1.04597 -1.56229 1.45389 -0.074512 0.0214692 -0.335769 0.938747
1548266200.26336 -1.04435 -1.56271 1.44821 -0.0749539 0.020913 -0.333917 0.939385
1548266200.29642 -1.04299 -1.56318 1.44317 -0.0721954 0.0215614 -0.33309 0.93988
1548266200.32948 -1.04124 -1.56311 1.4382 -0.071822 0.0196164 -0.324874 0.942822
1548266200.36288 -1.03928 -1.56333 1.43356 -0.0686056 0.0167587 -0.319188 0.945056
1548266200.39604 -1.0372 -1.56354 1.42919 -0.0692188 0.0202583 -0.317578 0.945485
1548266200.42969 -1.03506 -1.56335 1.42476 -0.0703796 0.0173573 -0.315083 0.946292
1548266200.46304 -1.03322 -1.56308 1.42115 -0.0694839 0.0147684 -0.309927 0.948103
1548266200.49629 -1.03133 -1.56283 1.41794 -0.0679299 0.0137159 -0.308832 0.948588
1548266200.52956 -1.02923 -1.56282 1.41496 -0.0677203 0.013946 -0.303692 0.950258
1548266200.56318 -1.0269 -1.56249 1.41261 -0.0669688 0.0115293 -0.296569 0.952591
1548266200.59636 -1.024 -1.56196 1.41038 -0.0681268 0.00896493 -0.294677 0.953123
1548266200.62950 -1.02108 -1.56188 1.40875 -0.0687761 0.0119871 -0.292229 0.953797
1548266200.66281 -1.01795 -1.56173 1.40779 -0.0662818 0.0114834 -0.289126 0.954925
1548266200.69629 -1.01397 -1.56089 1.40744 -0.0689501 0.0106809 -0.286667 0.955486
1548266200.72996 -1.00966 -1.55938 1.40817 -0.0715327 0.0115755 -0.282873 0.956416
1548266200.76303 -1.00536 -1.55778 1.40986 -0.073125 0.011944 -0.280126 0.9571
1548266200.79657 -1.00108 -1.55588 1.41253 -0.0746281 0.0122957 -0.278026 0.957591
1548266200.82992 -0.997217 -1.55328 1.41635 -0.0777176 0.0113489 -0.273996 0.958518
1548266200.86288 -0.993812 -1.55055 1.42051 -0.0796527 0.00906505 -0.271576 0.959072
1548266200.89655 -0.990634 -1.54805 1.4245 -0.0826515 0.00800951 -0.270759 0.959059
1548266200.92989 -0.987758 -1.54579 1.42878 -0.0838205 0.0059381 -0.268375 0.959643
1548266200.96335 -0.985103 -1.54375 1.43285 -0.0856476 0.00439222 -0.265835 0.960196
1548266200.99653 -0.982606 -1.54214 1.43662 -0.0868693 0.0045572 -0.26536 0.960217
1548266201.02980 -0.980009 -1.54056 1.44009 -0.0888606 0.00424509 -0.263562 0.960532
1548266201.06326 -0.977646 -1.53938 1.44375 -0.0875279 0.00265988 -0.262734 0.960886
1548266201.09636 -0.975577 -1.53808 1.44717 -0.0886002 0.00343936 -0.263064 0.960695
1548266201.12958 -0.973494 -1.53666 1.45056 -0.0904408 0.00154576 -0.262094 0.960794
1548266201.16290 -0.971858 -1.5349 1.45389 -0.0897229 0.000715065 -0.258849 0.961742
1548266201.19626 -0.970731 -1.53308 1.45723 -0.0908029 -0.000958686 -0.258446 0.961748
1548266201.22977 -0.969797 -1.53144 1.46041 -0.0902413 -0.00262121 -0.257591 0.962027
1548266201.26312 -0.969039 -1.52959 1.46377 -0.0894747 -0.00594146 -0.256691 0.962325
1548266201.29635 -0.968247 -1.52752 1.46743 -0.0900845 -0.00864072 -0.254204 0.962907
1548266201.32945 -0.96706 -1.52563 1.47112 -0.0912965 -0.00943664 -0.254166 0.962796
1548266201.36301 -0.96563 -1.52396 1.47486 -0.0918521 -0.00958363 -0.253185 0.963
1548266201.39640 -0.964245 -1.52202 1.479 -0.092967 -0.0103388 -0.252416 0.963087
1548266201.42977 -0.963096 -1.52016 1.48364 -0.0929972 -0.0107738 -0.251159 0.963408
1548266201.46313 -0.961968 -1.51845 1.48841 -0.0934846 -0.0101573 -0.253045 0.962874
1548266201.49640 -0.961109 -1.5167 1.4933 -0.0932406 -0.0100722 -0.250586 0.963541
1548266201.52986 -0.960627 -1.51483 1.49831 -0.0921243 -0.0108206 -0.247374 0.96447
1548266201.56326 -0.960388 -1.51295 1.50341 -0.0901237 -0.0106329 -0.24647 0.964892
1548266201.59644 -0.959906 -1.51111 1.50811 -0.0913145 -0.00918446 -0.246884 0.964689
1548266201.62982 -0.959483 -1.50946 1.51273 -0.0913316 -0.00705358 -0.247378 0.964579
1548266201.66339 -0.959133 -1.50726 1.51741 -0.091131 -0.00505632 -0.246484 0.96484
1548266201.69654 -0.95895 -1.50407 1.52196 -0.0938507 -0.00405139 -0.246435 0.964596
1548266201.72997 -0.959055 -1.50098 1.52655 -0.0927102 -0.00378588 -0.244406 0.965223
1548266201.76325 -0.959327 -1.49772 1.53103 -0.0929211 -0.00382449 -0.244821 0.965098
1548266201.79640 -0.959829 -1.49391 1.536 -0.0961291 -0.00469422 -0.245762 0.964541
1548266201.82988 -0.959734 -1.48997 1.54151 -0.0985367 -0.00487545 -0.248313 0.963643
1548266201.86327 -0.959612 -1.48627 1.5476 -0.0989071 -0.00520252 -0.251897 0.962672
1548266201.89636 -0.958683 -1.48239 1.55431 -0.100634 -0.00378242 -0.257174 0.961104
1548266201.92976 -0.957575 -1.47788 1.56191 -0.106641 -0.00323039 -0.260567 0.959543
1548266201.96308 -0.957041 -1.4739 1.57066 -0.105525 -0.00279191 -0.266417 0.95806
1548266201.99650 -0.956324 -1.4704 1.57955 -0.107355 -0.00255073 -0.270046 0.95684
1548266202.02983 -0.955703 -1.46684 1.5893 -0.107475 -0.004686 -0.271584 0.956383
1548266202.06274 -0.954409 -1.46359 1.60002 -0.104911 -0.00604649 -0.27539 0.955572
1548266202.09599 -0.952249 -1.45944 1.61064 -0.108669 -0.00529133 -0.280647 0.953625
1548266202.12964 -0.950336 -1.45484 1.62117 -0.109811 -0.006301 -0.281127 0.953346
1548266202.16306 -0.946929 -1.45036 1.63064 -0.11292 -0.00760317 -0.282072 0.952694
1548266202.19643 -0.943555 -1.44599 1.63941 -0.112231 -0.00667668 -0.284214 0.952146
1548266202.22967 -0.939365 -1.44073 1.64683 -0.116707 -0.00702869 -0.284854 0.951414
1548266202.26291 -0.934694 -1.43587 1.65324 -0.120015 -0.00581662 -0.284576 0.951094
1548266202.29646 -0.930079 -1.43162 1.65947 -0.11992 -0.00581445 -0.283842 0.951325
1548266202.32982 -0.925065 -1.42681 1.66513 -0.122494 -0.00520825 -0.285026 0.950646
1548266202.36320 -0.920807 -1.42232 1.67049 -0.125248 -0.00392804 -0.287443 0.949565
1548266202.39652 -0.915858 -1.41922 1.6758 -0.125429 -0.00138554 -0.290668 0.948566
1548266202.42993 -0.911477 -1.41623 1.68157 -0.123684 0.000960755 -0.295814 0.947204
1548266202.46321 -0.907952 -1.4128 1.68755 -0.122778 -0.000113927 -0.290853 0.948857
1548266202.49659 -0.904688 -1.41022 1.69385 -0.122277 -0.00256392 -0.288055 0.949772
1548266202.52988 -0.901751 -1.40757 1.70052 -0.120426 -0.00289396 -0.288235 0.949953
1548266202.56325 -0.899406 -1.40483 1.70778 -0.12081 -0.00829058 -0.280268 0.952253
1548266202.59662 -0.897159 -1.40291 1.71483 -0.123091 -0.00972255 -0.280925 0.951754
1548266202.62981 -0.895048 -1.40211 1.72262 -0.120805 -0.0107256 -0.279587 0.95243
1548266202.66306 -0.89352 -1.40049 1.73013 -0.121628 -0.0141282 -0.275683 0.953418
1548266202.69636 -0.890898 -1.40031 1.73659 -0.12377 -0.0110485 -0.281878 0.951369
1548266202.72977 -0.887893 -1.40062 1.74301 -0.121025 -0.00882247 -0.282581 0.951537
1548266202.76265 -0.884989 -1.39992 1.74881 -0.119743 -0.00960253 -0.284241 0.951198
1548266202.79640 -0.88207 -1.39922 1.75493 -0.118741 -0.0120967 -0.28131 0.952165
1548266202.82983 -0.880408 -1.39847 1.76095 -0.116707 -0.0129488 -0.283537 0.951745
1548266202.86306 -0.878761 -1.39715 1.76723 -0.11729 -0.0119837 -0.292918 0.948841
1548266202.89634 -0.876606 -1.39703 1.774 -0.114764 -0.0101215 -0.292077 0.94943
1548266202.92970 -0.87454 -1.39869 1.78035 -0.111641 -0.00830343 -0.29926 0.947582
1548266202.96287 -0.873001 -1.39924 1.78705 -0.108548 -0.00612431 -0.304185 0.946389
1548266202.99647 -0.87172 -1.39875 1.79417 -0.105918 -0.00926348 -0.304858 0.946445
1548266203.02965 -0.869561 -1.39908 1.80097 -0.106719 -0.00829414 -0.306302 0.945897
1548266203.06300 -0.867434 -1.40021 1.80822 -0.100531 -0.00806823 -0.310516 0.945203
1548266203.09640 -0.86507 -1.40141 1.81467 -0.0996318 -0.00647203 -0.315152 0.943775
1548266203.12994 -0.862893 -1.40197 1.8217 -0.0963137 -0.00899682 -0.311483 0.945315
1548266203.16319 -0.860339 -1.40156 1.8287 -0.0924725 -0.0144923 -0.302295 0.948608
1548266203.19632 -0.857535 -1.40193 1.83518 -0.0891704 -0.0139332 -0.302831 0.948761
1548266203.22960 -0.854053 -1.40187 1.84114 -0.087958 -0.0108985 -0.307047 0.947558
1548266203.26331 -0.850135 -1.40173 1.84651 -0.0876748 -0.00793898 -0.308731 0.947067
1548266203.29651 -0.846123 -1.40196 1.85167 -0.0848485 -0.00684132 -0.306372 0.948098
1548266203.33001 -0.842299 -1.40243 1.85626 -0.0850002 -0.00321096 -0.306518 0.948056
1548266203.36310 -0.838246 -1.40341 1.86088 -0.0813124 0.00095865 -0.311868 0.946639
1548266203.39633 -0.834184 -1.40425 1.86524 -0.078045 0.00391006 -0.313068 0.946511
1548266203.42964 -0.831011 -1.40486 1.86952 -0.0746365 0.0067218 -0.313209 0.946723
1548266203.46314 -0.828446 -1.40469 1.87332 -0.0745091 0.0107961 -0.319843 0.944475
1548266203.49675 -0.826239 -1.40402 1.87703 -0.0745472 0.00987442 -0.316907 0.945471
1548266203.52956 -0.82444 -1.40354 1.88087 -0.0732981 0.00931965 -0.312678 0.946981
1548266203.56269 -0.822326 -1.40418 1.88453 -0.0672467 0.0114405 -0.318016 0.945628
1548266203.59643 -0.820908 -1.40407 1.88789 -0.0657337 0.00912475 -0.313018 0.947426
1548266203.62955 -0.818851 -1.40412 1.89098 -0.0628125 0.00588564 -0.306097 0.949908
1548266203.66299 -0.815834 -1.40517 1.89334 -0.0605923 0.00869142 -0.308321 0.949311
1548266203.69636 -0.813044 -1.40621 1.89576 -0.0556645 0.00604973 -0.303119 0.951306
1548266203.72981 -0.809847 -1.40705 1.89774 -0.0541807 0.00451844 -0.294882 0.953986
1548266203.76307 -0.806376 -1.40895 1.89963 -0.0489781 0.00651867 -0.297073 0.953575
1548266203.79649 -0.803654 -1.41088 1.90115 -0.0451997 0.00620723 -0.29195 0.955345
1548266203.82953 -0.801172 -1.4125 1.90263 -0.0426585 0.00680363 -0.287006 0.956954
1548266203.86293 -0.797919 -1.41458 1.90468 -0.0385705 0.00820856 -0.286807 0.957177
1548266203.89629 -0.795347 -1.41618 1.90705 -0.0345192 0.00824368 -0.280083 0.959319
1548266203.92998 -0.792394 -1.41664 1.90974 -0.0337608 0.00789135 -0.273722 0.961184
1548266203.96324 -0.789228 -1.41706 1.91279 -0.0326994 0.011453 -0.274559 0.960946
1548266203.99635 -0.786188 -1.41667 1.91619 -0.0319132 0.0110871 -0.270045 0.962255
1548266204.02990 -0.783225 -1.41562 1.91992 -0.0336756 0.0104593 -0.262945 0.964166
1548266204.06298 -0.780394 -1.41554 1.92389 -0.0323656 0.0121441 -0.262566 0.964295
1548266204.09646 -0.778451 -1.4149 1.92812 -0.0344678 0.0122133 -0.261751 0.964442
1548266204.13001 -0.77742 -1.41385 1.93274 -0.0364289 0.00998973 -0.255586 0.966048
1548266204.16333 -0.776878 -1.41357 1.93763 -0.0363029 0.00934092 -0.25437 0.96638
1548266204.19651 -0.776265 -1.41382 1.94252 -0.0364648 0.0111419 -0.258839 0.965168
1548266204.22970 -0.77603 -1.41422 1.94727 -0.037653 0.0100483 -0.256547 0.965746
1548266204.26308 -0.775631 -1.41493 1.95231 -0.0375792 0.00714148 -0.252412 0.966863
1548266204.29659 -0.774817 -1.41668 1.95657 -0.0374297 0.0109276 -0.257637 0.965455
1548266204.32986 -0.774628 -1.41808 1.96041 -0.0380765 0.00998508 -0.255729 0.965947
1548266204.36309 -0.774817 -1.41904 1.96413 -0.0393041 0.00621973 -0.249951 0.96744
1548266204.39645 -0.775282 -1.42119 1.96755 -0.0369827 0.00425496 -0.2498 0.967582
1548266204.42951 -0.776004 -1.42379 1.97017 -0.0368494 0.00155476 -0.246431 0.968458
1548266204.46295 -0.776891 -1.42666 1.97249 -0.0355146 -0.00133558 -0.241885 0.969654
1548266204.49626 -0.778025 -1.43007 1.97449 -0.0330925 -0.00334554 -0.24214 0.969671
1548266204.52980 -0.779091 -1.43385 1.97638 -0.0305254 -0.00512341 -0.241982 0.969787
1548266204.56323 -0.77998 -1.43783 1.97841 -0.0304429 -0.00737475 -0.237541 0.970872
1548266204.59646 -0.780799 -1.44226 1.98114 -0.0268456 -0.0101964 -0.234418 0.971712
1548266204.62971 -0.782129 -1.44619 1.98438 -0.0270025 -0.0146196 -0.22789 0.973203
1548266204.66305 -0.783821 -1.45011 1.98758 -0.0250882 -0.018354 -0.223869 0.974123
1548266204.69657 -0.784317 -1.45392 1.9907 -0.0266876 -0.0165547 -0.228178 0.973113
1548266204.72971 -0.785429 -1.45676 1.99433 -0.0255137 -0.0189494 -0.225384 0.973752
1548266204.76297 -0.788174 -1.45816 1.99772 -0.0283989 -0.0266726 -0.212598 0.976363
1548266204.79657 -0.791486 -1.45996 2.00121 -0.0266807 -0.029475 -0.215184 0.975764
1548266204.82987 -0.793951 -1.46122 2.00454 -0.0285798 -0.0282647 -0.219477 0.974789
1548266204.86332 -0.796412 -1.46156 2.00861 -0.0295262 -0.0322337 -0.214264 0.975797
1548266204.89665 -0.798145 -1.46158 2.01273 -0.0333108 -0.0327752 -0.212266 0.976094
1548266204.92991 -0.799261 -1.46109 2.017 -0.0362192 -0.0324485 -0.214136 0.975593
1548266204.96323 -0.799879 -1.46022 2.02113 -0.0395191 -0.0324742 -0.214396 0.975407
1548266204.99670 -0.800434 -1.46 2.02499 -0.0423072 -0.0350202 -0.208746 0.976427
1548266205.03000 -0.80081 -1.46124 2.02849 -0.0419352 -0.036721 -0.206807 0.976793
1548266205.06288 -0.800255 -1.46371 2.03152 -0.0425375 -0.0353127 -0.206168 0.976954
1548266205.09668 -0.799688 -1.4671 2.03442 -0.0413325 -0.0371268 -0.20014 0.978191
1548266205.13005 -0.798119 -1.47206 2.03704 -0.0394627 -0.0357833 -0.198194 0.978714
1548266205.16320 -0.795667 -1.47784 2.03967 -0.0381704 -0.0329335 -0.197568 0.978992
1548266205.19637 -0.792391 -1.48388 2.04224 -0.0375354 -0.0284327 -0.196292 0.979414
1548266205.22988 -0.788756 -1.49084 2.04502 -0.0337854 -0.0227024 -0.201154 0.978714
1548266205.26292 -0.78481 -1.49753 2.04778 -0.0330707 -0.0175579 -0.200061 0.979068
1548266205.29640 -0.781076 -1.50408 2.05066 -0.031769 -0.0174254 -0.191606 0.980803
1548266205.32968 -0.777776 -1.51106 2.05335 -0.0281174 -0.0152454 -0.191195 0.981031
1548266205.36339 -0.774502 -1.51762 2.05556 -0.0278948 -0.0115145 -0.192013 0.980928
1548266205.39629 -0.772742 -1.52353 2.0579 -0.0261701 -0.0184004 -0.173641 0.984289
1548266205.42961 -0.771762 -1.52938 2.05996 -0.0253119 -0.0196278 -0.173212 0.984364
1548266205.46297 -0.771707 -1.53521 2.06172 -0.0237373 -0.0185738 -0.176211 0.983891
1548266205.49622 -0.772941 -1.54068 2.06338 -0.0224186 -0.027581 -0.160567 0.986385
1548266205.52981 -0.7745 -1.5459 2.06457 -0.0242163 -0.0312422 -0.154421 0.987214
1548266205.56331 -0.776878 -1.55181 2.06576 -0.0208563 -0.0318767 -0.161194 0.986187
1548266205.59667 -0.779978 -1.55708 2.06702 -0.0216824 -0.03953 -0.149646 0.987711
1548266205.62998 -0.783511 -1.56237 2.0688 -0.0215707 -0.0488398 -0.13911 0.988837
1548266205.66326 -0.78684 -1.56763 2.07084 -0.0211067 -0.0523898 -0.140001 0.988539
1548266205.69617 -0.790504 -1.57236 2.07283 -0.0216063 -0.0618574 -0.129225 0.989448
1548266205.72989 -0.793969 -1.57685 2.0749 -0.0231337 -0.068575 -0.121491 0.989951
1548266205.76335 -0.796898 -1.58105 2.07751 -0.0223614 -0.0693642 -0.12644 0.989293
1548266205.79630 -0.799554 -1.58389 2.08055 -0.0241825 -0.0733748 -0.120814 0.989664
1548266205.83010 -0.802665 -1.58498 2.08423 -0.0264062 -0.0826774 -0.107102 0.990453
1548266205.86316 -0.804861 -1.58525 2.08784 -0.033905 -0.083968 -0.108692 0.989942
1548266205.89647 -0.807289 -1.58551 2.09208 -0.0364432 -0.0897889 -0.102826 0.989968
1548266205.92980 -0.809595 -1.5851 2.09622 -0.0416664 -0.0945232 -0.0956271 0.990043
1548266205.96320 -0.812125 -1.58514 2.1004 -0.0446439 -0.0972681 -0.0939552 0.989807
1548266205.99653 -0.814506 -1.58566 2.10456 -0.047598 -0.0998964 -0.0904948 0.98973
1548266206.02980 -0.816808 -1.58638 2.10843 -0.05359 -0.10179 -0.0895523 0.989317
1548266206.06308 -0.819217 -1.58864 2.11252 -0.0544682 -0.103093 -0.0886392 0.989216
1548266206.09621 -0.821814 -1.59115 2.11626 -0.0560117 -0.104962 -0.0865291 0.98912
1548266206.12970 -0.823755 -1.59397 2.11967 -0.0589663 -0.106676 -0.0853896 0.988864
1548266206.16294 -0.824616 -1.59687 2.12307 -0.0628429 -0.105167 -0.0843282 0.988878
1548266206.19648 -0.825291 -1.60052 2.12615 -0.0612538 -0.103267 -0.0850289 0.989118
1548266206.22975 -0.825832 -1.60391 2.12893 -0.0615985 -0.103862 -0.0821975 0.989274
1548266206.26320 -0.825299 -1.60719 2.13115 -0.066728 -0.102767 -0.0795557 0.989271
1548266206.29649 -0.824705 -1.61074 2.13369 -0.065625 -0.102091 -0.0753995 0.98974
1548266206.32982 -0.823568 -1.61399 2.13562 -0.0685001 -0.100612 -0.0724338 0.989918
1548266206.36324 -0.822266 -1.61725 2.13703 -0.0716249 -0.0976731 -0.0695484 0.990198
1548266206.39644 -0.820934 -1.62039 2.13808 -0.0758364 -0.0957559 -0.0669357 0.990252
1548266206.42999 -0.820203 -1.6233 2.13907 -0.0762084 -0.0959292 -0.0608619 0.990599
1548266206.49682 -0.819233 -1.62913 2.13862 -0.0815889 -0.0933846 -0.0557409 0.990715
1548266206.52981 -0.818596 -1.63263 2.13731 -0.0857214 -0.0910805 -0.0542351 0.990664
1548266206.56326 -0.818359 -1.63689 2.13559 -0.0856105 -0.0892265 -0.0515797 0.990984
1548266206.59674 -0.818313 -1.64126 2.13327 -0.0856862 -0.0874822 -0.0506655 0.99118
1548266206.62996 -0.81839 -1.64601 2.13061 -0.0834102 -0.0865097 -0.0474684 0.991618
1548266206.66345 -0.818519 -1.65049 2.12711 -0.0863239 -0.0835145 -0.0460283 0.991693
1548266206.69657 -0.818825 -1.65474 2.12304 -0.0893258 -0.0812855 -0.047794 0.991529
1548266206.72977 -0.819936 -1.65991 2.119 -0.0839132 -0.0815801 -0.0429644 0.992198
1548266206.76279 -0.820308 -1.66401 2.11396 -0.0884365 -0.0792142 -0.0425615 0.992014
1548266206.79659 -0.821186 -1.66905 2.1094 -0.0864294 -0.0764246 -0.0432277 0.992381
1548266206.82981 -0.822121 -1.674 2.10448 -0.0870259 -0.0742036 -0.03949 0.992653
1548266206.86315 -0.823709 -1.67874 2.09984 -0.0852107 -0.0747396 -0.0385218 0.992809
1548266206.89634 -0.825442 -1.68445 2.09522 -0.0827809 -0.0708415 -0.0386987 0.993293
1548266206.92948 -0.827446 -1.68974 2.09066 -0.0832761 -0.0705442 -0.0383673 0.993286
1548266206.96301 -0.82986 -1.69472 2.08606 -0.0844662 -0.0710349 -0.0363569 0.993226
1548266206.99660 -0.832806 -1.69982 2.08198 -0.083346 -0.0712207 -0.0360044 0.99332
1548266207.02994 -0.835336 -1.70498 2.0779 -0.0817024 -0.070138 -0.035145 0.993564
1548266207.06305 -0.837905 -1.70926 2.07386 -0.0837758 -0.0698324 -0.0318712 0.993524
1548266207.09631 -0.840287 -1.71456 2.06995 -0.0809713 -0.0690827 -0.030434 0.993854
1548266207.13023 -0.842375 -1.7194 2.06603 -0.0816368 -0.0665129 -0.0324669 0.99391
1548266207.16332 -0.844848 -1.72382 2.06215 -0.0821056 -0.0656153 -0.0320852 0.993944
1548266207.19673 -0.847613 -1.72887 2.05848 -0.0795473 -0.0641821 -0.0303342 0.9943
1548266207.22983 -0.850708 -1.7339 2.05503 -0.074828 -0.0640448 -0.0297543 0.994693
1548266207.26328 -0.8536 -1.73813 2.05095 -0.0795207 -0.0610335 -0.0300549 0.994509
1548266207.29631 -0.857152 -1.74312 2.04731 -0.0765734 -0.0609539 -0.0310307 0.994715
1548266207.32992 -0.860941 -1.74772 2.04337 -0.0755653 -0.0599017 -0.0310623 0.994855
1548266207.36337 -0.865023 -1.75177 2.0392 -0.075913 -0.0579766 -0.0287312 0.995013
1548266207.39658 -0.869395 -1.75562 2.03509 -0.0759929 -0.0601623 -0.0291022 0.994866
1548266207.43000 -0.873626 -1.75946 2.03093 -0.0759213 -0.0586522 -0.0280047 0.994993
1548266207.46315 -0.877736 -1.76311 2.02701 -0.073359 -0.0597147 -0.0297106 0.995073
1548266207.49664 -0.881369 -1.76586 2.02281 -0.0753256 -0.0581294 -0.0282883 0.995061
1548266207.52975 -0.884682 -1.76862 2.01896 -0.0752154 -0.0586723 -0.0260337 0.995099
1548266207.56307 -0.887418 -1.77113 2.01509 -0.0744663 -0.0591448 -0.0256623 0.995137
1548266207.59646 -0.889529 -1.77346 2.01096 -0.0755266 -0.0595872 -0.024313 0.995065
1548266207.62977 -0.890909 -1.77621 2.00712 -0.0701187 -0.0612853 -0.022128 0.995408
1548266207.66312 -0.891411 -1.77824 2.00281 -0.0686473 -0.0624208 -0.0201644 0.995482
1548266207.69646 -0.890943 -1.78003 1.99818 -0.0695202 -0.0604253 -0.0190115 0.995567
1548266207.72986 -0.890273 -1.78181 1.99379 -0.0661869 -0.0609926 -0.0174431 0.995789
1548266207.76304 -0.88917 -1.78254 1.98921 -0.0652853 -0.0616397 -0.0166498 0.995822
1548266207.79614 -0.887522 -1.78315 1.98488 -0.0647485 -0.0614114 -0.0162554 0.995878
1548266207.82989 -0.885958 -1.78329 1.98075 -0.0633446 -0.0620378 -0.0140835 0.995962
1548266207.86334 -0.884189 -1.78293 1.9769 -0.0646091 -0.0616747 -0.0125079 0.995924
1548266207.89632 -0.882617 -1.78202 1.97359 -0.0655733 -0.0630112 -0.0114204 0.995791
1548266207.92957 -0.880872 -1.7806 1.97057 -0.0684862 -0.0626349 -0.0102299 0.995631
1548266207.96306 -0.879408 -1.77965 1.96832 -0.0655515 -0.0634841 -0.00994138 0.995778
1548266207.99650 -0.877354 -1.77727 1.96613 -0.0677825 -0.0632286 -0.0114659 0.995629
1548266208.03007 -0.875378 -1.77385 1.96439 -0.0695989 -0.0638269 -0.008266 0.995497
1548266208.06312 -0.873345 -1.77012 1.96301 -0.0706804 -0.0655465 -0.00779724 0.995313
1548266208.09654 -0.870634 -1.76596 1.96156 -0.0773141 -0.0643414 -0.0121229 0.994855
1548266208.12997 -0.868553 -1.76181 1.96072 -0.0784919 -0.0656 -0.0138732 0.994657
1548266208.16322 -0.867054 -1.75722 1.95976 -0.0805751 -0.0673653 -0.0115434 0.994403
1548266208.19678 -0.865336 -1.75278 1.95857 -0.0835661 -0.0677642 -0.0132055 0.994108
1548266208.22988 -0.863265 -1.74846 1.95716 -0.0890908 -0.0666739 -0.0147815 0.99368
1548266208.26308 -0.861397 -1.74448 1.95586 -0.0908051 -0.0691047 -0.0162981 0.993334
1548266208.29653 -0.859057 -1.7412 1.95429 -0.0938617 -0.068544 -0.0160708 0.993093
1548266208.32980 -0.856624 -1.73853 1.95289 -0.0960841 -0.069158 -0.0183752 0.992798
1548266208.36314 -0.854235 -1.73644 1.95154 -0.0974809 -0.0687726 -0.0197351 0.992662
1548266208.39662 -0.852128 -1.73527 1.95061 -0.0968993 -0.0715859 -0.0196105 0.992523
1548266208.42995 -0.849191 -1.73462 1.95029 -0.0981164 -0.0710362 -0.0220783 0.992391
1548266208.46317 -0.846297 -1.73473 1.95112 -0.09645 -0.0706106 -0.0241806 0.992536
1548266208.49657 -0.84352 -1.73478 1.95224 -0.0970174 -0.0706045 -0.0251999 0.992455
1548266208.52964 -0.840785 -1.73497 1.95374 -0.0986821 -0.0700773 -0.0277292 0.992261
1548266208.56304 -0.838574 -1.73525 1.95585 -0.0949459 -0.0714443 -0.0280965 0.992518
1548266208.59647 -0.835857 -1.73471 1.95755 -0.0994471 -0.072106 -0.0303696 0.991962
1548266208.62956 -0.833228 -1.73431 1.95962 -0.0981663 -0.073244 -0.031274 0.991978
1548266208.66313 -0.829997 -1.73345 1.962 -0.0964434 -0.0753164 -0.0315072 0.991985
1548266208.69620 -0.825917 -1.73153 1.9641 -0.100907 -0.0768709 -0.034227 0.991331
1548266208.73004 -0.821342 -1.73003 1.9665 -0.103514 -0.077224 -0.0359943 0.990972
1548266208.76339 -0.816258 -1.72872 1.96919 -0.103782 -0.0777422 -0.0372057 0.990859
1548266208.79666 -0.810461 -1.72709 1.97176 -0.108373 -0.076779 -0.0352578 0.990514
1548266208.83005 -0.804968 -1.72613 1.97454 -0.107 -0.0785717 -0.0365486 0.990476
1548266208.86328 -0.798852 -1.725 1.97705 -0.110804 -0.0761005 -0.0420055 0.990034
1548266208.89677 -0.793078 -1.72469 1.97966 -0.111455 -0.0781568 -0.0414086 0.989826
1548266208.92988 -0.787302 -1.72522 1.9824 -0.108212 -0.0786814 -0.038212 0.990272
1548266208.96336 -0.780788 -1.72556 1.9844 -0.111861 -0.0794343 -0.0432863 0.989598
1548266208.99662 -0.774582 -1.72604 1.98656 -0.11248 -0.0806353 -0.0439375 0.989402
1548266209.06337 -0.76215 -1.72751 1.99065 -0.108721 -0.0812726 -0.0416669 0.989868
1548266209.09655 -0.755757 -1.7281 1.99247 -0.109982 -0.0813775 -0.0429835 0.989664
1548266209.12972 -0.749918 -1.72834 1.99439 -0.111786 -0.0826662 -0.0422796 0.989385
1548266209.16315 -0.744741 -1.72864 1.99674 -0.109305 -0.0839992 -0.0422517 0.989551
1548266209.19649 -0.73937 -1.72853 1.99867 -0.114022 -0.0845916 -0.0457616 0.988812
1548266209.22987 -0.735486 -1.7291 2.00133 -0.111254 -0.0863928 -0.0419063 0.989142
1548266209.26315 -0.731614 -1.72977 2.00387 -0.11225 -0.0877531 -0.0424186 0.988888
1548266209.29597 -0.728328 -1.73079 2.00626 -0.115023 -0.0892834 -0.0456357 0.988289
1548266209.32966 -0.725472 -1.73239 2.00898 -0.114084 -0.0906269 -0.0465058 0.988235
1548266209.36319 -0.72238 -1.73413 2.01158 -0.114177 -0.0920072 -0.0474705 0.988051
1548266209.39645 -0.71939 -1.7365 2.01433 -0.115927 -0.0925738 -0.0487866 0.98773
1548266209.42971 -0.716465 -1.73933 2.0173 -0.114166 -0.0927285 -0.0538233 0.987659
1548266209.46307 -0.713525 -1.74204 2.02041 -0.114609 -0.0902634 -0.0557794 0.987728
1548266209.49632 -0.71132 -1.74494 2.02366 -0.112155 -0.0913542 -0.0568345 0.987849
1548266209.52949 -0.709137 -1.74752 2.02619 -0.11723 -0.091034 -0.0588565 0.987171
1548266209.56332 -0.707645 -1.75092 2.02942 -0.113706 -0.09036 -0.0618988 0.987459
1548266209.59691 -0.706018 -1.75433 2.03229 -0.116961 -0.0886239 -0.0632931 0.987147
1548266209.63004 -0.705529 -1.75884 2.03532 -0.114795 -0.0887462 -0.0665 0.98718
1548266209.66319 -0.704589 -1.76374 2.03806 -0.115984 -0.0865382 -0.0740307 0.986701
1548266209.69668 -0.703938 -1.76929 2.04105 -0.115509 -0.0857893 -0.074853 0.98676
1548266209.73006 -0.703234 -1.77561 2.04362 -0.115379 -0.0856462 -0.0775727 0.986577
1548266209.76321 -0.702334 -1.78338 2.04601 -0.113441 -0.0823905 -0.0801054 0.986877
1548266209.79643 -0.701746 -1.79112 2.04809 -0.110547 -0.0824694 -0.0823784 0.987012
1548266209.83010 -0.700557 -1.79889 2.04943 -0.112002 -0.079847 -0.0830698 0.987005
1548266209.86345 -0.699222 -1.80781 2.05046 -0.108806 -0.0771566 -0.0871239 0.987227
1548266209.89667 -0.698307 -1.8157 2.05079 -0.107619 -0.0753848 -0.0884691 0.987375
1548266209.92985 -0.697443 -1.82343 2.05032 -0.110611 -0.0753236 -0.0875429 0.987131
1548266209.96289 -0.696498 -1.83156 2.04905 -0.109985 -0.0730857 -0.0903936 0.987112
1548266209.99613 -0.695226 -1.84038 2.04719 -0.10767 -0.072251 -0.091678 0.987311
1548266210.02982 -0.693373 -1.84898 2.04499 -0.107326 -0.0714422 -0.0867653 0.987851
1548266210.06331 -0.690859 -1.85808 2.04208 -0.1074 -0.0676889 -0.088003 0.987997
1548266210.09630 -0.688777 -1.86836 2.03779 -0.105197 -0.0648627 -0.092825 0.987983
1548266210.12987 -0.687735 -1.87848 2.03241 -0.104511 -0.0664581 -0.0889905 0.988302
1548266210.16315 -0.687579 -1.88905 2.0263 -0.101706 -0.0683634 -0.0848923 0.988825
1548266210.19639 -0.687749 -1.90118 2.01955 -0.0961162 -0.0672836 -0.0890155 0.989096
1548266210.22983 -0.688079 -1.91271 2.01197 -0.0961232 -0.070333 -0.0827897 0.989424
1548266210.26317 -0.688383 -1.92506 2.00516 -0.0885237 -0.0741711 -0.080099 0.990074
1548266210.29624 -0.686903 -1.93732 1.99817 -0.0853233 -0.0712261 -0.0856034 0.990111
1548266210.32991 -0.685379 -1.94815 1.99098 -0.0849762 -0.0693032 -0.0853119 0.990302
1548266210.36344 -0.683939 -1.95809 1.98399 -0.0835014 -0.0714113 -0.07994 0.990726
1548266210.39675 -0.681913 -1.9675 1.97666 -0.081654 -0.0681781 -0.0814571 0.990984
1548266210.43007 -0.680208 -1.97603 1.96937 -0.0800987 -0.0646026 -0.0841358 0.991127
1548266210.46343 -0.678936 -1.98326 1.9621 -0.0790443 -0.0653351 -0.0777192 0.991687
1548266210.49687 -0.677169 -1.99057 1.95488 -0.0773327 -0.0626499 -0.0800251 0.991812
1548266210.53015 -0.675295 -1.99732 1.94765 -0.0768517 -0.0570948 -0.087099 0.991589
1548266210.56338 -0.673461 -2.00266 1.94068 -0.0781519 -0.0562565 -0.086511 0.991586
1548266210.59659 -0.670866 -2.00794 1.93424 -0.0766669 -0.0541515 -0.0891522 0.991585
1548266210.63001 -0.667079 -2.01281 1.92758 -0.0800675 -0.0456003 -0.0981026 0.990902
1548266210.66353 -0.663307 -2.01758 1.92162 -0.078665 -0.0426496 -0.0991608 0.99104
1548266210.69669 -0.659208 -2.02168 1.91583 -0.0782123 -0.0383601 -0.103915 0.990764
1548266210.72986 -0.655017 -2.02575 1.91003 -0.081113 -0.03126 -0.116426 0.989388
1548266210.76321 -0.651463 -2.03001 1.90501 -0.0827896 -0.0282845 -0.116733 0.989302
1548266210.79656 -0.647997 -2.03346 1.89998 -0.082849 -0.0259146 -0.119604 0.989019
1548266210.82985 -0.644038 -2.03773 1.89475 -0.0797558 -0.0214486 -0.131276 0.9879
1548266210.86319 -0.639527 -2.04149 1.88865 -0.0837779 -0.0164 -0.139805 0.986492
1548266210.89643 -0.635412 -2.04489 1.88274 -0.0836293 -0.0135902 -0.143117 0.986073
1548266210.92985 -0.63116 -2.04894 1.8775 -0.0806326 -0.0100296 -0.146787 0.985825
1548266210.96323 -0.625897 -2.05327 1.87249 -0.0832888 -0.00590981 -0.154228 0.984501
1548266210.99620 -0.620334 -2.05758 1.86867 -0.0796141 -0.0041759 -0.159514 0.983971
1548266211.02982 -0.614461 -2.06097 1.86492 -0.0846955 -0.00129357 -0.161314 0.983261
1548266211.06300 -0.608857 -2.06498 1.8613 -0.0853972 0.00157821 -0.166519 0.982332
1548266211.09650 -0.603101 -2.0696 1.85828 -0.0851508 0.00337206 -0.171586 0.981477
1548266211.12961 -0.596773 -2.0741 1.85605 -0.085097 0.0054595 -0.175635 0.980755
1548266211.16341 -0.590984 -2.07961 1.85469 -0.0804654 0.00246898 -0.179814 0.980401
1548266211.19642 -0.583736 -2.08408 1.85299 -0.0869142 0.00680496 -0.181506 0.979518
1548266211.22974 -0.576333 -2.08951 1.85243 -0.0879626 0.00724511 -0.184364 0.978887
1548266211.26322 -0.568415 -2.09514 1.8522 -0.0893908 0.00887058 -0.189467 0.977769
1548266211.29673 -0.56036 -2.10133 1.85209 -0.0886221 0.0104705 -0.196519 0.976431
1548266211.33001 -0.55168 -2.10689 1.8524 -0.0886573 0.0115365 -0.204236 0.974831
1548266211.36336 -0.542861 -2.11097 1.85289 -0.0949696 0.0117541 -0.200983 0.97491
1548266211.39652 -0.533718 -2.11555 1.85388 -0.0941252 0.0107135 -0.205347 0.974094
1548266211.43008 -0.524258 -2.12148 1.85537 -0.089459 0.00945619 -0.209578 0.973645
1548266211.46339 -0.515108 -2.12653 1.85653 -0.0900329 0.00939363 -0.209077 0.973701
1548266211.49682 -0.506152 -2.13108 1.85755 -0.0938048 0.00781673 -0.206599 0.973887
1548266211.52955 -0.496722 -2.13612 1.8585 -0.093414 0.0085128 -0.211594 0.972846
1548266211.56313 -0.487347 -2.14065 1.85947 -0.0930948 0.00753245 -0.207947 0.973671
1548266211.62980 -0.46697 -2.14943 1.86076 -0.0938775 0.00909913 -0.210833 0.972961
1548266211.66324 -0.456338 -2.1533 1.86124 -0.0939505 0.0095152 -0.210897 0.972936
1548266211.69634 -0.445497 -2.1565 1.86168 -0.0937702 0.0092604 -0.209836 0.973186
1548266211.72991 -0.43437 -2.15995 1.86179 -0.0933907 0.0120011 -0.211831 0.97276
1548266211.76301 -0.423148 -2.16311 1.86189 -0.0941086 0.01433 -0.213641 0.972263
1548266211.79646 -0.412463 -2.16504 1.86228 -0.0939251 0.0130977 -0.208335 0.973449
1548266211.82988 -0.401682 -2.16676 1.86274 -0.0932631 0.0137517 -0.208805 0.973403
1548266211.86285 -0.391814 -2.16847 1.86336 -0.0928299 0.0149855 -0.207718 0.973659
1548266211.89655 -0.382823 -2.16877 1.8639 -0.0955286 0.0131751 -0.205394 0.973917
1548266211.93003 -0.374731 -2.16907 1.86479 -0.0975127 0.0116104 -0.2043 0.97397
1548266211.96344 -0.366962 -2.16944 1.86567 -0.0984993 0.0112439 -0.205979 0.973521
1548266211.99670 -0.359042 -2.1696 1.86662 -0.0990674 0.0103305 -0.20783 0.973081
1548266212.02971 -0.351781 -2.16986 1.8675 -0.100327 0.00894272 -0.207159 0.973108
1548266212.06328 -0.344432 -2.17076 1.86793 -0.102754 0.0108465 -0.213172 0.971536
1548266212.09685 -0.336963 -2.17216 1.86818 -0.103195 0.0123158 -0.215096 0.971047
1548266212.12999 -0.330218 -2.17322 1.86826 -0.107024 0.0102256 -0.211575 0.971431
1548266212.16332 -0.323957 -2.17558 1.86801 -0.10787 0.00908888 -0.212052 0.971244
1548266212.19661 -0.317486 -2.17858 1.86726 -0.107033 0.00885795 -0.214692 0.970759
1548266212.22999 -0.310988 -2.18211 1.86643 -0.106992 0.00811242 -0.212678 0.971213
1548266212.26343 -0.304754 -2.18627 1.86558 -0.106434 0.00708485 -0.214351 0.970915
1548266212.29696 -0.298414 -2.19125 1.86478 -0.104824 0.0083567 -0.215786 0.970762
1548266212.32996 -0.291742 -2.19627 1.86414 -0.104869 0.00811896 -0.214381 0.97107
1548266212.36323 -0.284679 -2.20133 1.86362 -0.106061 0.00877327 -0.213903 0.971041
1548266212.39658 -0.277377 -2.20726 1.86406 -0.10336 0.00833567 -0.216176 0.970832
1548266212.42991 -0.270231 -2.21338 1.8647 -0.10296 0.00900195 -0.217169 0.970647
1548266212.46327 -0.263155 -2.21927 1.86566 -0.106928 0.00989848 -0.216646 0.970326
1548266212.49663 -0.256965 -2.2257 1.86778 -0.110098 0.0110373 -0.213707 0.970611
1548266212.53010 -0.252096 -2.23155 1.86978 -0.102088 0.00236817 -0.221264 0.969853
1548266212.56326 -0.247404 -2.2376 1.87235 -0.102996 0.000860302 -0.223154 0.969326
1548266212.59657 -0.243283 -2.24304 1.87511 -0.103116 -0.00362223 -0.227759 0.968235
1548266212.62980 -0.239607 -2.24823 1.87872 -0.110644 -0.00111614 -0.226814 0.967632
1548266212.66329 -0.235125 -2.25495 1.88144 -0.102007 -0.0108036 -0.230604 0.967626
1548266212.69643 -0.229987 -2.26207 1.88461 -0.103649 -0.0101009 -0.234851 0.966437
1548266212.72994 -0.224531 -2.26857 1.88787 -0.0967506 -0.015101 -0.237948 0.966329
1548266212.76330 -0.218717 -2.27458 1.89081 -0.0990444 -0.0159994 -0.236862 0.966349
1548266212.79665 -0.212865 -2.28032 1.89364 -0.101147 -0.0156359 -0.239413 0.965508
1548266212.83004 -0.207348 -2.28562 1.89687 -0.0966405 -0.0167851 -0.240042 0.965795
1548266212.86335 -0.201659 -2.2898 1.89988 -0.0981354 -0.0190478 -0.237953 0.966118
1548266212.89677 -0.195921 -2.29324 1.90231 -0.101712 -0.0184747 -0.240027 0.965246
1548266212.92998 -0.190285 -2.29698 1.90446 -0.0991482 -0.0180736 -0.241492 0.965155
1548266212.96332 -0.184265 -2.29982 1.90594 -0.10322 -0.0186556 -0.240645 0.964929
1548266212.99663 -0.178168 -2.30291 1.90726 -0.101651 -0.0177349 -0.241337 0.96494
1548266213.03009 -0.171373 -2.30585 1.90793 -0.102612 -0.0166773 -0.244806 0.963983
1548266213.06343 -0.16464 -2.30846 1.90843 -0.106476 -0.0148862 -0.242856 0.964086
1548266213.09679 -0.157703 -2.31131 1.90877 -0.102497 -0.0159422 -0.246261 0.963637
1548266213.12997 -0.150713 -2.31395 1.90882 -0.103306 -0.0152796 -0.247555 0.963229
1548266213.16313 -0.143373 -2.31671 1.90854 -0.102572 -0.0136249 -0.250038 0.962691
1548266213.19641 -0.136505 -2.31915 1.90801 -0.101606 -0.0116513 -0.251877 0.96234
1548266213.22981 -0.130157 -2.32095 1.90715 -0.0999838 -0.0101496 -0.252953 0.962245
1548266213.26332 -0.123961 -2.32213 1.90623 -0.0999295 -0.0103009 -0.255216 0.961651
1548266213.29638 -0.117833 -2.32304 1.90501 -0.0997683 -0.0106218 -0.257478 0.961061
1548266213.32988 -0.111704 -2.32348 1.90361 -0.100065 -0.0101147 -0.260259 0.960286
1548266213.36317 -0.105106 -2.32334 1.90221 -0.101503 -0.00983567 -0.263642 0.959215
1548266213.39644 -0.0979942 -2.32289 1.90075 -0.102849 -0.0106373 -0.263781 0.959025
1548266213.42986 -0.0902821 -2.32249 1.8989 -0.103178 -0.0109747 -0.26981 0.957307
1548266213.46326 -0.0820045 -2.32206 1.89673 -0.104632 -0.0107337 -0.276024 0.955378
1548266213.49656 -0.0728014 -2.32157 1.89464 -0.104651 -0.00948728 -0.276747 0.95518
1548266213.53003 -0.0630771 -2.32055 1.89233 -0.105742 -0.00881989 -0.27583 0.955332
1548266213.56349 -0.0533864 -2.3193 1.8897 -0.107463 -0.00892185 -0.281799 0.953395
1548266213.59672 -0.044091 -2.31828 1.88684 -0.107987 -0.00755083 -0.28468 0.952491
1548266213.62980 -0.0348618 -2.31718 1.88337 -0.109491 -0.00674202 -0.283866 0.952568
1548266213.66343 -0.0259055 -2.31601 1.87936 -0.109371 -0.00678943 -0.287676 0.951438
1548266213.69682 -0.0170319 -2.31502 1.87496 -0.11086 -0.00476845 -0.294074 0.94932
1548266213.73009 -0.00850578 -2.31403 1.87022 -0.111792 -0.00354283 -0.294042 0.949226
1548266213.76345 -7.33351e-05 -2.31276 1.86501 -0.113869 -0.00193555 -0.292953 0.94932
1548266213.79674 0.00816671 -2.31135 1.85935 -0.114926 -0.000269662 -0.299982 0.946997
1548266213.83010 0.0166922 -2.31036 1.8537 -0.115816 0.00370684 -0.301843 0.946289
1548266213.86351 0.0253122 -2.30932 1.84821 -0.117564 0.00482449 -0.299417 0.94684
1548266213.89664 0.0339835 -2.30846 1.84291 -0.119818 0.0073636 -0.301216 0.94597
1548266213.93014 0.0421461 -2.30764 1.83767 -0.121418 0.0101314 -0.308285 0.943459
1548266213.96327 0.0497024 -2.30683 1.83277 -0.122316 0.0132338 -0.309266 0.942984
1548266213.99626 0.0563642 -2.30564 1.82799 -0.123637 0.0132237 -0.313224 0.941504
1548266214.02982 0.0623375 -2.30387 1.8237 -0.126783 0.0140346 -0.320548 0.938604
1548266214.06336 0.0680755 -2.3021 1.82013 -0.133529 0.0229561 -0.323474 0.936487
1548266214.09634 0.0756551 -2.30119 1.8162 -0.130383 0.016547 -0.327356 0.935716
1548266214.16333 0.0892956 -2.29876 1.80923 -0.134022 0.0213694 -0.333737 0.932846
1548266214.19645 0.0952024 -2.29734 1.80526 -0.135095 0.0214013 -0.340451 0.930261
1548266214.22995 0.101386 -2.29642 1.80106 -0.136955 0.0233636 -0.345759 0.927981
1548266214.26313 0.107667 -2.296 1.79717 -0.138526 0.0245338 -0.344403 0.928222
1548266214.29619 0.113912 -2.29647 1.79328 -0.140474 0.0236391 -0.347767 0.926696
1548266214.33002 0.12015 -2.29826 1.79022 -0.138033 0.0267548 -0.351236 0.92567
1548266214.36311 0.126587 -2.30126 1.78809 -0.136005 0.0297528 -0.352912 0.925241
1548266214.39670 0.132984 -2.30497 1.78668 -0.134132 0.0308569 -0.352475 0.925645
1548266214.42985 0.13888 -2.30964 1.78593 -0.130179 0.0322263 -0.353781 0.925664
1548266214.46333 0.144564 -2.31501 1.78562 -0.126675 0.0331272 -0.355357 0.925515
1548266214.49659 0.14962 -2.3204 1.78547 -0.12301 0.0322723 -0.356038 0.925778
1548266214.53002 0.15446 -2.32601 1.78562 -0.120441 0.0305953 -0.356998 0.925803
1548266214.56347 0.159015 -2.33184 1.78632 -0.116452 0.0304757 -0.357306 0.926198
1548266214.59677 0.163723 -2.33737 1.7872 -0.114114 0.0269612 -0.361388 0.925014
1548266214.63003 0.16855 -2.34284 1.78868 -0.113785 0.0254177 -0.361768 0.924949
1548266214.66348 0.173218 -2.34847 1.79074 -0.11204 0.0238625 -0.361396 0.925349
1548266214.69685 0.178136 -2.35416 1.79324 -0.110637 0.0213789 -0.361918 0.925374
1548266214.72995 0.183395 -2.3599 1.79595 -0.111077 0.0182035 -0.363551 0.92475
1548266214.76289 0.188448 -2.3662 1.79909 -0.109742 0.0177178 -0.364213 0.924658
1548266214.79651 0.193223 -2.3723 1.80199 -0.109768 0.013762 -0.365002 0.924411
1548266214.82984 0.198045 -2.37842 1.80471 -0.108527 0.00928491 -0.367549 0.923603
1548266214.86325 0.203383 -2.38455 1.80754 -0.107558 0.00430536 -0.370272 0.922665
1548266214.89667 0.209162 -2.39111 1.81099 -0.105093 0.00137763 -0.369097 0.923429
1548266214.92999 0.215545 -2.39757 1.81456 -0.104287 0.000850589 -0.368714 0.923674
1548266214.96325 0.22228 -2.4039 1.81805 -0.103672 -0.00149359 -0.374391 0.921456
1548266214.99658 0.228576 -2.41055 1.82211 -0.099889 0.000421774 -0.372991 0.922442
1548266215.03016 0.234765 -2.41588 1.8253 -0.100736 -0.00610077 -0.374826 0.921586
1548266215.06306 0.239907 -2.4209 1.82858 -0.0955109 -0.00727084 -0.382071 0.919155
1548266215.09623 0.245253 -2.42602 1.832 -0.0967512 -0.00830783 -0.37627 0.921407
1548266215.12996 0.249108 -2.43039 1.83567 -0.0883528 -0.0189217 -0.381344 0.920007
1548266215.16351 0.255071 -2.43275 1.83864 -0.0941016 -0.012337 -0.38015 0.920043
1548266215.19664 0.260104 -2.43463 1.8418 -0.0943928 -0.0147951 -0.383971 0.918389
1548266215.23023 0.2651 -2.4358 1.84484 -0.0948966 -0.0173367 -0.386094 0.917401
1548266215.26331 0.269605 -2.43561 1.84748 -0.0914558 -0.0203264 -0.394206 0.914235
1548266215.29651 0.275273 -2.43619 1.85087 -0.101541 -0.0117453 -0.382608 0.918239
1548266215.32998 0.280148 -2.4339 1.85289 -0.0954973 -0.0206023 -0.400151 0.911227
1548266215.36353 0.285902 -2.43263 1.85553 -0.103877 -0.0168719 -0.39067 0.914495
1548266215.39670 0.290503 -2.42868 1.85683 -0.0949416 -0.0284289 -0.407249 0.907924
1548266215.42992 0.296287 -2.42591 1.8589 -0.100865 -0.0271934 -0.403656 0.908927
1548266215.46335 0.301594 -2.4222 1.86043 -0.10063 -0.0289519 -0.404879 0.908355
1548266215.49682 0.3073 -2.41736 1.86156 -0.0991245 -0.032485 -0.412859 0.904802
1548266215.53005 0.313697 -2.41333 1.86298 -0.103174 -0.0299683 -0.41011 0.905686
1548266215.56335 0.319999 -2.41045 1.86456 -0.101989 -0.0342691 -0.407488 0.90685
1548266215.59661 0.326788 -2.40623 1.86559 -0.103526 -0.0354127 -0.407626 0.90657
1548266215.62980 0.335085 -2.40178 1.86629 -0.11126 -0.0286155 -0.401462 0.908642
1548266215.66328 0.342796 -2.39803 1.86667 -0.111548 -0.0301993 -0.404369 0.907266
1548266215.69660 0.350904 -2.39407 1.86633 -0.110584 -0.0351641 -0.410391 0.904497
1548266215.73013 0.359752 -2.39111 1.86579 -0.11504 -0.0328756 -0.405787 0.906102
1548266215.76326 0.369218 -2.38843 1.86458 -0.113166 -0.0315502 -0.40881 0.905026
1548266215.79655 0.379268 -2.38417 1.86192 -0.111045 -0.0333664 -0.420436 0.899883
1548266215.82982 0.390534 -2.38251 1.86003 -0.116912 -0.0249631 -0.40744 0.905373
1548266215.86306 0.400841 -2.37839 1.85647 -0.119317 -0.0220956 -0.418419 0.900112
1548266215.89665 0.413033 -2.3766 1.85243 -0.125489 -0.0212705 -0.409685 0.903304
1548266215.93023 0.423427 -2.37427 1.84764 -0.124707 -0.0166117 -0.409297 0.903686
1548266215.96347 0.433452 -2.37176 1.84175 -0.127565 -0.0188407 -0.411569 0.90221
1548266215.99687 0.442882 -2.36899 1.83468 -0.133576 -0.0110606 -0.407911 0.90313
1548266216.03012 0.451317 -2.36687 1.82743 -0.134547 -0.00858839 -0.411573 0.901349
1548266216.06361 0.458845 -2.36511 1.81995 -0.136775 -0.0101331 -0.406881 0.903127
1548266216.09674 0.466287 -2.36376 1.81237 -0.137892 -0.00548494 -0.408699 0.902176
1548266216.13010 0.473594 -2.36249 1.80451 -0.141843 -0.000266075 -0.405138 0.903185
1548266216.16343 0.480588 -2.36206 1.7969 -0.145167 0.00359838 -0.404145 0.903095
1548266216.19674 0.487265 -2.36204 1.78963 -0.147282 0.00847024 -0.404977 0.902347
1548266216.22989 0.493241 -2.36304 1.78299 -0.145909 0.0119537 -0.404709 0.902651
1548266216.26349 0.498717 -2.3638 1.77626 -0.148037 0.0176146 -0.401 0.903866
1548266216.29685 0.503388 -2.36503 1.77001 -0.14888 0.0238416 -0.399947 0.904051
1548266216.33007 0.507227 -2.36625 1.76412 -0.148939 0.0278237 -0.398164 0.904714
1548266216.36332 0.509382 -2.36778 1.7585 -0.147918 0.0318298 -0.397241 0.905156
1548266216.39669 0.510314 -2.36961 1.75319 -0.145343 0.0335112 -0.39728 0.905495
1548266216.42999 0.510001 -2.37092 1.7477 -0.144618 0.0352022 -0.396216 0.906013
1548266216.46332 0.508631 -2.37222 1.74217 -0.14494 0.0382442 -0.39598 0.905941
1548266216.49667 0.50638 -2.37369 1.73705 -0.14349 0.0405102 -0.395305 0.906368
1548266216.52984 0.50327 -2.37531 1.7323 -0.13836 0.0374385 -0.397254 0.906446
1548266216.56334 0.500697 -2.37631 1.72706 -0.141453 0.0411879 -0.397652 0.905631
1548266216.59662 0.497995 -2.3774 1.72253 -0.141501 0.0417707 -0.397041 0.905865
1548266216.63005 0.495313 -2.3779 1.71816 -0.142462 0.0443099 -0.396296 0.90592
1548266216.66336 0.492397 -2.37802 1.71428 -0.1425 0.0461621 -0.395151 0.906322
1548266216.73012 0.486337 -2.3775 1.70823 -0.145873 0.0464839 -0.393794 0.906359
1548266216.76351 0.482785 -2.37624 1.70624 -0.149983 0.0476315 -0.395657 0.904816
1548266216.79674 0.478521 -2.37545 1.70511 -0.152005 0.0474436 -0.394781 0.904871
1548266216.83026 0.474545 -2.37404 1.70478 -0.155571 0.0485323 -0.394945 0.904135
1548266216.86346 0.470341 -2.37312 1.70519 -0.158798 0.0493409 -0.396037 0.903052
1548266216.89694 0.466282 -2.37282 1.70676 -0.160698 0.0483154 -0.396421 0.902603
1548266216.93017 0.462927 -2.37203 1.70885 -0.162788 0.0502644 -0.395267 0.902628
1548266216.96349 0.459709 -2.37179 1.71179 -0.166258 0.0515684 -0.39337 0.902751
1548266216.99691 0.456668 -2.37164 1.71553 -0.167047 0.0528044 -0.392208 0.903039
1548266217.03000 0.453321 -2.37154 1.71947 -0.168598 0.0520414 -0.39205 0.902864
1548266217.06348 0.449596 -2.37113 1.72392 -0.169336 0.0512697 -0.390469 0.903455
1548266217.09663 0.445751 -2.37098 1.72878 -0.169871 0.0509955 -0.390451 0.903377
1548266217.12990 0.44219 -2.37118 1.73386 -0.169465 0.0513369 -0.389268 0.903945
1548266217.16353 0.437694 -2.37108 1.73854 -0.169796 0.0476893 -0.391118 0.903284
1548266217.19676 0.433059 -2.37156 1.74312 -0.168995 0.0452999 -0.389872 0.904096
1548266217.22993 0.427976 -2.37233 1.74747 -0.165494 0.042102 -0.392678 0.903683
1548266217.26315 0.422983 -2.37223 1.75099 -0.166708 0.0380797 -0.392081 0.903898
1548266217.29660 0.418123 -2.37305 1.75468 -0.163997 0.0352817 -0.391269 0.904858
1548266217.33003 0.41342 -2.374 1.75818 -0.164023 0.0339874 -0.392126 0.904532
1548266217.36318 0.40998 -2.37492 1.76165 -0.163035 0.0311655 -0.392378 0.904703
1548266217.39660 0.406741 -2.37589 1.7652 -0.16103 0.0297147 -0.392696 0.904973
1548266217.42994 0.404545 -2.37685 1.76886 -0.162497 0.0321584 -0.39159 0.905107
1548266217.46329 0.40276 -2.37788 1.7724 -0.161608 0.0316449 -0.393425 0.904488
1548266217.49660 0.401158 -2.37928 1.77614 -0.16059 0.0324242 -0.390876 0.905746
1548266217.53010 0.399112 -2.37986 1.77928 -0.161317 0.0326266 -0.387608 0.907013
1548266217.56339 0.396451 -2.38079 1.78219 -0.158273 0.0312162 -0.389887 0.906622
1548266217.59682 0.393864 -2.38111 1.78452 -0.157234 0.0331977 -0.390444 0.906492
1548266217.63009 0.390953 -2.38122 1.78662 -0.158364 0.0323125 -0.388541 0.907145
1548266217.66337 0.387564 -2.38145 1.7886 -0.157098 0.0311843 -0.387378 0.907902
1548266217.69679 0.384311 -2.38176 1.79061 -0.154843 0.0308438 -0.386959 0.90848
1548266217.73025 0.381189 -2.3822 1.79245 -0.153245 0.0295992 -0.387039 0.908758
1548266217.76348 0.378367 -2.38224 1.79428 -0.153874 0.0301614 -0.383782 0.910013
1548266217.79654 0.375718 -2.3824 1.7962 -0.150779 0.0297032 -0.382308 0.911166
1548266217.83024 0.373683 -2.3825 1.79784 -0.15247 0.0304936 -0.380548 0.911596
1548266217.86356 0.371494 -2.38259 1.79941 -0.151605 0.0288909 -0.377791 0.912938
1548266217.89671 0.369309 -2.38308 1.80075 -0.150574 0.0285306 -0.378147 0.912972
1548266217.92996 0.367259 -2.38307 1.80234 -0.149924 0.0300623 -0.375751 0.914019
1548266217.96338 0.365231 -2.38291 1.80338 -0.149934 0.0278592 -0.37767 0.913296
1548266217.99673 0.363268 -2.38273 1.8044 -0.151151 0.0279778 -0.377847 0.913018
1548266218.02984 0.361214 -2.38196 1.80521 -0.152069 0.0266716 -0.376967 0.913269
1548266218.06320 0.359655 -2.38129 1.80608 -0.153578 0.0267722 -0.377766 0.912683
1548266218.09661 0.358602 -2.38061 1.80693 -0.153926 0.0276828 -0.379379 0.911928
1548266218.13003 0.357813 -2.37999 1.80768 -0.154687 0.028621 -0.378098 0.912302
1548266218.16337 0.357351 -2.37944 1.80835 -0.156251 0.0294332 -0.378812 0.911713
1548266218.19633 0.356755 -2.3789 1.80881 -0.156046 0.0295322 -0.381241 0.910732
1548266218.22960 0.35591 -2.37826 1.80904 -0.158527 0.0301121 -0.379995 0.910806
1548266218.26326 0.354605 -2.37768 1.80913 -0.15828 0.0283242 -0.382669 0.909785
1548266218.29665 0.353093 -2.37744 1.80913 -0.158855 0.029044 -0.384263 0.90899
1548266218.33013 0.351063 -2.37708 1.80909 -0.158581 0.0269791 -0.385917 0.908401
1548266218.36361 0.349398 -2.37732 1.80908 -0.159133 0.0264274 -0.385874 0.908339
1548266218.39674 0.347918 -2.37786 1.80923 -0.158946 0.0282387 -0.387699 0.907539
1548266218.43021 0.346571 -2.3783 1.80921 -0.158638 0.0258839 -0.389819 0.906755
1548266218.46326 0.345728 -2.37879 1.80928 -0.158516 0.0255487 -0.39153 0.906049
1548266218.49679 0.345064 -2.37936 1.80938 -0.158582 0.0260156 -0.390479 0.906477
1548266218.53023 0.344921 -2.38008 1.80952 -0.157356 0.0258806 -0.391633 0.906197
