# ground truth trajectory
# timestamp tx ty tz qx qy qz qw
1548266677.42642 0.258574 -2.24795 1.54191 -0.0866319 -0.116287 0.291352 0.945561
1548266677.46012 0.262503 -2.25349 1.53264 -0.0842223 -0.113217 0.28739 0.947362
1548266677.49352 0.266553 -2.25871 1.52326 -0.0821671 -0.111851 0.287128 0.947785
1548266677.52684 0.270454 -2.26423 1.51408 -0.0802758 -0.109732 0.285691 0.948628
1548266677.56019 0.274658 -2.2696 1.50485 -0.078256 -0.104121 0.2795 0.95127
1548266677.59359 0.278076 -2.27487 1.49578 -0.0771216 -0.101791 0.279037 0.951751
1548266677.62696 0.280982 -2.27982 1.48686 -0.0748591 -0.100118 0.280538 0.951667
1548266677.66046 0.283096 -2.28453 1.47825 -0.0753575 -0.0957748 0.275334 0.953593
1548266677.69344 0.28486 -2.2892 1.46956 -0.0751779 -0.0935954 0.272654 0.954593
1548266677.72687 0.285884 -2.2937 1.4609 -0.0758484 -0.0920637 0.273986 0.954308
1548266677.76030 0.285953 -2.2979 1.45208 -0.0766091 -0.0906083 0.27036 0.95542
1548266677.79349 0.285064 -2.30215 1.44339 -0.0792042 -0.0887181 0.267804 0.956105
1548266677.82661 0.283602 -2.30609 1.43474 -0.0805308 -0.0897451 0.267312 0.956036
1548266677.86033 0.28182 -2.3099 1.42598 -0.0827766 -0.0888944 0.267566 0.955853
1548266677.89358 0.279334 -2.31364 1.41717 -0.0863531 -0.0877682 0.26114 0.957416
1548266677.92701 0.276863 -2.31725 1.40815 -0.0895212 -0.0871741 0.259624 0.957592
1548266677.96030 0.274899 -2.32071 1.39874 -0.0955301 -0.0868291 0.256002 0.958018
1548266677.99349 0.273508 -2.32456 1.38984 -0.0991304 -0.0817641 0.251109 0.959392
1548266678.02653 0.272374 -2.32838 1.3815 -0.101669 -0.0779535 0.249427 0.959882
1548266678.06017 0.271826 -2.33213 1.37361 -0.102125 -0.0721755 0.24854 0.960515
1548266678.09347 0.271236 -2.33601 1.3666 -0.101571 -0.0663649 0.248335 0.961046
1548266678.12658 0.270187 -2.33984 1.36021 -0.100549 -0.0608796 0.248244 0.96154
1548266678.16001 0.269122 -2.34438 1.3541 -0.0991078 -0.0549277 0.242877 0.963417
1548266678.19360 0.266287 -2.34858 1.34862 -0.0981435 -0.0495051 0.235237 0.965702
1548266678.22672 0.262281 -2.35289 1.34352 -0.0972213 -0.0455264 0.227747 0.967784
1548266678.26014 0.256649 -2.35712 1.33903 -0.0957062 -0.0427105 0.21927 0.970019
1548266678.29336 0.249215 -2.36112 1.33541 -0.0933707 -0.0426378 0.21404 0.971417
1548266678.32684 0.24082 -2.36468 1.33216 -0.0916015 -0.0443194 0.205318 0.973391
1548266678.35994 0.231025 -2.36752 1.3298 -0.0916446 -0.0441279 0.199311 0.974643
1548266678.39350 0.221248 -2.36994 1.32775 -0.0898927 -0.0464885 0.190048 0.976545
1548266678.42669 0.210883 -2.37189 1.32651 -0.0921227 -0.0457711 0.182333 0.977841
1548266678.46030 0.200572 -2.37349 1.32612 -0.0908673 -0.0465245 0.175055 0.979252
1548266678.49363 0.189992 -2.37441 1.32665 -0.0921842 -0.047105 0.167913 0.980351
1548266678.52677 0.179023 -2.37454 1.32797 -0.0946989 -0.0473481 0.156415 0.982
1548266678.56027 0.167611 -2.37382 1.33005 -0.097756 -0.0465568 0.149625 0.982796
1548266678.59356 0.155776 -2.37226 1.33293 -0.0992856 -0.0464252 0.142152 0.983758
1548266678.62682 0.143808 -2.36993 1.3363 -0.0991277 -0.0460441 0.129926 0.985481
1548266678.66037 0.131626 -2.3669 1.34017 -0.103538 -0.0459074 0.117934 0.986541
1548266678.69359 0.118815 -2.36291 1.34411 -0.108231 -0.0455992 0.1094 0.987035
1548266678.72672 0.105803 -2.35858 1.3489 -0.111406 -0.0452903 0.101606 0.987529
1548266678.76012 0.0928343 -2.35348 1.35366 -0.111161 -0.0471783 0.0904262 0.988555
1548266678.79334 0.0801739 -2.3481 1.3585 -0.123018 -0.0465171 0.0850064 0.987662
1548266678.82672 0.068018 -2.34315 1.36365 -0.127463 -0.0454018 0.0760197 0.987883
1548266678.85977 0.0560455 -2.33834 1.36898 -0.132181 -0.0476326 0.0668065 0.987824
1548266678.89321 0.0438254 -2.33382 1.37538 -0.135368 -0.0479365 0.0632769 0.98761
1548266678.92658 0.0323264 -2.3296 1.38165 -0.140443 -0.0487151 0.0542976 0.987398
1548266678.96014 0.0214771 -2.32635 1.3889 -0.141456 -0.0457632 0.0457033 0.98783
1548266678.99336 0.0104172 -2.32336 1.3967 -0.142925 -0.0460354 0.0386295 0.987907
1548266679.02658 -0.000229006 -2.32084 1.40447 -0.144625 -0.0449183 0.0286313 0.988052
1548266679.06021 -0.0108516 -2.31903 1.41245 -0.144993 -0.0429836 0.0186737 0.988322
1548266679.09346 -0.0222303 -2.31793 1.42156 -0.137583 -0.0486226 0.0107604 0.989238
1548266679.12673 -0.0342868 -2.31522 1.42893 -0.146198 -0.0480518 0.00801204 0.988055
1548266679.16001 -0.0458168 -2.31404 1.43717 -0.14712 -0.0495671 -0.00301654 0.987871
1548266679.19359 -0.0578233 -2.31294 1.44564 -0.14706 -0.0521416 -0.0115522 0.987685
1548266679.22700 -0.0694539 -2.31242 1.45424 -0.14474 -0.0548826 -0.0181401 0.98778
1548266679.26021 -0.0810196 -2.31178 1.46269 -0.144263 -0.0569621 -0.0300338 0.987442
1548266679.29350 -0.092072 -2.31109 1.47108 -0.143936 -0.0594563 -0.0387159 0.98704
1548266679.32691 -0.102744 -2.31022 1.47908 -0.14518 -0.0603653 -0.0452462 0.986525
1548266679.36020 -0.113145 -2.30978 1.48723 -0.142171 -0.0615575 -0.0552753 0.986379
1548266679.39360 -0.123618 -2.30872 1.49475 -0.142634 -0.064035 -0.0596426 0.9859
1548266679.42690 -0.133311 -2.30808 1.50237 -0.138388 -0.0642955 -0.0659305 0.986087
1548266679.45990 -0.143149 -2.30626 1.50918 -0.142627 -0.0668 -0.0708531 0.984975
1548266679.49349 -0.153215 -2.30371 1.51564 -0.146505 -0.0702763 -0.0753318 0.983831
1548266679.52690 -0.162059 -2.30154 1.52222 -0.14544 -0.0707408 -0.0819708 0.983425
1548266679.56001 -0.170932 -2.29862 1.52884 -0.147197 -0.0706701 -0.0852858 0.982886
1548266679.59317 -0.179067 -2.29593 1.53532 -0.149626 -0.0704383 -0.0894695 0.982164
1548266679.62657 -0.187362 -2.29285 1.54169 -0.152472 -0.0694944 -0.096463 0.981131
1548266679.66003 -0.195551 -2.29005 1.54829 -0.15429 -0.0695442 -0.10143 0.980342
1548266679.69342 -0.203727 -2.28768 1.55502 -0.153747 -0.0698375 -0.106052 0.979917
1548266679.72674 -0.212002 -2.28536 1.56146 -0.155507 -0.0681185 -0.112501 0.979041
1548266679.75979 -0.220533 -2.28335 1.56781 -0.15495 -0.0669456 -0.117694 0.978599
1548266679.79344 -0.229126 -2.28123 1.57381 -0.15534 -0.0676782 -0.120206 0.978182
1548266679.82684 -0.237621 -2.27941 1.5793 -0.156558 -0.0677574 -0.123177 0.977612
1548266679.85993 -0.246395 -2.27805 1.58426 -0.15751 -0.0660984 -0.129805 0.976715
1548266679.89356 -0.255614 -2.27672 1.58877 -0.150749 -0.0653505 -0.143615 0.975899
1548266679.92659 -0.263714 -2.27585 1.59342 -0.158691 -0.0616701 -0.139079 0.975536
1548266679.96010 -0.272585 -2.27463 1.59685 -0.150265 -0.0630023 -0.148398 0.975412
1548266679.99362 -0.280189 -2.27443 1.59974 -0.156 -0.0587347 -0.150252 0.974494
1548266680.02689 -0.28825 -2.2737 1.60176 -0.152313 -0.0569576 -0.156752 0.974159
1548266680.06010 -0.296085 -2.27285 1.60345 -0.155915 -0.0528162 -0.160208 0.97326
1548266680.09347 -0.304127 -2.27141 1.60447 -0.15588 -0.0501499 -0.165803 0.972469
1548266680.12676 -0.312224 -2.26923 1.60467 -0.157901 -0.0492615 -0.167732 0.971857
1548266680.16004 -0.320034 -2.26671 1.60373 -0.159675 -0.0481654 -0.16932 0.971347
1548266680.19347 -0.327455 -2.26423 1.60199 -0.161585 -0.0458806 -0.174286 0.970263
1548266680.22677 -0.334377 -2.26171 1.59983 -0.164702 -0.0420898 -0.180119 0.968844
1548266680.26022 -0.34096 -2.25884 1.59681 -0.166722 -0.039131 -0.181323 0.968398
1548266680.29360 -0.346906 -2.25578 1.59298 -0.169702 -0.0346455 -0.185378 0.967283
1548266680.32669 -0.352565 -2.25335 1.58882 -0.167167 -0.0318727 -0.186782 0.967549
1548266680.36012 -0.358348 -2.25075 1.58405 -0.168338 -0.0269769 -0.189279 0.96701
1548266680.39306 -0.3638 -2.24861 1.57929 -0.168999 -0.0230121 -0.188841 0.967083
1548266680.42674 -0.369478 -2.24699 1.5744 -0.166934 -0.0190609 -0.188385 0.967616
1548266680.45992 -0.374924 -2.24593 1.56946 -0.165545 -0.0146658 -0.191572 0.967305
1548266680.49312 -0.380083 -2.24503 1.56449 -0.164336 -0.0111953 -0.192324 0.967409
1548266680.52646 -0.385596 -2.2443 1.55994 -0.162609 -0.00814072 -0.191716 0.967852
1548266680.56000 -0.391222 -2.24392 1.55547 -0.15966 -0.0055329 -0.189574 0.968783
1548266680.59329 -0.396486 -2.24379 1.551 -0.159651 -0.00329717 -0.191563 0.968403
1548266680.62664 -0.402847 -2.24411 1.54709 -0.15772 -0.00131912 -0.191566 0.968724
1548266680.66011 -0.4099 -2.24372 1.5432 -0.155298 -0.00180612 -0.191906 0.969047
1548266680.69313 -0.41737 -2.24373 1.54004 -0.153867 -0.00233379 -0.190563 0.969539
1548266680.72663 -0.425532 -2.2431 1.53694 -0.152218 -0.00270029 -0.190387 0.969833
1548266680.76003 -0.43378 -2.24239 1.53395 -0.151755 -0.00481378 -0.190351 0.969904
1548266680.79341 -0.44247 -2.24102 1.53091 -0.151316 -0.00508679 -0.191205 0.969803
1548266680.82661 -0.451151 -2.2394 1.52774 -0.149246 -0.00419746 -0.193128 0.969747
1548266680.86021 -0.459655 -2.23795 1.52475 -0.148189 -0.00275291 -0.190192 0.970495
1548266680.89358 -0.467974 -2.23649 1.52169 -0.147181 -0.00120961 -0.193453 0.970006
1548266680.92668 -0.47627 -2.23469 1.51831 -0.145135 0.00124519 -0.192039 0.970595
1548266680.96018 -0.484313 -2.23262 1.5146 -0.144357 0.00309602 -0.18893 0.971317
1548266680.99316 -0.493031 -2.23051 1.51088 -0.142538 0.00785161 -0.190645 0.971224
1548266681.02647 -0.501632 -2.22799 1.50717 -0.141742 0.00951169 -0.192772 0.970906
1548266681.06012 -0.510564 -2.22528 1.50377 -0.141588 0.0115341 -0.190511 0.971352
1548266681.09366 -0.520237 -2.22227 1.50081 -0.139276 0.0149269 -0.195636 0.970621
1548266681.12665 -0.530114 -2.21837 1.49835 -0.139119 0.0164381 -0.197897 0.970161
1548266681.15986 -0.540509 -2.21399 1.4964 -0.137346 0.0168351 -0.199464 0.970086
1548266681.19330 -0.551403 -2.20879 1.49463 -0.136036 0.0202147 -0.205427 0.968961
1548266681.22664 -0.561759 -2.20278 1.49307 -0.133655 0.0190687 -0.205557 0.969288
1548266681.25998 -0.571676 -2.19618 1.49177 -0.132987 0.0196737 -0.207641 0.968923
1548266681.29329 -0.581394 -2.18898 1.4908 -0.130847 0.0226859 -0.213095 0.967964
1548266681.32663 -0.590743 -2.18137 1.4902 -0.128538 0.0224267 -0.215918 0.967654
1548266681.36004 -0.599937 -2.17381 1.49006 -0.124566 0.0258191 -0.222711 0.966549
1548266681.39338 -0.60891 -2.16575 1.49009 -0.122336 0.0250985 -0.225416 0.966226
1548266681.42684 -0.617816 -2.15804 1.49045 -0.116576 0.0232073 -0.227568 0.96648
1548266681.46002 -0.626847 -2.1498 1.49014 -0.116973 0.0245704 -0.229664 0.965903
1548266681.49314 -0.635175 -2.14221 1.49016 -0.115219 0.0221952 -0.228739 0.966391
1548266681.52654 -0.643307 -2.13526 1.48992 -0.112924 0.0219364 -0.234592 0.965263
1548266681.55997 -0.651674 -2.12772 1.48931 -0.1123 0.019229 -0.233691 0.965612
1548266681.59344 -0.660328 -2.12051 1.48856 -0.110293 0.0168654 -0.235632 0.965416
1548266681.62662 -0.668918 -2.11333 1.48753 -0.108849 0.0163634 -0.237223 0.965199
1548266681.66008 -0.676963 -2.10603 1.48616 -0.109047 0.0141473 -0.235744 0.965574
1548266681.69341 -0.684165 -2.09918 1.48519 -0.108897 0.013687 -0.236878 0.96532
1548266681.72679 -0.691031 -2.09242 1.48538 -0.104723 0.0138798 -0.242471 0.96439
1548266681.76022 -0.697391 -2.08451 1.48637 -0.102888 0.0139835 -0.244001 0.9642
1548266681.79357 -0.703459 -2.07548 1.4883 -0.103229 0.0122263 -0.246377 0.963583
1548266681.82673 -0.708698 -2.06505 1.4913 -0.105034 0.0131187 -0.253524 0.96152
1548266681.86005 -0.713085 -2.05342 1.49488 -0.106568 0.0154089 -0.259818 0.959636
1548266681.89342 -0.717372 -2.04106 1.49948 -0.108814 0.0138734 -0.261205 0.95903
1548266681.92680 -0.721781 -2.02707 1.50468 -0.111806 0.00957279 -0.263255 0.958178
1548266681.96015 -0.7253 -2.0127 1.50979 -0.114635 0.00750715 -0.265633 0.957205
1548266681.99328 -0.727639 -1.99769 1.51493 -0.117025 0.0058807 -0.273516 0.954704
1548266682.02668 -0.729687 -1.98131 1.52084 -0.118224 0.0036432 -0.27205 0.954986
1548266682.06004 -0.731058 -1.96382 1.52699 -0.119549 -0.000985311 -0.266791 0.95631
1548266682.09331 -0.73072 -1.94568 1.53275 -0.126172 -0.00653429 -0.266196 0.955603
1548266682.12629 -0.728913 -1.92758 1.53834 -0.129538 -0.00581795 -0.264025 0.95576
1548266682.15975 -0.725953 -1.90994 1.54413 -0.130625 -0.00256975 -0.26393 0.955652
1548266682.19322 -0.721603 -1.89333 1.54998 -0.134204 -0.00150038 -0.26937 0.953639
1548266682.22652 -0.716835 -1.87735 1.55633 -0.132957 0.00359563 -0.276713 0.951703
1548266682.25998 -0.711594 -1.86155 1.56215 -0.137748 0.00850636 -0.283596 0.948961
1548266682.29319 -0.706078 -1.8466 1.56871 -0.139055 0.0159572 -0.287422 0.947522
1548266682.32657 -0.701228 -1.83178 1.5755 -0.142213 0.0212769 -0.294959 0.944628
1548266682.36003 -0.697041 -1.81702 1.58309 -0.142458 0.0240848 -0.300197 0.942872
1548266682.39348 -0.69337 -1.80327 1.59032 -0.149306 0.0307733 -0.305362 0.939955
1548266682.42671 -0.689994 -1.7901 1.59879 -0.150361 0.0354502 -0.309657 0.938215
1548266682.46031 -0.687081 -1.77644 1.60752 -0.153924 0.039666 -0.315022 0.935679
1548266682.49344 -0.685184 -1.76145 1.61705 -0.157548 0.0443609 -0.32728 0.930644
1548266682.52662 -0.683402 -1.74652 1.62634 -0.162321 0.049177 -0.347006 0.922399
1548266682.56027 -0.681218 -1.73249 1.6363 -0.167054 0.0503244 -0.346726 0.921597
1548266682.59344 -0.679117 -1.71969 1.64612 -0.172153 0.0499994 -0.338274 0.923815
1548266682.62678 -0.6771 -1.70859 1.65558 -0.17438 0.045176 -0.33331 0.925449
1548266682.66011 -0.674589 -1.69907 1.66476 -0.175274 0.0426392 -0.325251 0.928263
1548266682.69331 -0.671817 -1.69101 1.67372 -0.177305 0.0411442 -0.318208 0.930384
1548266682.72672 -0.669026 -1.68362 1.68266 -0.175948 0.0344352 -0.308306 0.93424
1548266682.76005 -0.666465 -1.67758 1.69199 -0.176096 0.0317993 -0.301057 0.936666
1548266682.79313 -0.664407 -1.67225 1.70224 -0.177338 0.0277216 -0.296703 0.93795
1548266682.82651 -0.663496 -1.66758 1.71406 -0.173822 0.0213305 -0.285741 0.942169
1548266682.86002 -0.663876 -1.6631 1.72645 -0.17306 0.0168804 -0.28023 0.944053
1548266682.89319 -0.664955 -1.65838 1.73874 -0.174523 0.0085165 -0.268366 0.947338
1548266682.92630 -0.66565 -1.65486 1.75078 -0.172527 0.0023313 -0.265376 0.94858
1548266682.95969 -0.666663 -1.65212 1.76274 -0.170483 -0.00451903 -0.262197 0.949825
1548266682.99325 -0.668198 -1.64998 1.77457 -0.165454 -0.0113755 -0.249545 0.954056
1548266683.02644 -0.669501 -1.64862 1.78531 -0.162815 -0.016129 -0.244813 0.955666
1548266683.06002 -0.670238 -1.64809 1.79506 -0.159721 -0.0202495 -0.237857 0.957864
1548266683.09326 -0.670128 -1.64801 1.80394 -0.15725 -0.0210138 -0.232593 0.959547
1548266683.12642 -0.668643 -1.64791 1.8121 -0.149941 -0.0229403 -0.228183 0.96173
1548266683.15987 -0.665846 -1.64777 1.82031 -0.150244 -0.0205786 -0.220788 0.963461
1548266683.19315 -0.664588 -1.64741 1.82836 -0.145838 -0.021267 -0.217987 0.96476
1548266683.22691 -0.664232 -1.64734 1.8368 -0.143121 -0.0221935 -0.211483 0.966591
1548266683.26008 -0.663705 -1.64815 1.84551 -0.140576 -0.0177313 -0.213475 0.966619
1548266683.29332 -0.662311 -1.64988 1.85502 -0.135741 -0.0130494 -0.223783 0.965052
1548266683.32653 -0.662802 -1.6518 1.86429 -0.132917 -0.0116033 -0.224123 0.965385
1548266683.36016 -0.665204 -1.65329 1.87342 -0.129246 -0.0127371 -0.221446 0.966486
1548266683.39347 -0.668331 -1.65453 1.88242 -0.124573 -0.0165483 -0.219004 0.967598
1548266683.42671 -0.670372 -1.65504 1.89043 -0.125135 -0.0181559 -0.214582 0.968487
1548266683.46015 -0.672961 -1.65535 1.89771 -0.124769 -0.0193252 -0.219158 0.967486
1548266683.49347 -0.675037 -1.65494 1.90385 -0.125029 -0.0221146 -0.216873 0.967908
1548266683.52687 -0.676335 -1.65458 1.90918 -0.125809 -0.0218631 -0.218695 0.967402
1548266683.56010 -0.67702 -1.65361 1.9135 -0.128004 -0.0222965 -0.216613 0.967573
1548266683.59327 -0.677773 -1.65371 1.91701 -0.128456 -0.0235791 -0.208576 0.969247
1548266683.62653 -0.67777 -1.65442 1.92094 -0.127465 -0.0251853 -0.206787 0.96972
1548266683.65999 -0.677899 -1.65492 1.9244 -0.13293 -0.023872 -0.20842 0.96867
1548266683.69336 -0.678113 -1.65679 1.92842 -0.133034 -0.0244333 -0.206302 0.969095
1548266683.72665 -0.678527 -1.66096 1.93223 -0.130421 -0.0226907 -0.20845 0.969033
1548266683.75991 -0.679606 -1.66571 1.93567 -0.125895 -0.0201181 -0.210156 0.96932
1548266683.79324 -0.681251 -1.6698 1.93933 -0.123436 -0.0215462 -0.207114 0.970259
1548266683.82625 -0.682294 -1.67362 1.94305 -0.12287 -0.0221105 -0.208162 0.970094
1548266683.85981 -0.683202 -1.67789 1.94677 -0.121881 -0.0209339 -0.212634 0.969275
1548266683.89323 -0.684118 -1.682 1.95094 -0.12042 -0.0222822 -0.209493 0.970111
1548266683.92637 -0.685238 -1.6862 1.95467 -0.117777 -0.0236716 -0.207921 0.97074
1548266683.96000 -0.686273 -1.69073 1.95801 -0.117114 -0.0233679 -0.21047 0.970279
1548266683.99334 -0.687727 -1.69482 1.96189 -0.115161 -0.0258163 -0.207711 0.971044
1548266684.02658 -0.688612 -1.69859 1.96631 -0.114848 -0.0274941 -0.203746 0.971875
1548266684.06023 -0.689839 -1.70308 1.97136 -0.113637 -0.02926 -0.198989 0.972951
1548266684.09336 -0.6917 -1.70606 1.9767 -0.113102 -0.0360681 -0.190605 0.974462
1548266684.12659 -0.69232 -1.70717 1.98336 -0.114892 -0.0436022 -0.178245 0.976283
1548266684.16008 -0.692136 -1.70736 1.99124 -0.120144 -0.0499349 -0.168119 0.977143
1548266684.19344 -0.692101 -1.70725 1.99958 -0.128297 -0.0578628 -0.158092 0.977343
1548266684.22690 -0.691745 -1.70658 2.00919 -0.132875 -0.0613233 -0.15347 0.977257
1548266684.26001 -0.691884 -1.7035 2.01941 -0.144012 -0.0735244 -0.135261 0.977527
1548266684.29326 -0.692951 -1.69922 2.02924 -0.157032 -0.0887851 -0.112866 0.977097
1548266684.32665 -0.693962 -1.69521 2.03906 -0.167728 -0.0927485 -0.111697 0.975084
1548266684.35988 -0.694552 -1.68895 2.04836 -0.176197 -0.11212 -0.0811768 0.974574
1548266684.39321 -0.697806 -1.68297 2.05761 -0.185403 -0.13057 -0.0455157 0.972885
1548266684.42658 -0.699921 -1.67895 2.06569 -0.193796 -0.138504 -0.0393875 0.970417
1548266684.45994 -0.703141 -1.67509 2.0729 -0.200742 -0.147904 -0.0290514 0.967979
1548266684.49302 -0.707075 -1.67175 2.07882 -0.210508 -0.157079 -0.0184012 0.964714
1548266684.52632 -0.712095 -1.67 2.08363 -0.22484 -0.149636 -0.0410554 0.961962
1548266684.55981 -0.714717 -1.66664 2.0893 -0.225148 -0.171626 -6.34949e-05 0.95909
1548266684.59341 -0.719829 -1.66508 2.09313 -0.233675 -0.177987 0.00488682 0.955873
1548266684.62634 -0.723761 -1.66331 2.09734 -0.233743 -0.189398 0.0117602 0.953601
1548266684.65987 -0.730356 -1.66454 2.10102 -0.246127 -0.192539 0.0190175 0.949731
1548266684.69314 -0.735659 -1.66655 2.10464 -0.245625 -0.204688 0.0367244 0.946796
1548266684.72646 -0.740983 -1.66756 2.10799 -0.254732 -0.21807 0.0441958 0.941065
1548266684.75996 -0.744366 -1.66964 2.11074 -0.255169 -0.220425 0.0584114 0.939622
1548266684.79341 -0.746118 -1.67309 2.11289 -0.255985 -0.223085 0.0536611 0.939055
1548266684.82663 -0.75004 -1.68097 2.11469 -0.257943 -0.211891 0.0392813 0.94182
1548266684.85991 -0.750668 -1.68219 2.11599 -0.265798 -0.227188 0.0448648 0.935802
1548266684.89338 -0.74848 -1.68433 2.11665 -0.257402 -0.238617 0.0706674 0.933709
1548266684.92640 -0.746474 -1.68959 2.11781 -0.260393 -0.23766 0.0628911 0.93368
1548266684.95976 -0.742717 -1.69382 2.11926 -0.257119 -0.236485 0.0892182 0.932741
1548266684.99326 -0.738425 -1.69792 2.11996 -0.259007 -0.239704 0.0988127 0.930426
1548266685.02662 -0.733391 -1.70241 2.12113 -0.257231 -0.24271 0.107884 0.929132
1548266685.05995 -0.727001 -1.70778 2.12203 -0.263648 -0.23539 0.122773 0.927366
1548266685.09339 -0.719598 -1.71161 2.12249 -0.263323 -0.238221 0.127455 0.926103
1548266685.12649 -0.712038 -1.71675 2.12379 -0.260938 -0.236586 0.135978 0.925985
1548266685.15997 -0.704256 -1.72301 2.12491 -0.25701 -0.233289 0.151737 0.925472
1548266685.19329 -0.695238 -1.73026 2.12588 -0.255824 -0.238546 0.166278 0.921955
1548266685.22653 -0.688218 -1.73846 2.12675 -0.250796 -0.233864 0.169276 0.923988
1548266685.25969 -0.677808 -1.7496 2.12781 -0.252278 -0.232545 0.180302 0.92183
1548266685.29316 -0.668268 -1.76076 2.12784 -0.245397 -0.229382 0.17565 0.925371
1548266685.32635 -0.657717 -1.77594 2.12825 -0.244465 -0.225294 0.189161 0.923958
1548266685.35986 -0.647153 -1.79005 2.12755 -0.241305 -0.221922 0.193806 0.924641
1548266685.39301 -0.635892 -1.80339 2.12588 -0.230507 -0.220673 0.194956 0.927449
1548266685.42625 -0.623887 -1.82096 2.12309 -0.229441 -0.214791 0.198269 0.928392
1548266685.45995 -0.611826 -1.83582 2.11853 -0.219291 -0.204654 0.178716 0.937064
1548266685.49318 -0.59934 -1.85171 2.11276 -0.216465 -0.196472 0.178451 0.93952
1548266685.52655 -0.587684 -1.86768 2.1062 -0.208753 -0.189989 0.176266 0.943004
1548266685.55988 -0.575013 -1.88307 2.09845 -0.20054 -0.181557 0.180015 0.945735
1548266685.59346 -0.562595 -1.89899 2.09049 -0.19554 -0.174805 0.176957 0.948627
1548266685.62661 -0.550093 -1.91462 2.08189 -0.187206 -0.164487 0.171577 0.953131
1548266685.66008 -0.538642 -1.92881 2.07262 -0.177999 -0.157056 0.16858 0.956677
1548266685.69335 -0.528485 -1.94209 2.06263 -0.169243 -0.155004 0.171814 0.958024
1548266685.72677 -0.51937 -1.95543 2.05227 -0.1677 -0.148083 0.174944 0.958824
1548266685.75975 -0.511783 -1.96694 2.04107 -0.161818 -0.145477 0.172766 0.960627
1548266685.79340 -0.504535 -1.97816 2.02941 -0.151126 -0.142533 0.169993 0.9633
1548266685.82662 -0.497302 -1.98898 2.01731 -0.1451 -0.138218 0.161084 0.966382
1548266685.85992 -0.490782 -1.99956 2.00515 -0.13844 -0.134159 0.157207 0.968567
1548266685.89336 -0.485694 -2.00898 1.99274 -0.133538 -0.133439 0.159003 0.969061
1548266685.92655 -0.480906 -2.01817 1.98022 -0.126621 -0.133731 0.159306 0.969899
1548266685.95985 -0.475023 -2.02732 1.96716 -0.124126 -0.130274 0.15181 0.971893
1548266685.99323 -0.469079 -2.0367 1.95376 -0.118567 -0.124966 0.144572 0.974384
1548266686.02628 -0.463651 -2.04649 1.93972 -0.112782 -0.120856 0.139127 0.97638
1548266686.05986 -0.458335 -2.05636 1.92508 -0.106093 -0.115514 0.132669 0.978673
1548266686.09310 -0.452153 -2.06569 1.91 -0.101015 -0.109684 0.123896 0.981028
1548266686.12657 -0.446699 -2.07521 1.89454 -0.0948485 -0.105257 0.117943 0.98286
1548266686.15977 -0.44178 -2.08503 1.87885 -0.0864152 -0.0994321 0.110004 0.985162
1548266686.19309 -0.436542 -2.09306 1.86269 -0.0803429 -0.0913456 0.0963555 0.987885
1548266686.22633 -0.432606 -2.10083 1.84594 -0.0720174 -0.0862398 0.0916929 0.989429
1548266686.26001 -0.42881 -2.10771 1.82919 -0.0666148 -0.0807678 0.0851181 0.990855
1548266686.29317 -0.42508 -2.11329 1.81257 -0.0629917 -0.0730637 0.0713553 0.992775
1548266686.32635 -0.422722 -2.11834 1.79639 -0.0578469 -0.0678751 0.0651379 0.993883
1548266686.35974 -0.421079 -2.12325 1.78073 -0.0520048 -0.0637899 0.0586338 0.994881
1548266686.39318 -0.420369 -2.12783 1.76565 -0.0464618 -0.0584275 0.0535708 0.99577
1548266686.42654 -0.420039 -2.13242 1.75057 -0.0403324 -0.0547637 0.0466709 0.996592
1548266686.46001 -0.419594 -2.1362 1.73543 -0.0364397 -0.0510177 0.0423636 0.997133
1548266686.49287 -0.419767 -2.14068 1.72036 -0.0311893 -0.0473898 0.0356205 0.997754
1548266686.52642 -0.419706 -2.14583 1.70463 -0.0268486 -0.0404599 0.0236593 0.99854
1548266686.56004 -0.419945 -2.15103 1.68885 -0.0174439 -0.0348157 0.0182851 0.999074
1548266686.59319 -0.420872 -2.15577 1.67267 -0.0126028 -0.0308849 0.0132752 0.999355
1548266686.62650 -0.422201 -2.16032 1.65645 -0.00138444 -0.0256559 0.00835732 0.999635
1548266686.65994 -0.424175 -2.16388 1.64044 0.00992064 -0.0229984 0.00808026 0.999654
1548266686.69329 -0.426292 -2.16676 1.62433 0.013649 -0.0221258 0.00906274 0.999621
1548266686.72666 -0.427599 -2.17075 1.60764 0.0195107 -0.0178184 0.00453013 0.999641
1548266686.75995 -0.429292 -2.17474 1.59051 0.0239612 -0.0152901 0.00459117 0.999586
1548266686.79324 -0.431021 -2.17884 1.57344 0.0287399 -0.0153111 0.00624858 0.99945
1548266686.82661 -0.43185 -2.18414 1.55603 0.0350945 -0.00990752 0.00329818 0.999329
1548266686.85982 -0.432414 -2.19011 1.53837 0.0389913 -0.00631321 0.00270948 0.999216
1548266686.89315 -0.432912 -2.19709 1.52065 0.0470148 -0.00200359 0.00383679 0.998885
1548266686.92648 -0.433852 -2.20465 1.50347 0.0556117 0.00352488 0.000344654 0.998446
1548266686.95982 -0.435199 -2.21186 1.48713 0.0637587 0.00541557 0.00174242 0.997949
1548266686.99313 -0.436632 -2.21842 1.47169 0.0718501 0.00422997 0.0061987 0.997387
1548266687.02631 -0.436971 -2.22456 1.45678 0.0790415 0.00553743 0.00666663 0.996834
1548266687.05987 -0.435883 -2.22996 1.44213 0.0845266 0.00891232 0.00844929 0.996346
1548266687.09309 -0.434172 -2.23462 1.42778 0.0945698 0.00957313 0.016015 0.995343
1548266687.12642 -0.432213 -2.23737 1.41472 0.0998422 0.0112542 0.0191473 0.994755
1548266687.15981 -0.429282 -2.23836 1.4026 0.102109 0.0134874 0.0228314 0.99442
1548266687.19328 -0.426184 -2.23935 1.39057 0.108293 0.0122509 0.0335072 0.993479
1548266687.22662 -0.42344 -2.24027 1.37992 0.113007 0.011176 0.0417942 0.992652
1548266687.25990 -0.4193 -2.23996 1.37153 0.116623 0.0133547 0.0477871 0.991936
1548266687.29307 -0.415788 -2.2387 1.36606 0.122728 0.0129137 0.0591346 0.990593
1548266687.32670 -0.413682 -2.23506 1.36585 0.1232 0.00578022 0.0732742 0.989656
1548266687.35965 -0.410523 -2.23021 1.36852 0.12072 0.00331399 0.0815815 0.989323
1548266687.39318 -0.406499 -2.22574 1.37219 0.11812 0.000525428 0.0895139 0.988956
1548266687.42673 -0.402619 -2.22125 1.37566 0.116365 -0.00686343 0.108027 0.98729
1548266687.45985 -0.398041 -2.21725 1.37925 0.114895 -0.00964704 0.116603 0.986463
1548266687.49324 -0.392204 -2.214 1.38172 0.112743 -0.00763094 0.122039 0.986072
1548266687.52657 -0.386595 -2.21118 1.38306 0.114339 -0.00812416 0.129946 0.984873
1548266687.55992 -0.380854 -2.20831 1.38297 0.116366 -0.00745804 0.136526 0.98375
1548266687.59307 -0.374216 -2.20622 1.38079 0.117038 -0.00442635 0.140367 0.983148
1548266687.62634 -0.368148 -2.20452 1.37695 0.118368 -0.00341294 0.148203 0.981842
1548266687.65968 -0.362242 -2.20313 1.3725 0.123461 -0.00263233 0.15269 0.980529
1548266687.69297 -0.356487 -2.20175 1.36739 0.126969 0.000917969 0.156487 0.979484
1548266687.72647 -0.351077 -2.20073 1.36211 0.130638 0.0024677 0.160069 0.97842
1548266687.75970 -0.346697 -2.19933 1.35681 0.132147 0.00304605 0.165538 0.977305
1548266687.79289 -0.342513 -2.19748 1.35187 0.135043 0.0051394 0.166864 0.976675
1548266687.82644 -0.338368 -2.1954 1.34646 0.136245 0.00815802 0.167572 0.976366
1548266687.85972 -0.334784 -2.19425 1.34049 0.139381 0.0103264 0.169634 0.975546
1548266687.89316 -0.331756 -2.19348 1.33424 0.142535 0.0106881 0.172158 0.974644
1548266687.92647 -0.328866 -2.19299 1.32734 0.146146 0.0121637 0.174963 0.973592
1548266687.95967 -0.326133 -2.193 1.32054 0.150426 0.0132723 0.175983 0.972742
1548266687.99325 -0.324094 -2.19253 1.3137 0.149807 0.0150786 0.178628 0.972328
1548266688.02657 -0.321853 -2.19257 1.30781 0.159103 0.0173481 0.176276 0.971243
1548266688.05982 -0.319993 -2.19158 1.30191 0.156387 0.0201781 0.173589 0.972113
1548266688.09328 -0.318686 -2.19083 1.29677 0.157001 0.0223273 0.173159 0.972043
1548266688.12638 -0.317811 -2.19 1.29198 0.156594 0.0227585 0.172561 0.972205
1548266688.15991 -0.316814 -2.1887 1.28785 0.156508 0.0269716 0.169062 0.972726
1548266688.19323 -0.316135 -2.1871 1.28442 0.15544 0.029342 0.165182 0.973495
1548266688.22666 -0.31645 -2.1853 1.28104 0.152722 0.0261309 0.16789 0.973553
1548266688.26003 -0.316964 -2.18344 1.27837 0.151151 0.0252128 0.165805 0.97418
1548266688.29339 -0.3178 -2.18186 1.27662 0.152662 0.0242445 0.165659 0.973994
1548266688.32648 -0.319018 -2.18068 1.27526 0.152781 0.0168016 0.171377 0.973142
1548266688.35981 -0.319451 -2.17958 1.27379 0.150731 0.0152632 0.168678 0.973958
1548266688.39312 -0.31982 -2.17858 1.27237 0.150887 0.0159907 0.166168 0.974354
1548266688.42629 -0.319894 -2.17675 1.27026 0.149705 0.0175866 0.164416 0.974806
1548266688.45958 -0.319636 -2.17395 1.2678 0.147946 0.0210113 0.160741 0.975619
1548266688.49302 -0.320943 -2.16986 1.26638 0.145651 0.0195862 0.161193 0.97592
1548266688.52630 -0.323791 -2.16558 1.26573 0.146268 0.0143073 0.166457 0.975035
1548266688.55978 -0.326742 -2.16122 1.26382 0.1444 0.007257 0.176088 0.973699
1548266688.59310 -0.328041 -2.15768 1.26253 0.143488 0.00605389 0.177144 0.97365
1548266688.62634 -0.328813 -2.15485 1.26126 0.142471 0.00712672 0.177357 0.973754
1548266688.65963 -0.33039 -2.1521 1.2599 0.140607 0.0105133 0.173133 0.974753
1548266688.69313 -0.331933 -2.14927 1.25865 0.140378 0.00821121 0.17676 0.974157
1548266688.72641 -0.332189 -2.14694 1.25674 0.142053 0.00799176 0.179105 0.973488
1548266688.75972 -0.332143 -2.14523 1.25351 0.142112 0.010347 0.178969 0.973482
1548266688.79315 -0.332222 -2.14387 1.24995 0.143507 0.0111993 0.180326 0.973018
1548266688.82646 -0.332749 -2.14278 1.24612 0.145558 0.0110712 0.181013 0.972587
1548266688.85976 -0.333312 -2.14256 1.24191 0.147172 0.0115976 0.180912 0.972356
1548266688.89325 -0.334901 -2.14193 1.23843 0.145345 0.00177693 0.188199 0.971315
1548266688.92650 -0.336296 -2.14188 1.23565 0.148046 -0.00618957 0.198094 0.968919
1548266688.95937 -0.335777 -2.14271 1.23303 0.153751 -0.00130781 0.19518 0.96864
1548266688.99332 -0.335467 -2.14356 1.23053 0.154529 -0.00136651 0.196751 0.968198
1548266689.02662 -0.335108 -2.14458 1.22739 0.149958 -0.00665661 0.195817 0.969084
1548266689.05986 -0.334591 -2.14599 1.22498 0.149465 -0.00734259 0.197659 0.968781
1548266689.09327 -0.333792 -2.14803 1.22418 0.158035 -0.00658223 0.19889 0.967173
1548266689.12632 -0.333035 -2.14902 1.2231 0.1509 -0.0139967 0.20147 0.9677
1548266689.15935 -0.331105 -2.15032 1.22273 0.151425 -0.0172923 0.205863 0.966639
1548266689.19294 -0.32738 -2.15233 1.22207 0.160114 -0.0141524 0.207722 0.964891
1548266689.22640 -0.323271 -2.15332 1.22137 0.161784 -0.0160091 0.210457 0.96399
1548266689.25967 -0.318717 -2.15315 1.22171 0.16037 -0.0174656 0.215624 0.963059
1548266689.29298 -0.312696 -2.15242 1.22228 0.160716 -0.0158721 0.219601 0.96213
1548266689.32640 -0.305938 -2.15022 1.22259 0.15346 -0.0172436 0.224647 0.962126
1548266689.35972 -0.298072 -2.14767 1.22352 0.152209 -0.0146942 0.229337 0.96126
1548266689.39318 -0.289944 -2.14483 1.22464 0.154719 -0.0113834 0.234086 0.959759
1548266689.42639 -0.282011 -2.14256 1.22589 0.157765 -0.00670904 0.237631 0.958435
1548266689.45964 -0.274831 -2.14037 1.22682 0.152352 -0.00644305 0.240455 0.958608
1548266689.49309 -0.266975 -2.13866 1.22763 0.149824 -0.00635013 0.243353 0.958275
1548266689.52613 -0.259707 -2.137 1.2294 0.15082 -0.00597741 0.247174 0.957143
1548266689.55966 -0.252287 -2.13574 1.23085 0.149233 -0.00508798 0.248088 0.95716
1548266689.59295 -0.244906 -2.1345 1.23246 0.145037 -0.00495218 0.248215 0.957773
1548266689.62657 -0.237921 -2.13315 1.2348 0.143352 -0.00586473 0.251668 0.95712
1548266689.65992 -0.231282 -2.13204 1.23751 0.14195 -0.00611566 0.253153 0.956936
1548266689.69322 -0.224987 -2.13075 1.24026 0.139609 -0.00587281 0.254883 0.956823
1548266689.72648 -0.218934 -2.12938 1.24354 0.137783 -0.00594243 0.258035 0.956242
1548266689.75976 -0.213036 -2.12798 1.24721 0.136215 -0.00558788 0.260832 0.95571
1548266689.79314 -0.207479 -2.1264 1.25144 0.134347 -0.00530513 0.264335 0.955013
1548266689.82653 -0.202064 -2.12455 1.25613 0.131459 -0.00630974 0.27102 0.953534
1548266689.85979 -0.196803 -2.12219 1.26166 0.128455 -0.00450377 0.274796 0.952873
1548266689.89294 -0.191914 -2.11923 1.26783 0.122755 -0.00185597 0.278194 0.952647
1548266689.92647 -0.18735 -2.11592 1.27388 0.122531 -0.000155167 0.281407 0.951733
1548266689.95987 -0.183208 -2.11239 1.27985 0.118688 0.00104214 0.286061 0.950832
1548266689.99297 -0.180034 -2.10886 1.28604 0.116297 0.00160451 0.290544 0.949767
1548266690.02634 -0.177778 -2.10551 1.29232 0.112436 0.00202633 0.293429 0.949344
1548266690.06002 -0.175985 -2.10214 1.2984 0.106784 0.000491588 0.294507 0.949665
1548266690.09301 -0.17494 -2.09861 1.30434 0.106329 -0.00271104 0.298712 0.948398
1548266690.12638 -0.173866 -2.09519 1.30994 0.10396 -0.00383506 0.300936 0.947953
1548266690.15971 -0.172143 -2.09221 1.31553 0.103176 0.00258366 0.306494 0.946261
1548266690.19306 -0.171488 -2.08799 1.32064 0.0982521 -0.00468164 0.303474 0.947749
1548266690.22638 -0.170655 -2.08523 1.32661 0.094779 -0.00271225 0.315574 0.944152
1548266690.25931 -0.170195 -2.08234 1.3324 0.0935135 -0.00438891 0.31699 0.943797
1548266690.29305 -0.16977 -2.07929 1.33872 0.0925608 -0.00785506 0.319784 0.942926
1548266690.32634 -0.170078 -2.07498 1.3453 0.0891078 -0.0147465 0.320587 0.942903
1548266690.35948 -0.170285 -2.07094 1.3525 0.08445 -0.0179832 0.324708 0.941865
1548266690.39320 -0.170039 -2.0674 1.35951 0.0829266 -0.0170498 0.328556 0.940683
1548266690.42645 -0.170278 -2.06411 1.36611 0.0806897 -0.01688 0.331873 0.939715
1548266690.45955 -0.171446 -2.06126 1.37287 0.0803217 -0.0171944 0.338781 0.937273
1548266690.49320 -0.173132 -2.05811 1.37957 0.0782959 -0.0171246 0.341539 0.936444
1548266690.52659 -0.175128 -2.05508 1.38599 0.0744266 -0.0178185 0.340254 0.937214
1548266690.55986 -0.177227 -2.05228 1.39259 0.0762537 -0.016383 0.34399 0.935728
1548266690.59276 -0.180251 -2.04885 1.39959 0.0711867 -0.0188218 0.346364 0.935206
1548266690.62657 -0.182782 -2.04563 1.40673 0.068795 -0.0187044 0.34959 0.934186
1548266690.65980 -0.18515 -2.04274 1.41435 0.066878 -0.0171842 0.349517 0.934382
1548266690.69315 -0.187603 -2.03989 1.42182 0.0606748 -0.0176559 0.35032 0.934496
1548266690.72647 -0.191172 -2.0374 1.43055 0.0580015 -0.0213709 0.355251 0.932725
1548266690.75997 -0.195048 -2.03528 1.43988 0.0528967 -0.022467 0.353769 0.933565
1548266690.79279 -0.199107 -2.03359 1.44954 0.0485726 -0.0232416 0.351807 0.934523
1548266690.82621 -0.204269 -2.03227 1.45991 0.0456208 -0.0270471 0.353363 0.933982
1548266690.85958 -0.209143 -2.0315 1.46981 0.0400451 -0.029064 0.352585 0.934471
1548266690.89271 -0.214174 -2.0305 1.47952 0.0361489 -0.0331748 0.347794 0.936286
1548266690.92616 -0.218887 -2.02966 1.48901 0.0341737 -0.0373625 0.350409 0.935227
1548266690.95967 -0.223464 -2.02876 1.49786 0.0306494 -0.0425829 0.351092 0.93487
1548266690.99277 -0.227449 -2.0283 1.50658 0.0294336 -0.0442336 0.347652 0.936117
1548266691.02620 -0.23135 -2.02741 1.51483 0.0239553 -0.0489905 0.347749 0.936
1548266691.05948 -0.235298 -2.02662 1.52338 0.022747 -0.0551035 0.350681 0.934596
1548266691.09309 -0.239446 -2.02543 1.53134 0.016202 -0.0600302 0.350628 0.934448
1548266691.12635 -0.243142 -2.02463 1.53924 0.01238 -0.0628138 0.348484 0.935126
1548266691.15964 -0.247258 -2.02387 1.54673 0.00953877 -0.0674553 0.351816 0.933587
1548266691.19302 -0.251408 -2.02273 1.55368 0.00465527 -0.0731464 0.352185 0.933056
1548266691.22629 -0.25503 -2.02167 1.55962 0.000108417 -0.0732879 0.347397 0.93485
1548266691.25979 -0.258604 -2.02073 1.56496 -0.00466389 -0.0759641 0.346842 0.934831
1548266691.29310 -0.26207 -2.01955 1.56936 -0.00827184 -0.0794307 0.346504 0.934643
1548266691.32647 -0.265301 -2.01829 1.57334 -0.0119359 -0.080728 0.344484 0.935239
1548266691.35970 -0.268004 -2.01722 1.57671 -0.0133945 -0.0826628 0.344507 0.935042
1548266691.39287 -0.270356 -2.01625 1.57956 -0.0152712 -0.0848958 0.344777 0.934713
1548266691.42646 -0.272626 -2.01508 1.582 -0.0155257 -0.0850222 0.344975 0.934624
1548266691.45978 -0.274091 -2.01432 1.58401 -0.0162014 -0.0865506 0.346032 0.934082
1548266691.49298 -0.275482 -2.01376 1.58579 -0.0137982 -0.0859616 0.346221 0.934104
1548266691.52644 -0.276672 -2.01344 1.58727 -0.0132181 -0.0877428 0.34617 0.933966
1548266691.55982 -0.277154 -2.01325 1.58827 -0.0122798 -0.0875819 0.34781 0.933385
1548266691.59275 -0.277996 -2.01318 1.58907 -0.0101408 -0.0872799 0.34667 0.933863
1548266691.62632 -0.278838 -2.01311 1.58975 -0.00784991 -0.0878679 0.348081 0.933304
1548266691.65931 -0.27974 -2.01295 1.59062 -0.00632609 -0.089542 0.348397 0.933039
1548266691.69268 -0.280621 -2.01291 1.5914 -0.00525944 -0.0899506 0.348261 0.933057
1548266691.72613 -0.28199 -2.01264 1.59226 -0.00473372 -0.090695 0.348367 0.932948
1548266691.75951 -0.283331 -2.01268 1.59329 -0.00263947 -0.0919696 0.349967 0.932233
1548266691.79288 -0.284909 -2.01289 1.59444 -0.00339504 -0.0940067 0.347335 0.933011
1548266691.82628 -0.28672 -2.01298 1.59527 -0.00478679 -0.0948149 0.346614 0.933191
1548266691.85964 -0.288344 -2.01339 1.59636 -0.00471105 -0.0972628 0.345299 0.933427
1548266691.89306 -0.290001 -2.014 1.59705 -0.00595838 -0.0978423 0.342849 0.934262
1548266691.92627 -0.291677 -2.01446 1.59751 -0.00828537 -0.0981795 0.341418 0.934733
1548266691.95961 -0.293037 -2.01499 1.59798 -0.00942314 -0.0983386 0.339348 0.935459
1548266691.99275 -0.294216 -2.01557 1.59842 -0.0101994 -0.0990674 0.336688 0.936335
1548266692.02622 -0.295106 -2.01587 1.59854 -0.0114345 -0.0982444 0.334747 0.937103
1548266692.05991 -0.29588 -2.01608 1.5986 -0.0118167 -0.0976358 0.333095 0.93775
1548266692.09314 -0.296628 -2.01598 1.59838 -0.0128078 -0.0975467 0.332308 0.938026
1548266692.12621 -0.297279 -2.01581 1.59806 -0.0135307 -0.0971609 0.331834 0.938223
1548266692.15962 -0.297524 -2.01546 1.5974 -0.0138789 -0.0939258 0.330387 0.939058
1548266692.19303 -0.297855 -2.01496 1.59681 -0.0149061 -0.0926566 0.330431 0.939153
1548266692.22632 -0.298172 -2.01452 1.59627 -0.0151154 -0.0924538 0.330471 0.939155
1548266692.25980 -0.298406 -2.01413 1.59588 -0.0147349 -0.0914716 0.329718 0.939522
1548266692.29309 -0.298582 -2.01396 1.59567 -0.0146783 -0.090886 0.328274 0.940085
1548266692.32650 -0.298944 -2.01371 1.59566 -0.0136196 -0.0900489 0.328856 0.939978
1548266692.35974 -0.299509 -2.01353 1.59576 -0.0128413 -0.090688 0.330886 0.939215
1548266692.39288 -0.30013 -2.01339 1.59583 -0.0121746 -0.0891693 0.329428 0.939882
1548266692.42616 -0.301677 -2.01321 1.59584 -0.0142288 -0.0889034 0.328653 0.940149
1548266692.45961 -0.30258 -2.01407 1.59613 -0.0121439 -0.0883847 0.327383 0.940671
1548266692.49305 -0.304653 -2.01413 1.59653 -0.0158898 -0.0906274 0.325464 0.941067
