# ground truth trajectory
# timestamp tx ty tz qx qy qz qw
1548339819.89427 -0.194787 -1.44487 1.46988 0.163205 0.0885024 -0.227926 -0.955814
1548339819.92774 -0.196181 -1.44612 1.472 0.168959 0.091733 -0.222022 -0.9559
1548339819.96090 -0.197549 -1.44784 1.47475 0.168213 0.0925814 -0.219399 -0.956555
1548339819.99440 -0.199086 -1.44937 1.47725 0.168189 0.0923689 -0.219129 -0.956641
1548339820.02753 -0.200813 -1.45126 1.48018 0.167415 0.0938898 -0.215851 -0.957374
1548339820.06118 -0.202679 -1.45322 1.48273 0.166556 0.0933788 -0.214074 -0.957973
1548339820.09440 -0.204636 -1.45544 1.48522 0.166795 0.0935525 -0.210846 -0.95863
1548339820.12772 -0.206544 -1.4578 1.48754 0.165416 0.0935935 -0.206636 -0.959781
1548339820.16119 -0.208225 -1.46019 1.48988 0.164636 0.0916268 -0.202555 -0.960974
1548339820.19427 -0.21018 -1.46221 1.49144 0.166155 0.0901348 -0.19914 -0.961567
1548339820.22780 -0.212247 -1.46421 1.49286 0.164295 0.0874642 -0.196499 -0.962676
1548339820.26132 -0.214331 -1.4658 1.49367 0.166776 0.0861132 -0.191818 -0.963315
1548339820.29456 -0.216434 -1.46732 1.49406 0.168494 0.0840119 -0.188467 -0.963863
1548339820.32753 -0.219215 -1.46888 1.49494 0.162075 0.0808371 -0.187532 -0.965416
1548339820.36118 -0.220861 -1.46981 1.49402 0.168236 0.0812981 -0.180507 -0.965663
1548339820.39456 -0.2231 -1.47101 1.49316 0.171933 0.0797709 -0.175636 -0.966037
1548339820.42799 -0.224956 -1.47268 1.49247 0.16903 0.0778713 -0.17209 -0.967342
1548339820.46153 -0.226683 -1.47489 1.49138 0.167956 0.0733257 -0.169387 -0.96836
1548339820.49463 -0.228899 -1.4764 1.48938 0.170511 0.0740872 -0.159789 -0.969487
1548339820.52804 -0.230726 -1.47873 1.48798 0.168498 0.070418 -0.158378 -0.970343
1548339820.56131 -0.232904 -1.48059 1.48612 0.168512 0.0714292 -0.150823 -0.97147
1548339820.59456 -0.234664 -1.48301 1.48415 0.168296 0.0658869 -0.149792 -0.972059
1548339820.62790 -0.236873 -1.4851 1.48229 0.167324 0.0668856 -0.140935 -0.973481
1548339820.66092 -0.23924 -1.48715 1.48051 0.167356 0.0648448 -0.135513 -0.974383
1548339820.69451 -0.241495 -1.48904 1.47884 0.167891 0.0648826 -0.130352 -0.974993
1548339820.72771 -0.243716 -1.49112 1.47713 0.166612 0.0633574 -0.126095 -0.975872
1548339820.76116 -0.24557 -1.4932 1.47501 0.165797 0.0610592 -0.120986 -0.976804
1548339820.79438 -0.247364 -1.49549 1.47324 0.164765 0.0573917 -0.121167 -0.977178
1548339820.82768 -0.248885 -1.49723 1.47099 0.164793 0.0592368 -0.115162 -0.977789
1548339820.86109 -0.249715 -1.49974 1.46931 0.162698 0.0531397 -0.111908 -0.978868
1548339820.89448 -0.250906 -1.50165 1.46709 0.162847 0.0525551 -0.1055 -0.979586
1548339820.92777 -0.251788 -1.50361 1.46553 0.161324 0.0489636 -0.102588 -0.980333
1548339820.96089 -0.252673 -1.5052 1.46386 0.160268 0.0491652 -0.0986336 -0.980902
1548339820.99445 -0.254251 -1.50667 1.46219 0.158998 0.0498259 -0.0948011 -0.981453
1548339821.02781 -0.255389 -1.50847 1.46123 0.158634 0.0477481 -0.0910594 -0.981969
1548339821.06129 -0.257079 -1.5103 1.46055 0.159133 0.0476053 -0.0853277 -0.98241
1548339821.09470 -0.259237 -1.51209 1.46041 0.159141 0.0482192 -0.0793537 -0.982879
1548339821.12796 -0.261252 -1.51423 1.46115 0.157786 0.0452318 -0.0752932 -0.983559
1548339821.16135 -0.263784 -1.51552 1.46196 0.159307 0.0486305 -0.0685263 -0.983647
1548339821.19461 -0.266119 -1.5169 1.46357 0.15941 0.046827 -0.0646428 -0.98398
1548339821.22770 -0.268436 -1.51797 1.46553 0.161146 0.0474436 -0.0577344 -0.984098
1548339821.26126 -0.270567 -1.51917 1.46804 0.160227 0.0437951 -0.0573826 -0.984437
1548339821.29464 -0.273194 -1.51952 1.47032 0.164707 0.0480143 -0.0499712 -0.983905
1548339821.32799 -0.275682 -1.52024 1.47285 0.164759 0.0476598 -0.0443569 -0.984183
1548339821.36111 -0.278019 -1.52092 1.47536 0.163834 0.0477398 -0.0405725 -0.984496
1548339821.39458 -0.280049 -1.52132 1.47745 0.169853 0.0481548 -0.0378079 -0.983566
1548339821.42766 -0.282092 -1.52182 1.47958 0.168481 0.0489257 -0.0326549 -0.983948
1548339821.46110 -0.284046 -1.52259 1.48176 0.170202 0.0456931 -0.0301798 -0.983887
1548339821.49451 -0.286237 -1.52289 1.48368 0.174859 0.048581 -0.0241152 -0.983099
1548339821.52761 -0.28866 -1.5233 1.48593 0.171212 0.0482 -0.0202617 -0.983846
1548339821.56082 -0.290947 -1.52397 1.48805 0.173357 0.0484186 -0.0150756 -0.983553
1548339821.59436 -0.292927 -1.52475 1.49021 0.172251 0.0470108 -0.0081277 -0.983897
1548339821.62785 -0.295198 -1.52548 1.49241 0.176161 0.0457968 -0.00556447 -0.98328
1548339821.66119 -0.297129 -1.52623 1.49435 0.175171 0.046111 -0.00261118 -0.983454
1548339821.69440 -0.299201 -1.52718 1.4962 0.177497 0.0466885 0.00203661 -0.983011
1548339821.72789 -0.301181 -1.52811 1.49815 0.177972 0.0468857 0.00475038 -0.982906
1548339821.76093 -0.30343 -1.52857 1.50002 0.178939 0.0474276 0.0082224 -0.982682
1548339821.79415 -0.305153 -1.52917 1.50163 0.179964 0.0465997 0.0110469 -0.982507
1548339821.82805 -0.306758 -1.53026 1.50354 0.177115 0.0468081 0.0153405 -0.982957
1548339821.86128 -0.308273 -1.53072 1.50468 0.178737 0.0469242 0.0161882 -0.982644
1548339821.89464 -0.30979 -1.53138 1.50588 0.181445 0.0464883 0.0194386 -0.982109
1548339821.92785 -0.311082 -1.53247 1.50708 0.181857 0.0459376 0.0241058 -0.981956
1548339821.96110 -0.31215 -1.53339 1.50794 0.184057 0.044644 0.0259577 -0.981558
1548339821.99471 -0.313555 -1.53452 1.50914 0.183465 0.0441647 0.0279985 -0.981634
1548339822.02807 -0.314686 -1.53581 1.5103 0.182722 0.0437161 0.0317287 -0.98168
1548339822.06115 -0.315633 -1.53695 1.51099 0.18477 0.0415123 0.034743 -0.98129
1548339822.09470 -0.317222 -1.53829 1.5121 0.184275 0.0423042 0.0372921 -0.981256
1548339822.12797 -0.318566 -1.53952 1.51294 0.18088 0.0416968 0.0415557 -0.981742
1548339822.16120 -0.320075 -1.54067 1.51377 0.18358 0.0394537 0.0453026 -0.981167
1548339822.19467 -0.321971 -1.54125 1.51455 0.18624 0.037506 0.0471574 -0.980655
1548339822.22750 -0.323989 -1.54255 1.51576 0.184221 0.0378596 0.0518835 -0.980784
1548339822.26101 -0.325714 -1.54324 1.51664 0.186102 0.0366399 0.0564506 -0.980223
1548339822.29439 -0.327726 -1.54366 1.51772 0.187238 0.0359974 0.0591077 -0.979874
1548339822.32772 -0.329816 -1.54457 1.51901 0.185475 0.0364578 0.0627062 -0.979968
1548339822.36093 -0.331383 -1.54486 1.51964 0.186555 0.0358434 0.0669539 -0.979505
1548339822.39423 -0.333447 -1.54534 1.5208 0.185466 0.0363193 0.06986 -0.979491
1548339822.42763 -0.334973 -1.54574 1.5215 0.187053 0.0356815 0.0729047 -0.978991
1548339822.46106 -0.336414 -1.54598 1.52218 0.189528 0.0336315 0.0757747 -0.978369
1548339822.49440 -0.337835 -1.54608 1.52282 0.189882 0.0332898 0.0799364 -0.977981
1548339822.52761 -0.339872 -1.54622 1.52386 0.186873 0.0339868 0.0802494 -0.978511
1548339822.56107 -0.341026 -1.54624 1.52416 0.190742 0.0310006 0.0839969 -0.977549
1548339822.59432 -0.342211 -1.5463 1.52456 0.192009 0.0304945 0.0885562 -0.976914
1548339822.62772 -0.343598 -1.54624 1.5252 0.194361 0.0280962 0.0890587 -0.976475
1548339822.66120 -0.344778 -1.54615 1.52558 0.192855 0.0290691 0.0932958 -0.976349
1548339822.69452 -0.346577 -1.54653 1.52655 0.191735 0.0279243 0.0956465 -0.976376
1548339822.72777 -0.34764 -1.54641 1.52682 0.191242 0.0281516 0.0965454 -0.976377
1548339822.76122 -0.3493 -1.5465 1.52752 0.195372 0.0246888 0.0985036 -0.975458
1548339822.79457 -0.351048 -1.54657 1.52811 0.194244 0.0271138 0.105571 -0.974879
1548339822.82763 -0.353004 -1.54648 1.52891 0.191788 0.0253628 0.105964 -0.975369
1548339822.86087 -0.354651 -1.54647 1.52934 0.195252 0.0234026 0.1077 -0.974541
1548339822.89460 -0.356513 -1.5467 1.52971 0.194349 0.0238908 0.113239 -0.974082
1548339822.92790 -0.358335 -1.54737 1.53001 0.193874 0.0223331 0.117827 -0.973669
1548339822.96102 -0.360169 -1.54822 1.53021 0.193904 0.0192837 0.12073 -0.973372
1548339822.99466 -0.362262 -1.54857 1.53016 0.194686 0.0188318 0.122975 -0.972944
1548339823.02762 -0.364141 -1.54907 1.52997 0.191599 0.0186579 0.128484 -0.972848
1548339823.06093 -0.366177 -1.54937 1.52971 0.193643 0.0160511 0.129573 -0.972345
1548339823.09441 -0.36781 -1.54962 1.52939 0.19261 0.0144846 0.131048 -0.972378
1548339823.12751 -0.369525 -1.5498 1.52893 0.192442 0.0141476 0.133635 -0.972064
1548339823.16090 -0.371209 -1.54992 1.5285 0.192135 0.0123094 0.136639 -0.971732
1548339823.19442 -0.372901 -1.54994 1.52798 0.192025 0.0113931 0.13839 -0.971517
1548339823.22750 -0.374502 -1.55004 1.52761 0.191198 0.0114832 0.139978 -0.971451
1548339823.26096 -0.376163 -1.55005 1.52701 0.191913 0.0098906 0.141191 -0.971152
1548339823.29434 -0.377732 -1.55018 1.52645 0.191501 0.00878707 0.143487 -0.970908
1548339823.32804 -0.379198 -1.55043 1.52581 0.191222 0.00789052 0.144945 -0.970754
1548339823.36111 -0.380761 -1.55058 1.52516 0.191498 0.00703123 0.147951 -0.970252
1548339823.39442 -0.382629 -1.55055 1.52466 0.188752 0.00767497 0.150779 -0.97035
1548339823.42796 -0.384281 -1.55061 1.52394 0.189308 0.00695676 0.151106 -0.970196
1548339823.46120 -0.386146 -1.55081 1.52305 0.190187 0.00522707 0.153823 -0.969608
1548339823.49464 -0.388045 -1.55104 1.52214 0.189108 0.00476033 0.157316 -0.969261
1548339823.52789 -0.389724 -1.55156 1.52113 0.189181 0.00407662 0.156669 -0.969355
1548339823.56123 -0.391845 -1.55198 1.51988 0.187967 0.00398219 0.158733 -0.969256
1548339823.59468 -0.394002 -1.55245 1.51869 0.18758 0.0033353 0.160345 -0.969068
1548339823.62775 -0.396289 -1.55283 1.51755 0.187485 0.001894 0.162871 -0.968669
1548339823.66134 -0.3986 -1.55323 1.51631 0.186455 0.00186659 0.164321 -0.968623
1548339823.69453 -0.401078 -1.55361 1.51482 0.186838 0.000506197 0.164108 -0.968587
1548339823.72799 -0.403724 -1.55418 1.51339 0.18641 -0.000555643 0.166509 -0.968259
1548339823.76123 -0.406027 -1.55492 1.51195 0.186098 -0.00250629 0.167448 -0.968154
1548339823.79407 -0.408462 -1.55536 1.51026 0.184603 -0.00293304 0.168546 -0.968249
1548339823.82764 -0.410921 -1.5559 1.50854 0.183713 -0.00309764 0.170007 -0.968162
1548339823.86120 -0.413413 -1.55636 1.50711 0.180199 -0.00371765 0.17195 -0.968477
1548339823.89445 -0.415834 -1.55607 1.50533 0.182678 -0.00343789 0.171751 -0.968049
1548339823.92750 -0.418238 -1.55583 1.50388 0.182412 -0.00285217 0.171793 -0.968093
1548339823.96097 -0.420581 -1.55558 1.50265 0.182102 -0.00219719 0.172544 -0.96802
1548339823.99449 -0.422873 -1.55519 1.50162 0.182211 -0.00126095 0.171198 -0.96824
1548339824.02769 -0.425194 -1.55487 1.50092 0.180125 -0.000571374 0.171884 -0.968509
1548339824.06095 -0.426994 -1.55441 1.50007 0.182708 -0.000410527 0.172056 -0.967995
1548339824.09464 -0.428782 -1.55392 1.49918 0.184064 -0.00198227 0.172482 -0.96766
1548339824.12767 -0.430731 -1.55372 1.49863 0.184204 -0.00273775 0.175245 -0.967135
1548339824.16108 -0.433011 -1.55334 1.49828 0.183846 -0.0028788 0.176364 -0.967
1548339824.19436 -0.435654 -1.55273 1.49807 0.183543 -0.00229705 0.179025 -0.96657
1548339824.22761 -0.438237 -1.55213 1.49785 0.184938 -0.00230843 0.178303 -0.966437
1548339824.26117 -0.441287 -1.55141 1.49764 0.184732 -0.00191759 0.180406 -0.966087
1548339824.29453 -0.444637 -1.55076 1.49741 0.185343 -0.00195427 0.182005 -0.96567
1548339824.32795 -0.448027 -1.55014 1.49729 0.185455 -0.00220705 0.183665 -0.965334
1548339824.36134 -0.451615 -1.54944 1.49739 0.185838 -0.0026136 0.1846 -0.96508
1548339824.39451 -0.455447 -1.54878 1.49757 0.186004 -0.00309276 0.186391 -0.964703
1548339824.42792 -0.459509 -1.54834 1.49817 0.185458 -0.0027909 0.189226 -0.964257
1548339824.46117 -0.463682 -1.54767 1.49869 0.187568 -0.00403797 0.190297 -0.963633
1548339824.49457 -0.468041 -1.54702 1.49965 0.189122 -0.00430169 0.19125 -0.96314
1548339824.52797 -0.472626 -1.54632 1.50099 0.190354 -0.0043721 0.194565 -0.962232
1548339824.56143 -0.477253 -1.5451 1.50263 0.191704 -0.00385835 0.195371 -0.961803
1548339824.59469 -0.48189 -1.54356 1.5043 0.193249 -0.00189229 0.193708 -0.961836
1548339824.62763 -0.486536 -1.54222 1.50599 0.195236 -0.000534132 0.192327 -0.961714
1548339824.66114 -0.491313 -1.54119 1.50763 0.196502 -0.000699577 0.195991 -0.960715
1548339824.69444 -0.495597 -1.54045 1.50936 0.198594 2.44465e-05 0.194257 -0.960638
1548339824.72764 -0.499799 -1.53962 1.51093 0.198846 0.00076135 0.19539 -0.960356
1548339824.76115 -0.503626 -1.53908 1.5124 0.201023 -0.000355192 0.197594 -0.959451
1548339824.79449 -0.507546 -1.53816 1.51379 0.202222 0.000594853 0.198714 -0.958968
1548339824.82740 -0.511307 -1.5367 1.51511 0.204614 0.000440167 0.196133 -0.958991
1548339824.86096 -0.515084 -1.53606 1.51647 0.204563 0.000883362 0.196311 -0.958966
1548339824.89460 -0.518568 -1.53533 1.51807 0.203545 0.000971593 0.194811 -0.959488
1548339824.92758 -0.521829 -1.53434 1.51946 0.206637 6.2525e-05 0.192711 -0.959252
1548339824.96102 -0.524941 -1.53385 1.52105 0.208169 -0.000767575 0.191987 -0.959065
1548339824.99449 -0.527954 -1.53359 1.52263 0.209121 -0.00188035 0.189505 -0.95935
1548339825.02775 -0.530897 -1.53374 1.52414 0.209855 -0.00267213 0.188104 -0.959464
1548339825.06125 -0.534023 -1.53416 1.52555 0.211034 -0.00398601 0.188636 -0.959096
1548339825.09466 -0.537313 -1.53483 1.52707 0.211169 -0.00452343 0.185613 -0.959654
1548339825.12796 -0.540812 -1.53568 1.52821 0.210734 -0.00407089 0.186222 -0.959633
1548339825.16135 -0.544248 -1.53708 1.52916 0.211856 -0.00400586 0.185497 -0.959527
1548339825.19459 -0.54816 -1.53882 1.53 0.210061 -0.00236496 0.185056 -0.960012
1548339825.22771 -0.55194 -1.5411 1.53059 0.209076 -0.000685161 0.183739 -0.960483
1548339825.26133 -0.555651 -1.54407 1.53095 0.20599 0.00100037 0.180809 -0.961704
1548339825.29469 -0.559213 -1.54742 1.53124 0.201905 0.0028507 0.176525 -0.963361
1548339825.32760 -0.562692 -1.5511 1.53142 0.195883 0.00750201 0.170021 -0.965747
1548339825.36102 -0.56573 -1.55498 1.5311 0.190066 0.0103931 0.162335 -0.968202
1548339825.39447 -0.568164 -1.55888 1.53045 0.186232 0.0132779 0.156976 -0.969794
1548339825.42751 -0.570344 -1.56291 1.52973 0.182029 0.0176589 0.146709 -0.972127
1548339825.46101 -0.571923 -1.56642 1.52869 0.178651 0.020983 0.139027 -0.973815
1548339825.49440 -0.573352 -1.5696 1.52776 0.175079 0.0243731 0.134555 -0.975012
1548339825.52768 -0.573998 -1.57226 1.5268 0.176875 0.025408 0.132364 -0.974961
1548339825.56119 -0.574525 -1.57471 1.52607 0.175571 0.0299364 0.126242 -0.97588
1548339825.59409 -0.574711 -1.57712 1.52543 0.175568 0.0325488 0.119994 -0.976585
1548339825.62763 -0.574847 -1.57973 1.52481 0.176455 0.0346322 0.115428 -0.976904
1548339825.66101 -0.574723 -1.5827 1.5243 0.178575 0.0355669 0.112235 -0.976857
1548339825.69447 -0.574341 -1.58638 1.52374 0.178782 0.0377499 0.105998 -0.977434
1548339825.72766 -0.573866 -1.59063 1.52285 0.179311 0.0378821 0.103881 -0.977559
1548339825.76122 -0.573728 -1.5953 1.52277 0.176636 0.0400818 0.102863 -0.978066
1548339825.79428 -0.573263 -1.59931 1.52257 0.177008 0.0420747 0.0963735 -0.978576
1548339825.82768 -0.572609 -1.60344 1.52203 0.178816 0.0438026 0.0920026 -0.978592
1548339825.86125 -0.571726 -1.60802 1.5213 0.17974 0.044393 0.0886782 -0.978703
1548339825.89465 -0.571068 -1.61326 1.52045 0.177224 0.0465877 0.0831805 -0.979542
1548339825.92784 -0.570465 -1.61823 1.51924 0.176452 0.0483126 0.0768817 -0.980112
1548339825.96134 -0.569847 -1.62353 1.51817 0.17264 0.0509315 0.0727636 -0.980972
1548339825.99453 -0.568549 -1.62907 1.51635 0.171375 0.052346 0.0677744 -0.981477
1548339826.02783 -0.566947 -1.6349 1.51445 0.169105 0.0537304 0.0650222 -0.981982
1548339826.06131 -0.565682 -1.64016 1.51314 0.164347 0.0570311 0.0585944 -0.983008
1548339826.09456 -0.563715 -1.64464 1.51153 0.164933 0.0582833 0.0506896 -0.983276
1548339826.12780 -0.560891 -1.64967 1.50976 0.166283 0.0587594 0.0491768 -0.983097
1548339826.16127 -0.558408 -1.65425 1.5086 0.166072 0.058962 0.0456676 -0.983289
1548339826.19459 -0.555663 -1.65803 1.50784 0.16611 0.0615201 0.0394739 -0.983395
1548339826.22768 -0.552558 -1.66163 1.50702 0.168904 0.0615224 0.0344477 -0.983107
1548339826.26114 -0.549754 -1.66535 1.5065 0.170862 0.0618131 0.0298861 -0.9829
1548339826.29424 -0.547179 -1.6689 1.50641 0.171053 0.0627697 0.0254815 -0.98293
1548339826.32785 -0.5444 -1.67193 1.50622 0.174144 0.0628506 0.0191423 -0.982526
1548339826.36117 -0.541654 -1.67524 1.50571 0.175119 0.0633284 0.0188895 -0.982327
1548339826.39444 -0.538877 -1.67854 1.50496 0.177579 0.0622675 0.0151984 -0.982017
1548339826.42765 -0.536601 -1.68224 1.50461 0.170185 0.065651 0.0105771 -0.983166
1548339826.46092 -0.533993 -1.6852 1.50353 0.174013 0.0648438 0.0069223 -0.982582
1548339826.49404 -0.531904 -1.68886 1.50296 0.174512 0.0646875 0.00206321 -0.982526
1548339826.52758 -0.529942 -1.69166 1.5022 0.174395 0.0657979 -0.00068048 -0.982475
1548339826.56114 -0.528339 -1.69356 1.50145 0.169698 0.0706238 -0.00159443 -0.982961
1548339826.59457 -0.526641 -1.69587 1.50126 0.17355 0.0712788 -0.00652829 -0.982221
1548339826.62774 -0.5252 -1.69809 1.50151 0.176222 0.0719938 -0.0109064 -0.981654
1548339826.66121 -0.523442 -1.69967 1.50185 0.17525 0.0747011 -0.011598 -0.981617
1548339826.69467 -0.521955 -1.70111 1.50277 0.176638 0.0761251 -0.0158431 -0.9812
1548339826.72778 -0.520198 -1.70227 1.50395 0.175268 0.0761315 -0.0175994 -0.981415
1548339826.76123 -0.518542 -1.70293 1.50513 0.17864 0.0758571 -0.021475 -0.980751
1548339826.79442 -0.517106 -1.70328 1.50643 0.177782 0.0782865 -0.024231 -0.980652
1548339826.82787 -0.515507 -1.70396 1.5082 0.180833 0.0776074 -0.0305242 -0.979972
1548339826.86129 -0.514219 -1.70372 1.50963 0.183811 0.0810373 -0.0306984 -0.979134
1548339826.89470 -0.512833 -1.70353 1.5109 0.186162 0.0827215 -0.0346746 -0.978416
1548339826.92774 -0.51154 -1.70341 1.51235 0.18589 0.0822774 -0.036427 -0.978442
1548339826.96109 -0.510245 -1.70342 1.51396 0.185633 0.0842684 -0.0368862 -0.978304
1548339826.99465 -0.509175 -1.70328 1.51541 0.185469 0.0838686 -0.0416439 -0.978178
1548339827.02767 -0.507778 -1.70311 1.51691 0.187207 0.0844528 -0.0434006 -0.977721
1548339827.06113 -0.506635 -1.70304 1.51826 0.18623 0.0847988 -0.0404955 -0.978002
1548339827.09442 -0.506067 -1.70278 1.5197 0.18371 0.0856151 -0.0429733 -0.978302
1548339827.12762 -0.505635 -1.70238 1.52119 0.180957 0.0873621 -0.0434046 -0.978641
1548339827.16116 -0.505315 -1.70158 1.52261 0.181326 0.0885645 -0.0404282 -0.978592
1548339827.19437 -0.505358 -1.70064 1.52429 0.180948 0.0896116 -0.0414797 -0.978523
1548339827.22746 -0.505073 -1.69938 1.52573 0.182792 0.0901943 -0.0404277 -0.978171
1548339827.26098 -0.504877 -1.69826 1.52746 0.180473 0.0910673 -0.0380712 -0.978615
1548339827.29403 -0.504287 -1.69651 1.52907 0.182313 0.0928414 -0.0369148 -0.978151
1548339827.32747 -0.503673 -1.6946 1.53091 0.182385 0.0932914 -0.0378184 -0.978061
1548339827.36118 -0.502528 -1.69262 1.53277 0.182107 0.0916317 -0.0349517 -0.978376
1548339827.39457 -0.501048 -1.6901 1.53435 0.184795 0.0890227 -0.030982 -0.978246
1548339827.42797 -0.499911 -1.68726 1.53636 0.18639 0.0888842 -0.032599 -0.977904
1548339827.46123 -0.498742 -1.6842 1.53832 0.185891 0.0905273 -0.0306359 -0.977912
1548339827.49476 -0.497192 -1.68072 1.54015 0.182701 0.091681 -0.0218581 -0.978641
1548339827.52792 -0.495105 -1.67704 1.5419 0.185194 0.0912825 -0.0216707 -0.978213
1548339827.56132 -0.493251 -1.67326 1.54404 0.183411 0.0915704 -0.0229011 -0.978494
1548339827.59435 -0.490642 -1.66941 1.54602 0.186481 0.0893767 -0.0224892 -0.978126
1548339827.62708 -0.488253 -1.66549 1.54797 0.185131 0.0893337 -0.0224025 -0.978388
1548339827.66101 -0.485717 -1.66132 1.54944 0.186523 0.0897043 -0.02404 -0.978051
1548339827.69443 -0.483243 -1.65783 1.55078 0.185634 0.0875209 -0.0220895 -0.978464
1548339827.72776 -0.480707 -1.6545 1.55165 0.186623 0.0865793 -0.0197057 -0.978411
1548339827.76122 -0.478661 -1.65069 1.55186 0.18426 0.0888945 -0.0187351 -0.97867
1548339827.79467 -0.476797 -1.6468 1.55149 0.184733 0.0901976 -0.0193114 -0.97845
1548339827.82752 -0.474795 -1.64369 1.55058 0.184103 0.0904365 -0.0189689 -0.978554
1548339827.86124 -0.472884 -1.64077 1.54897 0.182027 0.0901213 -0.0174465 -0.978999
1548339827.89448 -0.470826 -1.63794 1.54693 0.182042 0.0897833 -0.0146254 -0.979074
1548339827.92781 -0.468774 -1.63508 1.54495 0.178215 0.0902284 -0.0137138 -0.97975
1548339827.96082 -0.466629 -1.63238 1.54275 0.176532 0.0911187 -0.0121604 -0.979993
1548339827.99450 -0.464287 -1.62979 1.54043 0.174221 0.0884449 -0.0119621 -0.980654
1548339828.02774 -0.462166 -1.62734 1.53835 0.174131 0.0851502 -0.0130146 -0.980948
1548339828.06117 -0.4601 -1.62448 1.53614 0.173414 0.0837857 -0.0120572 -0.981204
1548339828.09440 -0.458194 -1.62172 1.53428 0.172241 0.0821941 -0.012086 -0.981545
1548339828.12765 -0.456526 -1.61899 1.53231 0.167134 0.0821306 -0.0113311 -0.982442
1548339828.16096 -0.454804 -1.61643 1.53032 0.164903 0.0817541 -0.00999816 -0.982865
1548339828.19440 -0.452895 -1.61411 1.52796 0.167037 0.078546 -0.0130846 -0.98273
1548339828.22803 -0.451159 -1.61241 1.52569 0.16492 0.0766074 -0.0125995 -0.983247
1548339828.26141 -0.449607 -1.61121 1.5233 0.16265 0.0754192 -0.0105525 -0.983741
1548339828.29402 -0.448249 -1.60988 1.52089 0.162638 0.0743092 -0.00985576 -0.983834
1548339828.32792 -0.446717 -1.60803 1.51857 0.163118 0.0715631 -0.0122767 -0.983931
1548339828.36143 -0.445763 -1.60607 1.51651 0.162528 0.0717795 -0.0132368 -0.984001
1548339828.39469 -0.444416 -1.60345 1.51399 0.160174 0.0722635 -0.00821737 -0.984406
1548339828.42804 -0.443532 -1.60183 1.51254 0.160803 0.070508 -0.00915832 -0.984422
1548339828.46117 -0.442332 -1.59973 1.51082 0.16142 0.0701466 -0.00894762 -0.984349
1548339828.49464 -0.441429 -1.59794 1.50954 0.161788 0.068095 -0.0109628 -0.984412
1548339828.52790 -0.440232 -1.59604 1.50798 0.163234 0.0677871 -0.00752879 -0.984227
1548339828.56127 -0.439273 -1.59375 1.50624 0.164817 0.0665045 -0.00308252 -0.984075
1548339828.59446 -0.438697 -1.5914 1.50537 0.167023 0.0644261 -0.000607103 -0.983846
1548339828.62789 -0.437958 -1.5886 1.50439 0.169218 0.0616714 -0.000634515 -0.983647
1548339828.66114 -0.437103 -1.58567 1.50308 0.1688 0.0627825 0.00371325 -0.983642
1548339828.69461 -0.43625 -1.58341 1.502 0.174836 0.0598233 0.00592809 -0.982761
1548339828.72756 -0.435644 -1.58096 1.50115 0.175993 0.057581 0.009527 -0.98266
1548339828.76112 -0.434877 -1.57826 1.50088 0.176077 0.0585016 0.0108374 -0.982577
1548339828.79423 -0.433497 -1.57543 1.5006 0.174883 0.0590156 0.0135836 -0.982725
1548339828.82781 -0.431982 -1.5728 1.50049 0.176169 0.0577758 0.0154318 -0.982542
1548339828.86116 -0.430463 -1.57061 1.50088 0.173003 0.0594923 0.0132172 -0.983034
1548339828.89450 -0.42839 -1.56833 1.50074 0.172709 0.0591741 0.0120439 -0.98312
1548339828.92767 -0.4263 -1.5665 1.5008 0.173445 0.0579134 0.0132953 -0.983049
1548339828.96106 -0.424263 -1.56463 1.50081 0.174397 0.0573191 0.0139561 -0.982907
1548339828.99392 -0.422783 -1.56337 1.50129 0.171494 0.0590308 0.014359 -0.98331
1548339829.02782 -0.421256 -1.56193 1.5015 0.174114 0.0594629 0.0190114 -0.982745
1548339829.06085 -0.420374 -1.56077 1.50213 0.170472 0.0602794 0.0194861 -0.983324
1548339829.09465 -0.419233 -1.55918 1.50297 0.170522 0.0618719 0.0205698 -0.983194
1548339829.12800 -0.418174 -1.55727 1.50404 0.173688 0.0614726 0.0192445 -0.982692
1548339829.16122 -0.417176 -1.55567 1.50539 0.172858 0.0627104 0.0219732 -0.982703
1548339829.19472 -0.416097 -1.55391 1.50676 0.171586 0.0638464 0.024538 -0.982792
1548339829.22801 -0.41473 -1.5519 1.50836 0.173332 0.0644798 0.0251039 -0.98243
1548339829.26103 -0.413247 -1.54959 1.50994 0.175983 0.0637517 0.0268455 -0.98196
1548339829.29468 -0.411523 -1.54727 1.5114 0.180667 0.0618584 0.0330195 -0.981042
1548339829.32777 -0.410315 -1.54492 1.51323 0.181333 0.0619209 0.033962 -0.980883
1548339829.36123 -0.409139 -1.54212 1.51514 0.183462 0.0627648 0.0351725 -0.98039
1548339829.39460 -0.407826 -1.5394 1.51683 0.187253 0.061794 0.0387889 -0.979599
1548339829.42782 -0.406604 -1.53679 1.51848 0.191135 0.0605324 0.0403551 -0.978864
1548339829.46110 -0.405485 -1.53468 1.52038 0.189636 0.0628542 0.0429756 -0.978898
1548339829.49436 -0.404628 -1.53308 1.52233 0.192568 0.0616973 0.0445626 -0.978328
1548339829.52780 -0.403608 -1.53152 1.52395 0.198114 0.060631 0.0466592 -0.977189
1548339829.56121 -0.40299 -1.5307 1.52619 0.193055 0.0620671 0.0489545 -0.977998
1548339829.59456 -0.402721 -1.53017 1.52847 0.19579 0.0592562 0.0509121 -0.977529
1548339829.62758 -0.402002 -1.52967 1.53048 0.19612 0.0601405 0.0583819 -0.976991
1548339829.66108 -0.4019 -1.52905 1.53249 0.19807 0.0588874 0.0604775 -0.976546
1548339829.69450 -0.401959 -1.52828 1.53441 0.199575 0.0586475 0.0619319 -0.976163
1548339829.72782 -0.401976 -1.52768 1.53632 0.197814 0.0598119 0.0668484 -0.976127
1548339829.76088 -0.402098 -1.52743 1.5382 0.199602 0.0576011 0.0700826 -0.975669
1548339829.79426 -0.402037 -1.52661 1.53967 0.202456 0.0557182 0.0707538 -0.975142
1548339829.82781 -0.402295 -1.52597 1.54143 0.200793 0.0563566 0.0739314 -0.975213
1548339829.86108 -0.402524 -1.52519 1.54257 0.202104 0.0550403 0.0782061 -0.974684
1548339829.89479 -0.403126 -1.52451 1.5437 0.202897 0.0544832 0.0814844 -0.974282
1548339829.92798 -0.404408 -1.52402 1.54524 0.200066 0.0555324 0.086923 -0.974338
1548339829.96123 -0.40572 -1.52359 1.54647 0.201375 0.0536401 0.0911121 -0.973791
1548339829.99463 -0.406814 -1.52305 1.5476 0.202458 0.0523582 0.0954477 -0.973221
1548339830.02802 -0.408411 -1.52222 1.54903 0.20485 0.0506556 0.0985229 -0.972504
1548339830.06122 -0.410275 -1.52138 1.55014 0.205859 0.0485635 0.103558 -0.971874
1548339830.09474 -0.411987 -1.52057 1.55123 0.207002 0.0463346 0.108598 -0.97119
1548339830.12806 -0.413768 -1.51952 1.55176 0.207794 0.0449165 0.11051 -0.970872
1548339830.16130 -0.415543 -1.51853 1.55223 0.20754 0.0446348 0.114546 -0.970471
1548339830.19460 -0.417341 -1.5175 1.55244 0.20879 0.0412465 0.117244 -0.970031
1548339830.22785 -0.418929 -1.5165 1.55214 0.209909 0.039718 0.122256 -0.969234
1548339830.26120 -0.420482 -1.51586 1.55187 0.212026 0.0368618 0.123875 -0.96868
1548339830.29407 -0.422103 -1.5158 1.55152 0.211563 0.034054 0.126129 -0.968593
1548339830.32796 -0.423476 -1.51554 1.55082 0.209375 0.0325501 0.130241 -0.968576
1548339830.36118 -0.424846 -1.51527 1.55015 0.210946 0.0297832 0.130777 -0.968252
1548339830.39447 -0.426333 -1.51485 1.54945 0.208254 0.0295947 0.135109 -0.968246
1548339830.42787 -0.427876 -1.51452 1.54874 0.206821 0.0271493 0.142144 -0.967617
1548339830.46089 -0.429527 -1.5144 1.54833 0.207007 0.0249413 0.142567 -0.967575
1548339830.49435 -0.431186 -1.51369 1.54749 0.206737 0.0236652 0.144757 -0.967339
1548339830.52775 -0.432909 -1.51326 1.54647 0.20744 0.0215476 0.148854 -0.966616
1548339830.56116 -0.435199 -1.51281 1.54519 0.210035 0.0192751 0.149368 -0.966024
1548339830.59438 -0.437354 -1.51187 1.54341 0.207325 0.0203418 0.150755 -0.966372
1548339830.62793 -0.439488 -1.51093 1.54171 0.207231 0.018942 0.15278 -0.966103
1548339830.66133 -0.441552 -1.50969 1.53965 0.205868 0.0194278 0.153155 -0.966325
1548339830.69466 -0.44368 -1.50914 1.5379 0.203479 0.019978 0.153616 -0.966747
1548339830.72799 -0.445798 -1.50879 1.53609 0.203617 0.0175749 0.153038 -0.966856
1548339830.76104 -0.447549 -1.50887 1.534 0.200386 0.0172759 0.15477 -0.967261
1548339830.79438 -0.449942 -1.50964 1.53221 0.199089 0.0153541 0.154728 -0.967568
1548339830.82812 -0.452319 -1.50999 1.53021 0.197393 0.0140786 0.155904 -0.967746
1548339830.86129 -0.454649 -1.51006 1.5279 0.19348 0.0150999 0.158623 -0.968079
1548339830.89445 -0.457865 -1.51061 1.52623 0.193813 0.013912 0.156179 -0.968427
1548339830.92797 -0.460874 -1.51075 1.52431 0.194913 0.0139069 0.155379 -0.968335
1548339830.96108 -0.46491 -1.51094 1.52278 0.189917 0.0158932 0.158325 -0.96882
1548339830.99459 -0.468421 -1.51068 1.52118 0.190992 0.0160346 0.155707 -0.969031
1548339831.02778 -0.472433 -1.51025 1.51998 0.191214 0.0168971 0.157873 -0.968622
1548339831.06121 -0.477023 -1.50986 1.51907 0.188522 0.0199087 0.160076 -0.968731
1548339831.09455 -0.481389 -1.5095 1.51843 0.190427 0.0187691 0.162308 -0.968009
1548339831.12779 -0.48617 -1.50909 1.51796 0.189692 0.0196972 0.162837 -0.968046
1548339831.16107 -0.490733 -1.50844 1.51724 0.19265 0.0189584 0.162467 -0.967539
1548339831.19459 -0.495398 -1.50826 1.51648 0.19114 0.0182017 0.164307 -0.967542
1548339831.22786 -0.499751 -1.50798 1.51557 0.187991 0.0201147 0.167083 -0.967646
1548339831.26081 -0.504209 -1.50743 1.51444 0.188641 0.0183495 0.165804 -0.967774
1548339831.29394 -0.508281 -1.5068 1.51294 0.189054 0.0176841 0.167296 -0.967449
1548339831.32757 -0.512938 -1.50575 1.51131 0.192475 0.014403 0.168063 -0.966696
1548339831.36112 -0.517331 -1.50495 1.50977 0.18933 0.015226 0.16811 -0.967296
1548339831.39441 -0.521289 -1.50436 1.50781 0.18922 0.0125285 0.168789 -0.967238
1548339831.42774 -0.525247 -1.50394 1.50573 0.189351 0.00843504 0.16877 -0.96726
1548339831.46127 -0.528668 -1.50348 1.50351 0.18732 0.00704317 0.167244 -0.967931
1548339831.49447 -0.532374 -1.50338 1.50096 0.186532 0.00387861 0.167239 -0.968102
1548339831.52796 -0.535358 -1.50293 1.49858 0.18211 0.00466291 0.167096 -0.968965
1548339831.56135 -0.538442 -1.5026 1.49637 0.181366 0.00355665 0.165274 -0.969422
1548339831.59454 -0.541825 -1.50163 1.49451 0.179673 0.00330607 0.161028 -0.970452
1548339831.62799 -0.545182 -1.50055 1.49276 0.179331 0.00372104 0.160747 -0.97056
1548339831.66119 -0.548579 -1.49934 1.49104 0.17826 0.00511559 0.163426 -0.970304
1548339831.69465 -0.552023 -1.49794 1.48983 0.179722 0.00558383 0.160863 -0.97046
1548339831.72797 -0.555467 -1.49605 1.48875 0.177651 0.0101999 0.157867 -0.971295
1548339831.76135 -0.558805 -1.49443 1.48795 0.180094 0.0109709 0.156018 -0.971135
1548339831.79438 -0.561632 -1.49302 1.48715 0.180028 0.0128768 0.154381 -0.971386
1548339831.82784 -0.563847 -1.49168 1.48628 0.179695 0.0144011 0.151373 -0.9719
1548339831.86112 -0.565571 -1.49034 1.48545 0.177416 0.0163739 0.150816 -0.972373
1548339831.89443 -0.566602 -1.48929 1.48471 0.178189 0.0145873 0.147319 -0.972796
1548339831.92771 -0.567097 -1.48841 1.48409 0.175867 0.0156926 0.141921 -0.974004
1548339831.96108 -0.567446 -1.48768 1.48379 0.174964 0.015003 0.138388 -0.974685
1548339831.99432 -0.567548 -1.48692 1.4839 0.175776 0.0134633 0.134217 -0.975145
1548339832.02791 -0.567426 -1.48616 1.48441 0.175835 0.0132575 0.128614 -0.975892
1548339832.06112 -0.567314 -1.48551 1.48565 0.175477 0.0144454 0.125917 -0.976291
1548339832.09454 -0.567526 -1.48485 1.48768 0.17645 0.0146822 0.125631 -0.976149
1548339832.12785 -0.568003 -1.48394 1.49038 0.179787 0.0155261 0.121522 -0.976047
1548339832.16093 -0.568525 -1.4831 1.49343 0.178636 0.0207069 0.120309 -0.976312
1548339832.19467 -0.568664 -1.48233 1.49621 0.18313 0.0216659 0.118235 -0.975712
1548339832.22784 -0.568998 -1.48147 1.49926 0.185409 0.0243404 0.11329 -0.975806
1548339832.26136 -0.56883 -1.48095 1.50158 0.187515 0.0261559 0.108626 -0.975887
1548339832.29455 -0.568653 -1.48082 1.50367 0.1826 0.0310037 0.106566 -0.976903
1548339832.32800 -0.567876 -1.48093 1.505 0.185033 0.0304047 0.101732 -0.976979
1548339832.36127 -0.566911 -1.48093 1.5059 0.185004 0.0320659 0.0957562 -0.977536
1548339832.39471 -0.565785 -1.48102 1.50644 0.184788 0.0325676 0.0921667 -0.977905
1548339832.42785 -0.564828 -1.48091 1.50672 0.184417 0.0333719 0.0891785 -0.978225
1548339832.46146 -0.563755 -1.48067 1.50684 0.183907 0.035176 0.0836633 -0.978745
1548339832.49463 -0.56266 -1.48042 1.50694 0.183348 0.036809 0.0784155 -0.979224
1548339832.52805 -0.561338 -1.48058 1.50697 0.181984 0.0385545 0.074399 -0.979725
1548339832.56131 -0.559745 -1.48089 1.50686 0.182152 0.0398557 0.0682765 -0.980087
1548339832.59471 -0.558072 -1.4807 1.50667 0.183761 0.0402822 0.0629667 -0.980125
1548339832.62779 -0.556997 -1.48098 1.50702 0.1821 0.0419917 0.0609335 -0.980491
1548339832.66115 -0.555875 -1.48102 1.50738 0.181118 0.0443344 0.0561775 -0.980854
1548339832.69433 -0.554584 -1.48091 1.50769 0.181642 0.0462524 0.0517809 -0.980911
1548339832.72773 -0.55348 -1.48082 1.50841 0.180175 0.0492574 0.0466898 -0.98129
1548339832.76101 -0.552039 -1.48045 1.50893 0.181471 0.0515434 0.0424731 -0.981126
1548339832.79446 -0.550517 -1.48026 1.50959 0.181136 0.0537452 0.0376851 -0.981265
1548339832.82775 -0.548545 -1.48044 1.5103 0.18149 0.0552131 0.0348059 -0.981225
1548339832.86114 -0.546532 -1.48081 1.51141 0.175242 0.0589233 0.0311618 -0.982266
1548339832.89442 -0.543945 -1.48033 1.51185 0.182787 0.0565654 0.0251167 -0.981203
1548339832.92779 -0.541395 -1.48064 1.51249 0.177316 0.0594882 0.025056 -0.982035
1548339832.96114 -0.53899 -1.48035 1.51286 0.180642 0.0580808 0.0193056 -0.981643
1548339832.99432 -0.53627 -1.4803 1.5133 0.179241 0.0604411 0.017358 -0.981794
1548339833.02794 -0.533782 -1.47971 1.51326 0.183294 0.0591754 0.0127327 -0.981193
1548339833.06115 -0.531689 -1.47987 1.51345 0.182319 0.0604392 0.011549 -0.981312
1548339833.09448 -0.529331 -1.47982 1.51312 0.183438 0.060025 0.00737496 -0.981169
1548339833.12788 -0.527269 -1.48036 1.51288 0.181441 0.0609393 0.00428367 -0.981503
1548339833.16134 -0.525077 -1.4812 1.51222 0.181171 0.061389 0.00467276 -0.981523
1548339833.19480 -0.523436 -1.48235 1.5116 0.17928 0.0619778 0.00324896 -0.981839
1548339833.22801 -0.521403 -1.48294 1.51063 0.18005 0.0598141 -0.000213535 -0.981837
1548339833.26123 -0.519554 -1.48386 1.50988 0.17977 0.060367 -0.000117806 -0.981855
1548339833.29457 -0.517742 -1.48407 1.50877 0.177798 0.0601592 -0.0013226 -0.982226
1548339833.32782 -0.515887 -1.48454 1.5078 0.178616 0.0597953 -0.00498328 -0.982088
1548339833.36145 -0.51403 -1.48542 1.50709 0.178552 0.0593844 -0.00745229 -0.982109
1548339833.39454 -0.512544 -1.48646 1.50647 0.17695 0.0583043 -0.00720678 -0.982465
1548339833.42768 -0.510378 -1.48682 1.50526 0.174919 0.0581579 -0.00689316 -0.98284
1548339833.46101 -0.508509 -1.48754 1.50417 0.176216 0.0562755 -0.00956192 -0.982695
1548339833.49454 -0.50708 -1.48805 1.50292 0.171684 0.0568749 -0.00844737 -0.983473
1548339833.52785 -0.505443 -1.48861 1.50176 0.172805 0.0582978 -0.0106398 -0.983172
1548339833.56105 -0.504215 -1.48919 1.50088 0.175174 0.056032 -0.0135394 -0.982849
1548339833.59434 -0.502917 -1.48992 1.50005 0.174696 0.0557879 -0.0123764 -0.982963
1548339833.62787 -0.501944 -1.49032 1.49935 0.172141 0.056135 -0.0130821 -0.983385
1548339833.66122 -0.500919 -1.49034 1.49843 0.173981 0.0574257 -0.0100219 -0.983022
1548339833.69406 -0.500061 -1.4904 1.49791 0.17538 0.0570393 -0.00835403 -0.982812
1548339833.72761 -0.499507 -1.49037 1.49781 0.175627 0.0563704 -0.00850495 -0.982805
1548339833.76104 -0.49895 -1.49017 1.4978 0.176341 0.0564177 -0.00902042 -0.98267
1548339833.79445 -0.498475 -1.49008 1.49814 0.176957 0.056589 -0.00837471 -0.982555
1548339833.82789 -0.497784 -1.49001 1.49873 0.180732 0.0548415 -0.00879617 -0.981963
1548339833.86108 -0.496868 -1.4897 1.49919 0.182735 0.0543587 -0.00848771 -0.981622
1548339833.89447 -0.496033 -1.48913 1.49966 0.184961 0.0540671 -0.00820479 -0.981223
1548339833.92799 -0.495146 -1.48833 1.50007 0.186009 0.054336 -0.00719131 -0.981018
1548339833.96108 -0.494229 -1.48772 1.50039 0.187265 0.0543333 -0.00932274 -0.980761
1548339833.99467 -0.492385 -1.48698 1.50055 0.191158 0.0525867 -0.00989082 -0.9801
1548339834.02762 -0.490479 -1.48661 1.5005 0.189938 0.0530576 -0.00996437 -0.980311
1548339834.06156 -0.488352 -1.4869 1.50011 0.192247 0.0519205 -0.0122629 -0.979895
1548339834.09462 -0.48597 -1.48753 1.49894 0.192834 0.0515601 -0.0117993 -0.979805
1548339834.12814 -0.484106 -1.48892 1.49753 0.189814 0.0514554 -0.0123585 -0.980393
1548339834.16106 -0.482553 -1.48993 1.4956 0.18966 0.0515231 -0.0122144 -0.980421
1548339834.19419 -0.481507 -1.49097 1.49363 0.187516 0.0524554 -0.0102851 -0.980806
1548339834.22771 -0.480673 -1.49212 1.49159 0.187105 0.0539196 -0.00749593 -0.98083
1548339834.26114 -0.480006 -1.4932 1.48986 0.181935 0.0562581 -0.00472709 -0.981689
1548339834.29463 -0.47869 -1.49417 1.48824 0.18611 0.0541728 -0.00523742 -0.98102
1548339834.32749 -0.477064 -1.49496 1.48692 0.182293 0.0533625 -0.00285734 -0.981791
1548339834.36107 -0.475431 -1.4958 1.48615 0.183313 0.0518632 -0.00182828 -0.981684
1548339834.39423 -0.47371 -1.49589 1.48541 0.18415 0.0499639 0.000101444 -0.981627
1548339834.42783 -0.472411 -1.49601 1.48532 0.185355 0.0482052 0.00359163 -0.981482
1548339834.46083 -0.471391 -1.49603 1.4856 0.189484 0.0447145 0.00537017 -0.980851
1548339834.49431 -0.47043 -1.49586 1.4862 0.189317 0.0440189 0.00833163 -0.980893
1548339834.52761 -0.469848 -1.49566 1.48662 0.191566 0.0427798 0.0121026 -0.980472
1548339834.56108 -0.469685 -1.49582 1.48697 0.191344 0.042514 0.0174455 -0.980447
1548339834.59453 -0.469816 -1.49632 1.48718 0.193153 0.0420858 0.0214745 -0.98003
1548339834.62796 -0.470111 -1.49704 1.48738 0.193538 0.0420494 0.0242605 -0.979891
1548339834.66123 -0.470615 -1.49817 1.48761 0.194777 0.0398479 0.0265274 -0.979679
1548339834.69454 -0.471125 -1.49928 1.48746 0.194548 0.0388612 0.0307327 -0.979641
1548339834.72795 -0.471674 -1.50016 1.48715 0.192599 0.0389174 0.0348533 -0.979886
1548339834.76174 -0.47232 -1.50071 1.48685 0.192528 0.0377192 0.039128 -0.979785
1548339834.79465 -0.473043 -1.50106 1.48651 0.192921 0.0365885 0.0421706 -0.979625
1548339834.82810 -0.474028 -1.50135 1.48632 0.192376 0.0347369 0.0435933 -0.979737
1548339834.86083 -0.474819 -1.50177 1.48612 0.191412 0.0338979 0.0479715 -0.979751
1548339834.89430 -0.475316 -1.50188 1.48579 0.190982 0.0332709 0.0525391 -0.979622
1548339834.92788 -0.476323 -1.5016 1.48569 0.19326 0.03112 0.0557507 -0.979068
1548339834.96131 -0.477527 -1.5011 1.48579 0.195279 0.0310698 0.0615334 -0.978322
1548339834.99485 -0.47869 -1.50077 1.4859 0.193689 0.0317715 0.0671431 -0.978247
1548339835.02767 -0.480153 -1.50031 1.48601 0.196434 0.0284807 0.0685838 -0.977701
1548339835.06109 -0.481673 -1.50029 1.48635 0.195788 0.0285511 0.0713325 -0.977632
1548339835.09447 -0.482929 -1.50051 1.48673 0.197346 0.0288729 0.0768843 -0.976888
1548339835.12780 -0.484342 -1.50088 1.48712 0.195852 0.0275797 0.0808618 -0.976905
1548339835.16109 -0.485571 -1.50096 1.48766 0.196149 0.02733 0.0849207 -0.976508
1548339835.19429 -0.487048 -1.50104 1.48852 0.197456 0.0258382 0.0880579 -0.976007
1548339835.22776 -0.488681 -1.50122 1.48955 0.19764 0.0246508 0.0910817 -0.975723
1548339835.26109 -0.490026 -1.50117 1.49057 0.196879 0.0268028 0.0933272 -0.975608
1548339835.29428 -0.491333 -1.50096 1.49157 0.196498 0.025222 0.0957131 -0.975496
1548339835.32775 -0.492039 -1.50087 1.49228 0.198515 0.0229807 0.100665 -0.974644
1548339835.36110 -0.492762 -1.50061 1.49287 0.198959 0.0225473 0.10304 -0.974315
1548339835.39444 -0.49359 -1.49996 1.49346 0.198514 0.0226096 0.104519 -0.974247
1548339835.42785 -0.494488 -1.49902 1.49424 0.200015 0.0212651 0.107265 -0.973672
1548339835.46125 -0.495463 -1.49798 1.49517 0.199903 0.0240196 0.110802 -0.973234
1548339835.49454 -0.49622 -1.49697 1.49599 0.202477 0.0218586 0.110945 -0.972737
1548339835.52810 -0.497041 -1.49622 1.49688 0.202573 0.0220455 0.114297 -0.972324
1548339835.56117 -0.498013 -1.496 1.49804 0.20454 0.021968 0.114153 -0.971931
1548339835.59461 -0.499553 -1.49594 1.49933 0.202733 0.0231929 0.116705 -0.971978
1548339835.62822 -0.501307 -1.49619 1.5009 0.205695 0.0214857 0.119394 -0.971068
1548339835.66126 -0.502651 -1.49633 1.50214 0.205372 0.0200342 0.120681 -0.971008
1548339835.69466 -0.504097 -1.49627 1.50334 0.203764 0.0198049 0.122788 -0.971088
1548339835.72782 -0.505585 -1.49602 1.5042 0.203361 0.0196025 0.124998 -0.970894
1548339835.76106 -0.507032 -1.49571 1.50484 0.203773 0.0174848 0.126669 -0.970632
1548339835.79460 -0.508503 -1.49518 1.50543 0.199941 0.0184181 0.128135 -0.971219
1548339835.82770 -0.509971 -1.49462 1.50559 0.203614 0.0159134 0.131287 -0.970078
1548339835.86177 -0.510582 -1.49391 1.50582 0.201692 0.0183209 0.130725 -0.970513
1548339835.89432 -0.511482 -1.49348 1.50613 0.201437 0.0176567 0.132311 -0.970363
1548339835.92765 -0.512082 -1.49304 1.50638 0.202053 0.0171691 0.132176 -0.970262
1548339835.96094 -0.512981 -1.4921 1.50658 0.202697 0.0177431 0.137487 -0.969379
1548339835.99441 -0.513729 -1.49193 1.50716 0.203287 0.0173359 0.139797 -0.968933
1548339836.02779 -0.514348 -1.49186 1.50772 0.203913 0.0166651 0.139555 -0.968848
1548339836.06115 -0.514864 -1.49201 1.50811 0.203127 0.0153319 0.139878 -0.968988
1548339836.09445 -0.515332 -1.49229 1.50816 0.202733 0.013866 0.141657 -0.968835
1548339836.12781 -0.516026 -1.49253 1.508 0.202462 0.0130053 0.142349 -0.968802
1548339836.16104 -0.516991 -1.49271 1.50767 0.201413 0.0129971 0.143203 -0.968895
1548339836.19449 -0.518209 -1.49285 1.50731 0.202123 0.0118927 0.145176 -0.968467
1548339836.22773 -0.519638 -1.49254 1.50675 0.198363 0.0141899 0.148434 -0.96872
1548339836.26125 -0.52075 -1.49253 1.5064 0.200854 0.0118875 0.150622 -0.9679
1548339836.29460 -0.52229 -1.49271 1.50608 0.203703 0.00752707 0.153291 -0.966928
1548339836.32805 -0.523071 -1.4923 1.50583 0.197911 0.0116182 0.155379 -0.967757
1548339836.36132 -0.523838 -1.49264 1.50567 0.201663 0.00707023 0.155634 -0.966985
1548339836.39442 -0.524394 -1.49304 1.50514 0.200184 0.00610858 0.15792 -0.966928
1548339836.42813 -0.52522 -1.49319 1.50413 0.197652 0.00751664 0.160144 -0.967074
1548339836.46097 -0.526362 -1.49333 1.50309 0.19872 0.00545805 0.161541 -0.966636
1548339836.49482 -0.527987 -1.49334 1.50197 0.196624 0.00555445 0.168175 -0.965932
1548339836.52804 -0.530384 -1.49341 1.50083 0.199384 0.00277025 0.171225 -0.964842
1548339836.56115 -0.532051 -1.49311 1.4998 0.197761 0.00493933 0.170221 -0.965345
1548339836.59434 -0.533532 -1.49347 1.49832 0.195256 0.00673851 0.17241 -0.965456
1548339836.62784 -0.534767 -1.49432 1.49705 0.195269 0.00536489 0.169964 -0.965895
1548339836.66130 -0.535883 -1.49519 1.4959 0.194299 0.00407972 0.171123 -0.965892
1548339836.69455 -0.537021 -1.49592 1.49506 0.191068 0.00496684 0.172082 -0.966362
1548339836.72787 -0.5381 -1.49658 1.49444 0.193339 0.00223174 0.1706 -0.966184
1548339836.76100 -0.539197 -1.49671 1.49391 0.190882 0.00293293 0.17231 -0.966367
1548339836.79431 -0.540237 -1.4967 1.4936 0.190618 0.00282119 0.170677 -0.966709
1548339836.82756 -0.541476 -1.49662 1.49322 0.191264 0.00231673 0.17183 -0.966378
1548339836.86118 -0.542926 -1.49653 1.49274 0.191951 0.00183586 0.173071 -0.966022
1548339836.89442 -0.544445 -1.4968 1.49207 0.194138 0.00043203 0.17044 -0.966054
1548339836.92770 -0.546187 -1.49749 1.49103 0.19293 -2.17806e-05 0.172981 -0.965845
1548339836.96073 -0.548142 -1.4986 1.49002 0.189894 0.000661031 0.175718 -0.965952
1548339836.99430 -0.550213 -1.49964 1.48945 0.190667 -0.00120681 0.174927 -0.965943
1548339837.02798 -0.552025 -1.50066 1.48898 0.190802 -0.00116642 0.173073 -0.96625
1548339837.06121 -0.553965 -1.50169 1.48861 0.189386 -0.00149087 0.174302 -0.966307
1548339837.09468 -0.55589 -1.50253 1.48862 0.188094 -0.00153987 0.17571 -0.966304
1548339837.12811 -0.557477 -1.5032 1.4888 0.187946 -0.00157582 0.17479 -0.9665
1548339837.16131 -0.559041 -1.50393 1.48902 0.187733 -0.00121491 0.174073 -0.966671
1548339837.19458 -0.560431 -1.50462 1.48919 0.184998 0.000500855 0.175467 -0.966947
1548339837.22802 -0.561901 -1.50516 1.48975 0.186786 -0.0006344 0.175016 -0.966685
1548339837.26127 -0.563315 -1.50535 1.49042 0.187745 -4.21119e-05 0.174344 -0.966621
1548339837.29468 -0.564862 -1.50566 1.49135 0.188347 0.000244551 0.174145 -0.96654
1548339837.32793 -0.566388 -1.50582 1.49229 0.18592 0.00226637 0.176443 -0.96659
1548339837.36134 -0.567809 -1.50592 1.49324 0.18844 0.00167264 0.175254 -0.96632
1548339837.39477 -0.568715 -1.50613 1.49395 0.18897 0.00264915 0.173813 -0.966474
1548339837.42776 -0.569841 -1.50648 1.49491 0.187763 0.00296627 0.175231 -0.966452
1548339837.46084 -0.57076 -1.50682 1.49611 0.190255 0.00153152 0.173928 -0.966204
1548339837.49430 -0.571669 -1.50686 1.49718 0.189206 0.00361942 0.17424 -0.966348
1548339837.52768 -0.57281 -1.5072 1.49835 0.192219 0.00253237 0.172417 -0.966084
1548339837.56117 -0.57427 -1.50733 1.49943 0.192454 0.00313134 0.174744 -0.965617
1548339837.59425 -0.575621 -1.50742 1.50059 0.191815 0.0054524 0.174229 -0.965827
1548339837.62780 -0.577152 -1.50731 1.50172 0.194229 0.00488573 0.175024 -0.965203
1548339837.66110 -0.578533 -1.50742 1.50282 0.195167 0.00612011 0.17446 -0.965109
1548339837.69442 -0.57988 -1.50764 1.50379 0.195117 0.00606375 0.176457 -0.964757
1548339837.72802 -0.581284 -1.5083 1.50456 0.195223 0.00517533 0.178246 -0.964411
1548339837.76110 -0.581906 -1.50835 1.50563 0.19445 0.00735362 0.176736 -0.964831
1548339837.79416 -0.582977 -1.50876 1.50636 0.195257 0.00628815 0.17705 -0.964618
1548339837.82785 -0.583127 -1.50857 1.50724 0.192859 0.008943 0.176167 -0.965241
1548339837.86117 -0.583342 -1.50857 1.50789 0.193088 0.00898269 0.175064 -0.965396
1548339837.89468 -0.583271 -1.50849 1.50862 0.195733 0.00728969 0.172061 -0.965417
1548339837.92784 -0.583144 -1.50829 1.50929 0.19603 0.00740257 0.17022 -0.965683
1548339837.96102 -0.583021 -1.5081 1.50996 0.195828 0.00788703 0.167395 -0.966213
1548339837.99464 -0.582799 -1.50784 1.51048 0.196095 0.00797396 0.165934 -0.966411
1548339838.02796 -0.582545 -1.5075 1.5108 0.196542 0.0085978 0.164442 -0.966569
1548339838.06114 -0.582243 -1.50725 1.51105 0.196846 0.00954202 0.162963 -0.966749
1548339838.09428 -0.582025 -1.50718 1.51117 0.196646 0.0105171 0.161757 -0.966982
1548339838.12779 -0.581951 -1.50743 1.51102 0.196029 0.0108164 0.162089 -0.967049
1548339838.16136 -0.581898 -1.50774 1.51086 0.195076 0.0109941 0.161967 -0.96726
1548339838.19467 -0.581816 -1.50774 1.51074 0.192064 0.0131525 0.16158 -0.9679
1548339838.22788 -0.581566 -1.50769 1.51044 0.193771 0.0120386 0.157906 -0.968181
1548339838.26100 -0.580914 -1.50797 1.50958 0.193392 0.0111553 0.156093 -0.968561
1548339838.29443 -0.579787 -1.50862 1.50854 0.1919 0.0105137 0.152009 -0.969514
1548339838.32778 -0.578564 -1.50919 1.50747 0.190111 0.00925327 0.148604 -0.970407
1548339838.36101 -0.577501 -1.50929 1.50634 0.187391 0.00891968 0.149529 -0.970797
1548339838.39441 -0.576512 -1.50917 1.50534 0.183441 0.00996115 0.149589 -0.971531
1548339838.42764 -0.575505 -1.50916 1.50455 0.188422 0.00608879 0.143949 -0.971462
1548339838.46060 -0.574824 -1.50894 1.50358 0.188835 0.00561107 0.142177 -0.971646
1548339838.49442 -0.574336 -1.50887 1.50254 0.186578 0.00698012 0.143309 -0.971907
1548339838.52790 -0.573772 -1.50915 1.5018 0.185324 0.00794712 0.141321 -0.97243
1548339838.56112 -0.573011 -1.5097 1.50137 0.187739 0.00719922 0.136633 -0.972643
1548339838.59407 -0.572458 -1.50986 1.50108 0.18471 0.00912899 0.140148 -0.972706
1548339838.62801 -0.571874 -1.50987 1.50146 0.185419 0.00943168 0.138395 -0.97282
1548339838.66129 -0.571419 -1.50952 1.50214 0.186548 0.00958652 0.138454 -0.972594
1548339838.69466 -0.570938 -1.50884 1.50321 0.189617 0.00957975 0.135881 -0.972363
1548339838.72775 -0.570315 -1.50792 1.50429 0.189766 0.0111511 0.135477 -0.972374
1548339838.76117 -0.569883 -1.50682 1.50541 0.188677 0.013644 0.134208 -0.97273
1548339838.79443 -0.569443 -1.50588 1.50633 0.190504 0.0138633 0.133501 -0.972468
1548339838.82802 -0.568883 -1.5052 1.50696 0.188056 0.0172236 0.132343 -0.973049
1548339838.86125 -0.568236 -1.50516 1.50787 0.194367 0.0138586 0.12737 -0.972526
1548339838.89457 -0.567811 -1.50513 1.50876 0.192847 0.014803 0.127009 -0.972862
1548339838.92798 -0.567595 -1.50512 1.5098 0.193764 0.0138966 0.127855 -0.972582
1548339838.96095 -0.567272 -1.5052 1.51072 0.193017 0.0152018 0.126561 -0.97288
1548339838.99464 -0.567401 -1.50505 1.51178 0.191955 0.0160115 0.127014 -0.973018
1548339839.02765 -0.567691 -1.50483 1.51286 0.193392 0.016297 0.126416 -0.972807
1548339839.06106 -0.567904 -1.50479 1.51366 0.19436 0.016844 0.125211 -0.97276
1548339839.09419 -0.5682 -1.50505 1.51458 0.194435 0.0164958 0.123077 -0.973024
1548339839.12768 -0.568519 -1.50501 1.51553 0.193824 0.0174532 0.121713 -0.9733
1548339839.16115 -0.568682 -1.50501 1.51636 0.192996 0.0194459 0.122338 -0.973349
1548339839.19430 -0.56885 -1.50529 1.51703 0.192338 0.0189208 0.121421 -0.973604
1548339839.22775 -0.568664 -1.5055 1.51742 0.191886 0.0189112 0.124116 -0.973354
1548339839.26087 -0.568473 -1.50568 1.5183 0.191913 0.0181704 0.120182 -0.973856
1548339839.29386 -0.568103 -1.50539 1.51915 0.192216 0.0188167 0.119101 -0.973917
1548339839.32768 -0.567747 -1.50514 1.51998 0.192638 0.0187753 0.119594 -0.973774
1548339839.36110 -0.567421 -1.5049 1.52075 0.195018 0.0175389 0.118088 -0.973507
1548339839.39450 -0.567175 -1.50424 1.52148 0.195226 0.0187277 0.11759 -0.973503
1548339839.42780 -0.567101 -1.50347 1.52234 0.195457 0.0186296 0.116349 -0.973608
1548339839.46108 -0.567028 -1.50244 1.5229 0.194919 0.0204898 0.117232 -0.973572
1548339839.49455 -0.56673 -1.50172 1.52339 0.196424 0.0211533 0.115188 -0.9735
1548339839.52805 -0.566459 -1.5011 1.52376 0.197487 0.0219288 0.114766 -0.973318
1548339839.56134 -0.566142 -1.5004 1.52411 0.197634 0.0226843 0.113546 -0.973413
1548339839.59383 -0.565516 -1.49951 1.52429 0.197374 0.0243691 0.110596 -0.973765
1548339839.62808 -0.564752 -1.49913 1.52429 0.196947 0.0243636 0.109087 -0.974022
1548339839.66103 -0.563964 -1.49894 1.52411 0.195955 0.0248571 0.108675 -0.974255
1548339839.69456 -0.562914 -1.49856 1.52382 0.197666 0.0247877 0.105859 -0.974222
1548339839.72797 -0.561944 -1.49832 1.52338 0.195661 0.0265197 0.10426 -0.974753
1548339839.76135 -0.560839 -1.49847 1.52255 0.197616 0.0250202 0.103292 -0.974501
1548339839.79446 -0.559804 -1.49879 1.52177 0.195515 0.0261293 0.10198 -0.975034
1548339839.82767 -0.559003 -1.49893 1.5211 0.194412 0.0265499 0.100014 -0.975447
1548339839.86114 -0.558297 -1.49899 1.52036 0.191082 0.0285584 0.0992838 -0.976122
1548339839.89441 -0.557112 -1.49926 1.51916 0.194076 0.0264464 0.0978209 -0.975739
1548339839.92787 -0.555855 -1.49925 1.51776 0.194446 0.0270664 0.0965534 -0.975774
1548339839.96121 -0.554503 -1.49928 1.51641 0.192501 0.0277306 0.094822 -0.976311
1548339839.99462 -0.553326 -1.49928 1.51508 0.191222 0.0279572 0.0942656 -0.97661
1548339840.02792 -0.552133 -1.49935 1.51398 0.191605 0.0265735 0.0927503 -0.976718
1548339840.06116 -0.551164 -1.4996 1.51335 0.19108 0.0256778 0.0917344 -0.976941
1548339840.09452 -0.550123 -1.50005 1.51273 0.187623 0.0264473 0.0904071 -0.977714
1548339840.12775 -0.548728 -1.50042 1.51179 0.18983 0.0242633 0.0890189 -0.977472
1548339840.16113 -0.547662 -1.50065 1.51121 0.190519 0.0243772 0.0883429 -0.977396
1548339840.19446 -0.546897 -1.50102 1.51097 0.189289 0.0243601 0.0874139 -0.977719
1548339840.22795 -0.545968 -1.5011 1.51054 0.190706 0.0237164 0.0870513 -0.977492
1548339840.26092 -0.545053 -1.50119 1.51005 0.188575 0.025165 0.0857895 -0.977981
1548339840.29398 -0.543403 -1.50114 1.50885 0.188812 0.0259933 0.0839951 -0.978069
1548339840.36131 -0.540949 -1.50282 1.50699 0.185745 0.0273397 0.0832129 -0.978686
1548339840.39459 -0.540044 -1.5039 1.50613 0.183739 0.0296435 0.081977 -0.979102
1548339840.42802 -0.538786 -1.50445 1.50468 0.184196 0.0305533 0.0832037 -0.978885
1548339840.46111 -0.538045 -1.50503 1.50343 0.182792 0.0294635 0.0824655 -0.979244
1548339840.49470 -0.537168 -1.50529 1.50195 0.180188 0.0318733 0.0830987 -0.979598
1548339840.52787 -0.536374 -1.50522 1.50052 0.183436 0.0307149 0.0830445 -0.979036
1548339840.56112 -0.535364 -1.50532 1.49921 0.183488 0.0305631 0.0825555 -0.979072
1548339840.59429 -0.53404 -1.50546 1.49762 0.182886 0.0307842 0.0838677 -0.979067
1548339840.62790 -0.532545 -1.50562 1.4958 0.183219 0.0298946 0.0827952 -0.979123
1548339840.66114 -0.530099 -1.50554 1.49387 0.182948 0.0298783 0.0838809 -0.979082
1548339840.69452 -0.528015 -1.50534 1.4929 0.185412 0.0273121 0.0837274 -0.978706
1548339840.72770 -0.525944 -1.50531 1.49259 0.183165 0.027128 0.0830166 -0.979195
1548339840.76129 -0.522984 -1.505 1.49153 0.184789 0.0255474 0.0825116 -0.978975
1548339840.79447 -0.520353 -1.50499 1.49116 0.185203 0.0239213 0.081126 -0.979054
1548339840.82771 -0.517603 -1.50504 1.49099 0.184546 0.0236058 0.0805906 -0.97923
1548339840.86108 -0.514497 -1.50529 1.49041 0.183594 0.0233929 0.0814509 -0.979342
1548339840.89448 -0.511393 -1.50579 1.48977 0.185369 0.0208311 0.0811644 -0.97909
1548339840.92797 -0.507999 -1.50591 1.48884 0.183723 0.0215317 0.08324 -0.979211
1548339840.96112 -0.504505 -1.50558 1.48757 0.189462 0.0189001 0.0825253 -0.978231
1548339840.99447 -0.501495 -1.50514 1.48696 0.188984 0.0191456 0.0837536 -0.978215
1548339841.02772 -0.498164 -1.50455 1.48627 0.190761 0.0190076 0.0840786 -0.977844
1548339841.06136 -0.494932 -1.50435 1.48583 0.193138 0.0188136 0.0846383 -0.977333
1548339841.09425 -0.491997 -1.5046 1.48584 0.192971 0.0187756 0.084566 -0.977373
1548339841.12793 -0.488148 -1.50524 1.48529 0.194719 0.0179666 0.0858859 -0.976927
1548339841.16128 -0.484814 -1.50621 1.4854 0.195069 0.0176274 0.0869171 -0.976772
1548339841.19476 -0.481422 -1.50688 1.48546 0.194978 0.0155686 0.0847779 -0.977013
1548339841.22793 -0.478129 -1.50772 1.4859 0.195166 0.0172171 0.0842476 -0.976994
1548339841.26130 -0.475043 -1.50857 1.48628 0.195002 0.0153014 0.0830006 -0.977165
1548339841.29448 -0.472011 -1.50913 1.48678 0.193669 0.0166439 0.0811108 -0.977566
1548339841.32805 -0.469107 -1.5097 1.48736 0.191511 0.0178399 0.0769076 -0.97831
1548339841.36118 -0.466411 -1.50997 1.48821 0.189415 0.0201654 0.0727907 -0.978988
1548339841.39454 -0.463589 -1.51045 1.4893 0.189409 0.021148 0.0690763 -0.979237
1548339841.42781 -0.460982 -1.51098 1.49029 0.186003 0.0243161 0.0661551 -0.980018
1548339841.46095 -0.458182 -1.51211 1.49119 0.185113 0.0267923 0.0654466 -0.980169
1548339841.49440 -0.455876 -1.51374 1.49232 0.184948 0.0288322 0.0638786 -0.980246
1548339841.52769 -0.454289 -1.51521 1.49377 0.182448 0.0331043 0.0612008 -0.98075
1548339841.56076 -0.45252 -1.51634 1.49523 0.183366 0.0363176 0.0586037 -0.980624
1548339841.59453 -0.451188 -1.51719 1.49695 0.184063 0.0405912 0.0540974 -0.980585
1548339841.62782 -0.4498 -1.51757 1.4986 0.187714 0.0435485 0.0480201 -0.980082
1548339841.66130 -0.447847 -1.51831 1.50082 0.184928 0.0486215 0.0433171 -0.980592
1548339841.69437 -0.445163 -1.51828 1.50297 0.18704 0.0517395 0.0349125 -0.980367
1548339841.72755 -0.441921 -1.51834 1.505 0.189828 0.0527783 0.0229869 -0.980128
1548339841.76109 -0.438228 -1.51844 1.5073 0.192879 0.0509411 0.0148988 -0.979786
1548339841.79440 -0.434596 -1.5187 1.50979 0.19326 0.050514 0.00581824 -0.979829
1548339841.82793 -0.431205 -1.51895 1.51228 0.195239 0.0493073 -0.00217875 -0.979513
1548339841.86131 -0.428416 -1.51907 1.51461 0.197952 0.0499339 -0.00909692 -0.978897
1548339841.89470 -0.426343 -1.51953 1.5172 0.197078 0.0491593 -0.0157556 -0.979028
1548339841.92802 -0.424813 -1.5197 1.51932 0.198198 0.0529988 -0.0216332 -0.978489
1548339841.96095 -0.423591 -1.5201 1.52153 0.197217 0.054722 -0.0302825 -0.978363
1548339841.99443 -0.422576 -1.52078 1.52339 0.197817 0.0581538 -0.0331806 -0.97795
1548339842.02806 -0.421579 -1.52121 1.52457 0.198425 0.0580924 -0.0370169 -0.977693
1548339842.06127 -0.420427 -1.52194 1.52593 0.196336 0.0564524 -0.0424054 -0.977991
1548339842.09471 -0.419842 -1.52231 1.52681 0.194993 0.0608891 -0.0428604 -0.977974
1548339842.12811 -0.418436 -1.52231 1.52723 0.19758 0.0620919 -0.0443106 -0.977314
1548339842.16126 -0.41695 -1.52231 1.52789 0.195897 0.062639 -0.0473421 -0.977476
1548339842.19443 -0.41539 -1.52181 1.52809 0.197707 0.0625273 -0.0501771 -0.976977
1548339842.22790 -0.413403 -1.52119 1.52793 0.198253 0.0622254 -0.0522733 -0.976776
1548339842.26121 -0.411153 -1.5206 1.52746 0.197963 0.0623577 -0.0559835 -0.976621
1548339842.29445 -0.408649 -1.51998 1.52682 0.196294 0.0626927 -0.0602167 -0.976684
1548339842.32781 -0.405631 -1.51932 1.52582 0.196626 0.059408 -0.0675677 -0.976342
1548339842.36103 -0.402826 -1.51846 1.52463 0.195999 0.0607331 -0.0683638 -0.976331
1548339842.39438 -0.399787 -1.51788 1.52339 0.194876 0.0587444 -0.0739053 -0.976274
1548339842.42788 -0.397386 -1.51767 1.52194 0.192837 0.0569992 -0.0794471 -0.976347
1548339842.46103 -0.395341 -1.51724 1.52002 0.191786 0.0585418 -0.0815944 -0.976286
1548339842.49448 -0.393826 -1.51735 1.51803 0.191116 0.0619898 -0.0833308 -0.976057
1548339842.52783 -0.392238 -1.51747 1.51593 0.188853 0.0597939 -0.088938 -0.97614
1548339842.56132 -0.391119 -1.51792 1.5139 0.184295 0.0616364 -0.0925876 -0.976557
1548339842.59446 -0.389995 -1.51844 1.51151 0.183493 0.0602886 -0.095609 -0.976501
1548339842.62797 -0.388849 -1.51868 1.50909 0.182719 0.0604118 -0.0962449 -0.976576
1548339842.66139 -0.387615 -1.51879 1.5069 0.18139 0.0622609 -0.0997969 -0.976351
1548339842.69461 -0.385934 -1.51872 1.50423 0.180541 0.0615977 -0.104007 -0.976111
1548339842.72796 -0.383981 -1.51863 1.50133 0.180742 0.063909 -0.103582 -0.975971
1548339842.76126 -0.381517 -1.51894 1.49842 0.181878 0.061115 -0.10507 -0.97578
1548339842.79482 -0.378924 -1.5192 1.49525 0.182314 0.0583923 -0.105219 -0.975849
1548339842.82800 -0.376419 -1.51921 1.49178 0.183667 0.0559094 -0.106092 -0.975646
1548339842.86123 -0.373918 -1.5193 1.48847 0.182674 0.0502789 -0.107003 -0.976039
1548339842.89465 -0.37155 -1.51902 1.48511 0.182695 0.0474879 -0.105703 -0.976317
1548339842.92794 -0.36972 -1.51848 1.48152 0.184251 0.0487111 -0.105339 -0.976003
1548339842.96109 -0.3677 -1.51845 1.47812 0.184454 0.0474732 -0.104068 -0.976162
1548339842.99464 -0.36524 -1.51926 1.47544 0.180057 0.0413008 -0.105431 -0.977117
1548339843.02810 -0.363084 -1.51966 1.4724 0.177904 0.0386026 -0.105873 -0.977574
1548339843.06108 -0.361264 -1.51988 1.46939 0.177288 0.0397559 -0.101663 -0.978086
1548339843.09428 -0.359091 -1.52042 1.46707 0.175688 0.0348563 -0.103686 -0.97835
1548339843.12784 -0.357248 -1.52041 1.46471 0.175504 0.0364357 -0.101219 -0.978583
1548339843.16122 -0.354722 -1.52067 1.46272 0.175196 0.0359771 -0.100007 -0.97878
1548339843.19439 -0.352066 -1.52063 1.46105 0.174891 0.0367173 -0.0979739 -0.979013
1548339843.22775 -0.34912 -1.52036 1.45982 0.173441 0.0363964 -0.0995717 -0.979122
1548339843.26089 -0.346221 -1.52005 1.45913 0.173215 0.037539 -0.104771 -0.978576
1548339843.29451 -0.343029 -1.51929 1.45822 0.172076 0.038954 -0.108928 -0.978268
1548339843.32789 -0.339948 -1.51877 1.45765 0.171737 0.0445714 -0.104972 -0.97852
1548339843.36119 -0.336086 -1.51807 1.45698 0.171576 0.0455059 -0.105938 -0.978401
1548339843.39453 -0.331749 -1.51731 1.45621 0.171345 0.0450732 -0.108275 -0.978206
1548339843.42791 -0.327559 -1.51637 1.45552 0.17147 0.0452575 -0.109027 -0.978091
1548339843.46103 -0.323287 -1.51536 1.45498 0.172462 0.0468346 -0.110258 -0.977705
1548339843.49464 -0.318762 -1.51428 1.45443 0.171751 0.0416817 -0.114327 -0.977596
1548339843.52813 -0.314891 -1.51231 1.45349 0.17526 0.0462353 -0.114762 -0.976717
1548339843.56125 -0.311263 -1.51076 1.45321 0.173828 0.0468013 -0.119257 -0.976407
1548339843.59439 -0.307457 -1.50904 1.45255 0.17613 0.0506922 -0.119042 -0.975827
1548339843.62800 -0.303638 -1.50801 1.45202 0.17335 0.0480041 -0.125228 -0.975686
1548339843.66128 -0.299924 -1.50673 1.451 0.175699 0.0521131 -0.122783 -0.975366
1548339843.69474 -0.296462 -1.5058 1.45023 0.174438 0.0503073 -0.122879 -0.975675
1548339843.72783 -0.293865 -1.50439 1.45001 0.17418 0.0522772 -0.124137 -0.975458
1548339843.76112 -0.291351 -1.50246 1.44981 0.175175 0.0530806 -0.125287 -0.975089
1548339843.79430 -0.288877 -1.50056 1.44973 0.176053 0.0552045 -0.126956 -0.974597
1548339843.82789 -0.286223 -1.49864 1.45005 0.174687 0.0515873 -0.130617 -0.974558
1548339843.86122 -0.284592 -1.49622 1.45003 0.178104 0.0592762 -0.127064 -0.973971
1548339843.89436 -0.282287 -1.49479 1.45028 0.175432 0.0586989 -0.129829 -0.974126
1548339843.92795 -0.279368 -1.49343 1.44986 0.177315 0.0581422 -0.130756 -0.973695
1548339843.96104 -0.276717 -1.49247 1.44984 0.177467 0.058746 -0.132743 -0.973362
1548339843.99430 -0.274112 -1.49137 1.44982 0.178624 0.0588524 -0.135845 -0.972716
1548339844.02784 -0.271847 -1.49035 1.45014 0.176892 0.05837 -0.138799 -0.972644
1548339844.06128 -0.270412 -1.48932 1.45112 0.173452 0.060052 -0.144397 -0.972346
1548339844.09453 -0.267295 -1.48844 1.45159 0.172101 0.054738 -0.148319 -0.97231
1548339844.12780 -0.266082 -1.48691 1.45159 0.176927 0.0594514 -0.146164 -0.971493
1548339844.16112 -0.264337 -1.48626 1.45206 0.178665 0.0597081 -0.145092 -0.97132
1548339844.19436 -0.262255 -1.48642 1.45299 0.175982 0.0547662 -0.148974 -0.971513
1548339844.22817 -0.260678 -1.48576 1.4534 0.178 0.0589668 -0.144035 -0.971644
1548339844.26131 -0.259106 -1.48591 1.45416 0.178974 0.0590627 -0.144669 -0.971365
1548339844.29414 -0.257289 -1.4866 1.45496 0.179011 0.0554088 -0.147705 -0.971117
1548339844.32785 -0.255465 -1.48728 1.45565 0.179587 0.058491 -0.143579 -0.971449
1548339844.36132 -0.252997 -1.4887 1.45653 0.179124 0.0581322 -0.142647 -0.971693
1548339844.39446 -0.25115 -1.49043 1.45745 0.179044 0.0561996 -0.13937 -0.972297
1548339844.42796 -0.250133 -1.49251 1.45922 0.178901 0.0564252 -0.133472 -0.973137
1548339844.46095 -0.249676 -1.49455 1.4614 0.179641 0.0552374 -0.128452 -0.973744
1548339844.49464 -0.250033 -1.49642 1.46405 0.182741 0.0574081 -0.121957 -0.973877
1548339844.52811 -0.250739 -1.49852 1.46716 0.183271 0.0539254 -0.116177 -0.974683
1548339844.56097 -0.252223 -1.50009 1.4705 0.183285 0.0578731 -0.106876 -0.975518
1548339844.59439 -0.253569 -1.50114 1.47369 0.186977 0.0589007 -0.100383 -0.975445
1548339844.62777 -0.255188 -1.50225 1.4775 0.187055 0.0550138 -0.0968659 -0.976013
1548339844.66116 -0.257281 -1.50262 1.48088 0.18849 0.0582506 -0.0870148 -0.976477
1548339844.69431 -0.258939 -1.50315 1.48411 0.1921 0.0564711 -0.0848529 -0.976068
1548339844.72794 -0.260309 -1.50337 1.48678 0.193171 0.0537947 -0.0818865 -0.976261
1548339844.76116 -0.261536 -1.50353 1.48899 0.194521 0.058391 -0.0737887 -0.976375
1548339844.79421 -0.262167 -1.50418 1.49136 0.193853 0.0518896 -0.0733694 -0.976906
1548339844.82783 -0.263309 -1.5039 1.49324 0.195978 0.0492385 -0.0699724 -0.976868
1548339844.86128 -0.264734 -1.5045 1.49559 0.193731 0.047031 -0.0658712 -0.97771
1548339844.89468 -0.266375 -1.50455 1.49752 0.196186 0.0460776 -0.062681 -0.977476
1548339844.92790 -0.268467 -1.50422 1.49985 0.196229 0.0470765 -0.0567547 -0.977782
1548339844.96097 -0.270208 -1.50425 1.50262 0.196911 0.0438552 -0.0556247 -0.977859
1548339844.99437 -0.272688 -1.50369 1.50552 0.198092 0.0452776 -0.050384 -0.97784
1548339845.02806 -0.275245 -1.50332 1.50872 0.200273 0.0445343 -0.0431078 -0.977778
1548339845.06135 -0.278445 -1.50296 1.51213 0.202243 0.0439546 -0.0360732 -0.977683
1548339845.09439 -0.28172 -1.50249 1.51566 0.203649 0.0438297 -0.0296089 -0.977614
1548339845.12772 -0.285372 -1.50207 1.51924 0.204587 0.0446642 -0.0248384 -0.977513
1548339845.16147 -0.289389 -1.50187 1.52278 0.205396 0.0452648 -0.0192361 -0.977442
1548339845.19458 -0.293068 -1.50168 1.52614 0.205735 0.0452516 -0.0129319 -0.977475
1548339845.22785 -0.297166 -1.50151 1.52945 0.205189 0.0456751 -0.00999027 -0.977605
1548339845.26129 -0.30113 -1.50125 1.53241 0.205878 0.0466788 -0.00614301 -0.977444
1548339845.29433 -0.304687 -1.5011 1.53511 0.206152 0.0451623 -0.00108833 -0.977477
1548339845.32810 -0.308023 -1.50071 1.53727 0.208268 0.0446329 0.00325681 -0.977048
1548339845.36132 -0.311632 -1.50037 1.53953 0.209096 0.0420587 0.0040943 -0.976982
1548339845.39460 -0.315095 -1.50037 1.54171 0.210386 0.0425363 0.00999006 -0.976641
1548339845.42776 -0.318504 -1.50049 1.54351 0.208134 0.0408721 0.0166377 -0.977104
1548339845.46101 -0.32228 -1.50058 1.54556 0.211739 0.0394403 0.0181944 -0.976361
1548339845.49426 -0.32587 -1.50056 1.54734 0.212441 0.0382152 0.0236631 -0.97614
1548339845.52768 -0.329561 -1.50099 1.54882 0.212572 0.035444 0.0301603 -0.976036
1548339845.56109 -0.333479 -1.50197 1.55062 0.211592 0.0327697 0.0322616 -0.976276
1548339845.59434 -0.337301 -1.50307 1.55203 0.213041 0.0316098 0.0403078 -0.9757
1548339845.62767 -0.341487 -1.5046 1.55353 0.211539 0.0284732 0.0462518 -0.975859
1548339845.66112 -0.345784 -1.50606 1.55457 0.211931 0.0264217 0.0511964 -0.975585
1548339845.69450 -0.350059 -1.50807 1.55546 0.210053 0.025326 0.0575574 -0.975666
1548339845.72788 -0.354745 -1.51001 1.5565 0.209411 0.0249307 0.0641355 -0.975404
1548339845.76106 -0.359013 -1.51177 1.55688 0.209893 0.0217232 0.0689049 -0.975052
1548339845.79436 -0.363783 -1.51367 1.55771 0.207666 0.0202581 0.0739928 -0.975187
1548339845.82793 -0.368502 -1.51542 1.55846 0.206038 0.0209272 0.0806948 -0.974987
1548339845.86151 -0.373433 -1.51701 1.55904 0.204922 0.0196478 0.0843019 -0.974943
1548339845.89431 -0.37809 -1.51833 1.55936 0.206858 0.0172539 0.0889238 -0.974169
1548339845.92805 -0.383007 -1.51986 1.56019 0.203411 0.0162752 0.0933642 -0.974496
1548339845.96134 -0.387765 -1.52096 1.56083 0.204356 0.0163087 0.09993 -0.973646
1548339845.99444 -0.392586 -1.52215 1.56159 0.201902 0.0144136 0.102983 -0.97387
1548339846.02798 -0.397277 -1.52328 1.56199 0.200899 0.0156121 0.108155 -0.973498
1548339846.06128 -0.401783 -1.52421 1.56226 0.201913 0.0133182 0.112499 -0.97283
1548339846.09469 -0.405984 -1.52522 1.56263 0.201989 0.0116848 0.115869 -0.972439
1548339846.12788 -0.410298 -1.52596 1.56288 0.201339 0.0108056 0.119908 -0.972095
1548339846.16123 -0.414826 -1.52665 1.56309 0.199276 0.0100631 0.124014 -0.972013
1548339846.19459 -0.419038 -1.52741 1.56286 0.201352 0.00871698 0.126871 -0.971229
1548339846.22769 -0.423234 -1.52836 1.56267 0.20021 0.00764982 0.130423 -0.971003
1548339846.26122 -0.427166 -1.52934 1.56209 0.201065 0.00613457 0.132545 -0.97055
1548339846.29429 -0.431064 -1.53065 1.56145 0.19798 0.00596796 0.136719 -0.970606
1548339846.32775 -0.434904 -1.53168 1.56036 0.198106 0.00462713 0.138557 -0.970327
1548339846.36111 -0.438305 -1.53307 1.55958 0.197181 0.00245694 0.142052 -0.970018
1548339846.39421 -0.44201 -1.53389 1.55828 0.198109 0.000684626 0.145744 -0.969284
1548339846.42757 -0.445808 -1.53501 1.55716 0.197815 -0.00187098 0.149641 -0.968748
1548339846.46071 -0.449413 -1.53575 1.5556 0.198533 -0.00149989 0.150156 -0.968522
1548339846.49442 -0.452923 -1.53675 1.55393 0.193682 -0.000428012 0.155813 -0.968612
1548339846.52766 -0.456384 -1.53814 1.55208 0.198892 -0.00437987 0.155985 -0.967518
1548339846.56115 -0.459638 -1.53975 1.55008 0.196366 -0.00481654 0.160987 -0.967213
1548339846.59435 -0.462916 -1.54162 1.54799 0.19555 -0.0061396 0.164815 -0.966726
1548339846.62793 -0.466329 -1.54369 1.54565 0.195347 -0.00942193 0.168818 -0.966049
1548339846.66136 -0.469783 -1.54568 1.54357 0.191217 -0.00973363 0.168888 -0.96686
1548339846.69446 -0.473257 -1.54715 1.54097 0.189354 -0.00778102 0.172883 -0.966538
1548339846.72764 -0.47714 -1.54861 1.53833 0.189205 -0.00904035 0.176846 -0.965839
1548339846.76134 -0.480876 -1.54958 1.53576 0.188513 -0.00810887 0.178444 -0.965689
1548339846.79458 -0.484247 -1.55042 1.53332 0.185517 -0.00782408 0.177089 -0.96652
1548339846.82779 -0.4868 -1.55099 1.53039 0.187374 -0.00881382 0.181241 -0.965383
1548339846.86118 -0.488666 -1.55184 1.52773 0.188261 -0.010782 0.17941 -0.965533
1548339846.89422 -0.490342 -1.55228 1.52492 0.187812 -0.0117824 0.177988 -0.965872
1548339846.92784 -0.491749 -1.55303 1.522 0.187498 -0.0135953 0.181143 -0.965322
1548339846.96132 -0.492507 -1.5532 1.51973 0.182596 -0.0117029 0.174805 -0.967453
1548339846.99454 -0.492747 -1.55263 1.51669 0.186406 -0.0110633 0.171745 -0.967282
1548339847.02764 -0.493798 -1.55237 1.51387 0.187053 -0.0124804 0.17534 -0.966494
1548339847.06115 -0.494432 -1.55178 1.51105 0.186713 -0.0117944 0.174045 -0.966803
1548339847.09429 -0.494873 -1.55101 1.50826 0.188349 -0.0106447 0.169927 -0.967231
1548339847.12781 -0.495344 -1.55048 1.50543 0.189008 -0.00973127 0.167812 -0.967482
1548339847.16122 -0.495715 -1.54966 1.50291 0.190069 -0.00871598 0.163542 -0.968015
1548339847.19443 -0.495832 -1.54872 1.50069 0.190102 -0.00680912 0.159247 -0.968739
1548339847.22774 -0.495801 -1.54804 1.49877 0.190044 -0.00572405 0.156201 -0.969253
1548339847.26101 -0.49574 -1.54773 1.49678 0.18857 -0.0045432 0.154668 -0.969793
1548339847.29443 -0.495857 -1.54728 1.4949 0.1888 -0.00321157 0.15044 -0.970419
1548339847.32764 -0.495841 -1.54683 1.49294 0.188233 -0.00130798 0.144126 -0.971491
1548339847.36123 -0.495953 -1.54659 1.49092 0.187513 0.000359495 0.142174 -0.971918
1548339847.39455 -0.495775 -1.54635 1.48896 0.186539 0.00122911 0.14022 -0.972389
1548339847.42792 -0.495433 -1.54584 1.48708 0.185965 0.00244633 0.136652 -0.973004
1548339847.46093 -0.494781 -1.54532 1.48531 0.185668 0.00270872 0.133649 -0.973477
1548339847.49472 -0.493877 -1.5447 1.48379 0.18475 0.00391029 0.13026 -0.974107
1548339847.52798 -0.492683 -1.54417 1.48245 0.18489 0.0032006 0.126165 -0.974622
1548339847.56143 -0.491602 -1.54368 1.48133 0.184513 0.00392326 0.12413 -0.974952
1548339847.59464 -0.490565 -1.54345 1.48051 0.185873 0.00271226 0.122513 -0.974902
1548339847.62803 -0.489953 -1.54318 1.4797 0.184135 0.00355273 0.119915 -0.975552
1548339847.66115 -0.489485 -1.54335 1.47902 0.18395 0.00240119 0.118073 -0.975815
1548339847.69466 -0.488858 -1.54365 1.47832 0.18622 0.000377525 0.115675 -0.975675
1548339847.72795 -0.488572 -1.54382 1.47768 0.183709 0.00273954 0.116042 -0.976103
1548339847.76132 -0.487931 -1.54364 1.47645 0.18881 0.000643153 0.113876 -0.975389
1548339847.79439 -0.487326 -1.54389 1.47559 0.190308 -0.000801169 0.109802 -0.975564
1548339847.82762 -0.486589 -1.54384 1.47426 0.188886 0.00118571 0.108167 -0.976023
1548339847.86088 -0.485281 -1.54395 1.47267 0.192672 -5.14507e-05 0.105401 -0.975586
1548339847.89441 -0.483961 -1.54442 1.47154 0.191127 0.000270337 0.10483 -0.975951
1548339847.92777 -0.481944 -1.54479 1.47017 0.19314 0.000166437 0.101631 -0.975893
1548339847.96112 -0.479874 -1.54538 1.46904 0.191983 -8.28685e-05 0.0986412 -0.976428
1548339847.99463 -0.477692 -1.54626 1.46807 0.192971 -0.000253014 0.0992631 -0.976171
1548339848.02785 -0.475719 -1.54729 1.46746 0.190249 0.00130824 0.095586 -0.977071
1548339848.06108 -0.473942 -1.548 1.46726 0.191541 0.0020501 0.0919587 -0.977165
1548339848.09390 -0.471939 -1.54895 1.46711 0.190434 0.00531311 0.0924668 -0.977321
1548339848.12749 -0.469815 -1.54976 1.46694 0.19192 0.00478808 0.0894957 -0.97731
1548339848.16095 -0.467825 -1.55049 1.46735 0.191236 0.00755531 0.0865552 -0.977691
1548339848.19446 -0.466135 -1.55096 1.46813 0.191091 0.0102714 0.0859709 -0.977746
1548339848.22797 -0.464991 -1.55131 1.46918 0.191048 0.0141839 0.0850441 -0.977787
1548339848.26134 -0.464016 -1.5511 1.47054 0.191252 0.0179846 0.0817086 -0.977969
1548339848.29473 -0.462902 -1.55069 1.47204 0.193686 0.0203016 0.0792406 -0.977647
1548339848.32799 -0.462092 -1.55027 1.47387 0.193321 0.0230755 0.0778871 -0.977767
1548339848.36113 -0.461581 -1.54958 1.47594 0.192656 0.0270749 0.0747959 -0.978037
1548339848.39440 -0.461137 -1.54878 1.47806 0.194575 0.0294002 0.0719619 -0.977803
1548339848.42801 -0.460595 -1.54815 1.47964 0.197778 0.0306995 0.0708988 -0.977197
1548339848.46127 -0.460112 -1.54786 1.48102 0.19677 0.0329513 0.0695748 -0.977423
1548339848.49458 -0.460247 -1.54797 1.48254 0.192783 0.0354101 0.0682525 -0.978224
1548339848.52794 -0.460486 -1.54819 1.48335 0.195715 0.0347897 0.0674214 -0.977722
1548339848.56134 -0.46089 -1.5488 1.48374 0.195253 0.0355219 0.0671973 -0.977803
1548339848.59454 -0.461376 -1.54972 1.48409 0.194329 0.0357108 0.0668161 -0.978006
1548339848.62772 -0.461805 -1.55068 1.48437 0.194952 0.0365858 0.0682951 -0.977748
1548339848.66117 -0.462192 -1.55165 1.48449 0.19508 0.0364944 0.0688354 -0.977688
1548339848.69444 -0.462671 -1.5527 1.48485 0.193077 0.0361631 0.0685954 -0.978115
1548339848.72775 -0.463392 -1.55342 1.48553 0.188266 0.0359218 0.0667785 -0.979186
1548339848.76117 -0.463944 -1.55385 1.4858 0.191203 0.0338561 0.0673016 -0.978655
1548339848.79454 -0.465014 -1.55423 1.48605 0.191018 0.0346267 0.066951 -0.978688
1548339848.82761 -0.466058 -1.55445 1.48605 0.192295 0.0341563 0.0675055 -0.978417
1548339848.86098 -0.467219 -1.55474 1.4861 0.189861 0.0352664 0.0677004 -0.978839
1548339848.89462 -0.468253 -1.55511 1.48581 0.190847 0.0339943 0.0690512 -0.978598
1548339848.92769 -0.469227 -1.55562 1.48528 0.191476 0.0325986 0.0688746 -0.978535
1548339848.96074 -0.470057 -1.55647 1.48473 0.190999 0.0317982 0.0697899 -0.97859
1548339848.99412 -0.470849 -1.55734 1.48414 0.191252 0.0298274 0.0703668 -0.978561
1548339849.02791 -0.471744 -1.55828 1.48341 0.192362 0.0286251 0.071288 -0.978313
1548339849.06134 -0.472818 -1.55949 1.48311 0.190647 0.0263344 0.071559 -0.978693
1548339849.09472 -0.473722 -1.56057 1.48286 0.190978 0.0245838 0.0737616 -0.97851
1548339849.12777 -0.474687 -1.56148 1.48265 0.192616 0.0229969 0.0760636 -0.978051
1548339849.16124 -0.475733 -1.56251 1.48257 0.192157 0.0220003 0.0758843 -0.978179
1548339849.19444 -0.476646 -1.56339 1.48273 0.192371 0.0219707 0.07749 -0.978011
1548339849.22802 -0.47746 -1.56408 1.48285 0.193868 0.0222513 0.0787728 -0.977607
1548339849.26130 -0.478542 -1.56464 1.48322 0.194002 0.0224664 0.0786436 -0.977586
1548339849.29416 -0.4793 -1.56508 1.48356 0.196749 0.0220719 0.0798656 -0.976946
1548339849.32787 -0.480137 -1.56553 1.48384 0.196944 0.022917 0.0813768 -0.976763
1548339849.36150 -0.480607 -1.56591 1.48396 0.197567 0.0233649 0.0821948 -0.976558
1548339849.39462 -0.480897 -1.56635 1.48406 0.19846 0.0232463 0.0828635 -0.976323
1548339849.42783 -0.481143 -1.56687 1.48411 0.198371 0.0236377 0.0837929 -0.976253
1548339849.46119 -0.481373 -1.56731 1.48412 0.197897 0.0240216 0.0841172 -0.976312
1548339849.49434 -0.481446 -1.56774 1.48422 0.195998 0.025122 0.0834267 -0.976726
1548339849.52788 -0.481363 -1.56818 1.48416 0.194938 0.0253832 0.0829987 -0.976968
1548339849.56109 -0.481137 -1.56893 1.48392 0.193624 0.0252718 0.0833065 -0.977206
1548339849.59431 -0.480795 -1.5696 1.4836 0.191898 0.0255165 0.0836852 -0.977507
1548339849.62778 -0.480832 -1.57007 1.48324 0.190797 0.0250812 0.0833544 -0.977763
1548339849.66129 -0.480741 -1.57033 1.48283 0.190246 0.025184 0.0835193 -0.977853
1548339849.69454 -0.480512 -1.57061 1.48247 0.18941 0.0251159 0.0832106 -0.978044
1548339849.72740 -0.480343 -1.57093 1.4823 0.188989 0.0247069 0.0835976 -0.978102
1548339849.76121 -0.4802 -1.57124 1.48222 0.186812 0.0257537 0.0836566 -0.978489
1548339849.79444 -0.480251 -1.57169 1.48235 0.188525 0.0238217 0.0830951 -0.978257
1548339849.82797 -0.480241 -1.57231 1.48237 0.19009 0.0233145 0.0844561 -0.977849
1548339849.86126 -0.480387 -1.57309 1.48247 0.190753 0.0226361 0.0856639 -0.977631
1548339849.89467 -0.480595 -1.5735 1.48267 0.191294 0.0228939 0.086671 -0.977431
1548339849.92817 -0.481095 -1.57374 1.48312 0.191297 0.023033 0.0863301 -0.977457
1548339849.96090 -0.481471 -1.57408 1.48352 0.191897 0.0229642 0.0882942 -0.977165
1548339849.99446 -0.481789 -1.57452 1.48378 0.193337 0.0224125 0.0898369 -0.976754
1548339850.02793 -0.482068 -1.57488 1.48412 0.19547 0.0228364 0.0924299 -0.976077
1548339850.06123 -0.482342 -1.57512 1.48435 0.196405 0.0230101 0.0936225 -0.975772
1548339850.09441 -0.482658 -1.57545 1.48458 0.197177 0.0230436 0.0943404 -0.975546
1548339850.12797 -0.482731 -1.57566 1.4847 0.197982 0.0217258 0.0946526 -0.975383
1548339850.16131 -0.48298 -1.57591 1.48497 0.201 0.0200385 0.094456 -0.974821
1548339850.19452 -0.483323 -1.57632 1.48538 0.20028 0.0200888 0.0945696 -0.974957
1548339850.22747 -0.483938 -1.57673 1.48591 0.197688 0.0213 0.0954022 -0.975379
1548339850.26107 -0.484417 -1.57706 1.48594 0.197805 0.0212779 0.0953239 -0.975363
1548339850.29414 -0.48499 -1.57754 1.48583 0.197292 0.0219362 0.096547 -0.975332
1548339850.32758 -0.485533 -1.57791 1.48576 0.196852 0.023185 0.0977425 -0.975273
1548339850.36109 -0.486067 -1.57837 1.48584 0.195429 0.0236375 0.097389 -0.975584
1548339850.39436 -0.486025 -1.57876 1.48572 0.194339 0.0240573 0.0970873 -0.975822
1548339850.42782 -0.485761 -1.57924 1.48571 0.192618 0.0239475 0.0968867 -0.976185
1548339850.46120 -0.485375 -1.57967 1.48569 0.190995 0.0235616 0.0960404 -0.976597
1548339850.49441 -0.484652 -1.57984 1.48544 0.191432 0.0227337 0.0965346 -0.976483
1548339850.52794 -0.484122 -1.57983 1.48526 0.187728 0.0239118 0.0972841 -0.977099
1548339850.56089 -0.483787 -1.57976 1.48506 0.187663 0.0235759 0.0969287 -0.977155
1548339850.59424 -0.483474 -1.57949 1.48465 0.189955 0.021919 0.0970355 -0.97674
1548339850.62777 -0.483325 -1.5794 1.48455 0.18947 0.0215875 0.0969539 -0.976849
1548339850.66133 -0.482976 -1.57922 1.48448 0.191329 0.0218985 0.097866 -0.976389
1548339850.69452 -0.482549 -1.57932 1.48458 0.192333 0.0202809 0.0969317 -0.97632
1548339850.72781 -0.481775 -1.57947 1.48443 0.192688 0.0182418 0.0972727 -0.976257
1548339850.76137 -0.481053 -1.57972 1.48449 0.191986 0.0182103 0.0970364 -0.976419
1548339850.79475 -0.479689 -1.57965 1.48425 0.193667 0.0157337 0.0967531 -0.976158
1548339850.82779 -0.478808 -1.57971 1.48453 0.193619 0.0152053 0.097596 -0.976092
1548339850.86118 -0.477881 -1.5795 1.48466 0.195394 0.0148589 0.0983626 -0.975667
1548339850.89470 -0.477269 -1.57938 1.48498 0.195864 0.0146776 0.0985889 -0.975552
1548339850.92807 -0.476701 -1.57915 1.48528 0.197994 0.0143452 0.0990321 -0.975082
1548339850.96125 -0.476215 -1.57912 1.48578 0.199297 0.014568 0.0981161 -0.974906
1548339850.99416 -0.475767 -1.57919 1.48618 0.199332 0.0150533 0.098788 -0.974824
