# ground truth trajectory
# timestamp tx ty tz qx qy qz qw
1548265882.52459 0.465253 -1.19719 1.96013 -0.0691367 -0.071177 0.00124302 0.995064
1548265882.55834 0.467286 -1.19505 1.96144 -0.0687001 -0.067751 0.00133905 0.995333
1548265882.59187 0.470438 -1.19245 1.9608 -0.0708821 -0.0591118 -0.0054303 0.995717
1548265882.62508 0.472957 -1.19037 1.95933 -0.0697975 -0.0546358 0.000611019 0.996064
1548265882.65830 0.474858 -1.18869 1.95722 -0.0702501 -0.0507767 -0.00657269 0.996215
1548265882.69158 0.475182 -1.18829 1.9548 -0.0689911 -0.0471073 -0.0113739 0.99644
1548265882.72479 0.47351 -1.18879 1.95259 -0.0635331 -0.04666 -0.00468994 0.996877
1548265882.75792 0.469839 -1.18979 1.95077 -0.0607631 -0.0486689 -0.00600671 0.996947
1548265882.79160 0.464272 -1.19055 1.9489 -0.058129 -0.0539881 -0.00745119 0.99682
1548265882.82456 0.457863 -1.19072 1.94752 -0.0533325 -0.0568067 -0.0066132 0.996938
1548265882.85821 0.451398 -1.18914 1.94615 -0.0516985 -0.0603973 -0.00714262 0.996809
1548265882.89144 0.445125 -1.18609 1.94516 -0.0501562 -0.0649602 -0.0081638 0.996593
1548265882.92486 0.440512 -1.18133 1.94553 -0.0479556 -0.0641832 -0.00551199 0.99677
1548265882.95815 0.436887 -1.17395 1.94608 -0.0505681 -0.0677586 -0.00740256 0.996392
1548265882.99143 0.433667 -1.16518 1.94651 -0.0529538 -0.067827 -0.00580094 0.996274
1548265883.02476 0.431584 -1.15508 1.94729 -0.0580448 -0.0666238 -0.0104081 0.996034
1548265883.05818 0.429559 -1.14558 1.94828 -0.0594927 -0.0661538 -0.0087067 0.995996
1548265883.09156 0.427924 -1.13617 1.94915 -0.062333 -0.0655735 -0.00882748 0.99586
1548265883.12521 0.426989 -1.12785 1.95027 -0.0623 -0.0628492 -0.00919093 0.996034
1548265883.15842 0.425414 -1.11991 1.95129 -0.0634914 -0.0617019 -0.00786303 0.996042
1548265883.19157 0.423061 -1.11312 1.95211 -0.0631107 -0.0612327 -0.00880039 0.996087
1548265883.22512 0.420533 -1.10699 1.95278 -0.0643412 -0.0621193 -0.00635271 0.995972
1548265883.25839 0.418588 -1.10252 1.95359 -0.0598896 -0.0606273 -0.0060276 0.996344
1548265883.29169 0.416126 -1.09738 1.95438 -0.063137 -0.0608901 -0.00982293 0.996097
1548265883.32503 0.41363 -1.09316 1.95544 -0.0615594 -0.0607081 -0.00788691 0.996224
1548265883.35842 0.411083 -1.08909 1.95682 -0.0614282 -0.0614242 -0.00782538 0.996189
1548265883.39182 0.408358 -1.08507 1.9579 -0.0630008 -0.0611181 -0.0115936 0.996073
1548265883.42509 0.405822 -1.08137 1.95885 -0.0625621 -0.0604713 -0.0110893 0.996146
1548265883.45850 0.403368 -1.07773 1.95986 -0.0652607 -0.0628539 -0.0118604 0.995816
1548265883.49153 0.401215 -1.07502 1.96071 -0.0654511 -0.0619322 -0.015847 0.995806
1548265883.52462 0.399337 -1.07193 1.96151 -0.0689799 -0.0622979 -0.017024 0.995525
1548265883.55828 0.398454 -1.06965 1.96228 -0.0689575 -0.0610834 -0.0214765 0.995516
1548265883.59149 0.398002 -1.06746 1.96275 -0.0702704 -0.0589561 -0.0292524 0.995355
1548265883.62485 0.397703 -1.06471 1.96322 -0.0714713 -0.0570772 -0.0329815 0.995262
1548265883.65829 0.397871 -1.06177 1.96368 -0.0759147 -0.0561503 -0.0407302 0.994699
1548265883.69164 0.398133 -1.05936 1.96438 -0.0773586 -0.0549669 -0.0478408 0.994337
1548265883.72501 0.398514 -1.05698 1.96515 -0.0809644 -0.0538521 -0.0536543 0.993814
1548265883.75812 0.398949 -1.05553 1.96588 -0.0831487 -0.049853 -0.0628458 0.993303
1548265883.79156 0.398816 -1.05471 1.9668 -0.0879578 -0.0496832 -0.0698812 0.992427
1548265883.82499 0.398297 -1.05474 1.96756 -0.090249 -0.0492705 -0.0760335 0.99179
1548265883.85807 0.397212 -1.05583 1.96819 -0.0913058 -0.0491019 -0.0799384 0.991394
1548265883.89172 0.396548 -1.05705 1.96833 -0.0916988 -0.0490852 -0.0835335 0.991062
1548265883.92520 0.395916 -1.05878 1.96841 -0.0936767 -0.0499147 -0.0869074 0.990545
1548265883.95849 0.39576 -1.0608 1.96849 -0.0949072 -0.050443 -0.090854 0.990047
1548265883.99188 0.396339 -1.06346 1.96861 -0.0968233 -0.049349 -0.100127 0.989022
1548265884.02505 0.39747 -1.06552 1.96878 -0.0987932 -0.048161 -0.102655 0.988627
1548265884.05847 0.399041 -1.06739 1.96914 -0.103267 -0.0471402 -0.104636 0.988011
1548265884.09167 0.400903 -1.07039 1.96967 -0.104096 -0.044799 -0.109489 0.987507
1548265884.12496 0.402568 -1.0727 1.96996 -0.104029 -0.0444467 -0.108864 0.987599
1548265884.15827 0.40495 -1.07543 1.96988 -0.104016 -0.0405721 -0.113665 0.987226
1548265884.19181 0.406951 -1.0773 1.96936 -0.104893 -0.0391865 -0.116534 0.986854
1548265884.22506 0.409221 -1.07878 1.96838 -0.106437 -0.0393378 -0.117628 0.986553
1548265884.25852 0.411751 -1.0808 1.96705 -0.107469 -0.0361456 -0.121407 0.986106
1548265884.29162 0.414468 -1.0832 1.96575 -0.107276 -0.0346521 -0.124488 0.985796
1548265884.32494 0.417617 -1.08548 1.96456 -0.106988 -0.0328388 -0.126131 0.985681
1548265884.35823 0.421188 -1.08935 1.96321 -0.105308 -0.0287375 -0.130989 0.985356
1548265884.39144 0.424696 -1.09362 1.96208 -0.101467 -0.0267884 -0.133623 0.98546
1548265884.42508 0.428962 -1.09718 1.96062 -0.102496 -0.0215994 -0.137487 0.98495
1548265884.45830 0.43252 -1.10131 1.95919 -0.0999175 -0.0183252 -0.145899 0.98407
1548265884.49166 0.435624 -1.10386 1.95814 -0.100797 -0.0157214 -0.149301 0.983515
1548265884.52458 0.438237 -1.1068 1.95714 -0.101526 -0.0125168 -0.153644 0.982817
1548265884.55841 0.440263 -1.10973 1.95627 -0.100868 -0.00867614 -0.162109 0.981566
1548265884.59149 0.441 -1.11184 1.95553 -0.100297 -0.00760416 -0.167941 0.980652
1548265884.62489 0.441122 -1.11367 1.95473 -0.100463 -0.00740245 -0.176391 0.979152
1548265884.65829 0.44087 -1.11469 1.95422 -0.10115 -0.00823356 -0.182098 0.978029
1548265884.69166 0.440527 -1.11588 1.95383 -0.102108 -0.00870634 -0.191102 0.976206
1548265884.72485 0.440148 -1.11682 1.95375 -0.103046 -0.00886989 -0.201294 0.974055
1548265884.75825 0.439846 -1.1176 1.95382 -0.104214 -0.00972344 -0.208993 0.9723
1548265884.79165 0.43976 -1.11856 1.95422 -0.104672 -0.0107902 -0.218039 0.970251
1548265884.82503 0.440195 -1.11979 1.95449 -0.105329 -0.0110076 -0.229997 0.967412
1548265884.85812 0.44091 -1.12116 1.95462 -0.105764 -0.0112701 -0.240468 0.964812
1548265884.89159 0.442274 -1.12196 1.95439 -0.105618 -0.010852 -0.249472 0.962544
1548265884.92510 0.444664 -1.12317 1.95367 -0.10242 -0.0126302 -0.258144 0.960579
1548265884.95826 0.448249 -1.12388 1.95278 -0.103075 -0.0116996 -0.265093 0.958626
1548265884.99181 0.453331 -1.12433 1.95181 -0.101747 -0.0117599 -0.271228 0.95705
1548265885.02454 0.460122 -1.12501 1.9508 -0.10158 -0.0108552 -0.275833 0.955761
1548265885.05854 0.468627 -1.12572 1.9502 -0.104392 -0.0045923 -0.277539 0.955015
1548265885.09159 0.477543 -1.12623 1.94969 -0.100198 -0.00417143 -0.284279 0.953482
1548265885.12470 0.486036 -1.12739 1.94907 -0.0952826 -0.00360693 -0.290422 0.952136
1548265885.15839 0.494783 -1.12737 1.94832 -0.0992194 0.00414639 -0.292914 0.950968
1548265885.19179 0.502451 -1.1261 1.94748 -0.0952375 0.00091692 -0.301134 0.948814
1548265885.22493 0.509219 -1.12487 1.947 -0.0932641 0.000231157 -0.306981 0.947135
1548265885.25826 0.51551 -1.12304 1.9467 -0.091058 -0.00092302 -0.312041 0.945695
1548265885.29137 0.520787 -1.12101 1.94673 -0.0904733 -0.00226084 -0.316582 0.944238
1548265885.32485 0.525255 -1.11908 1.94697 -0.0914092 -0.00235917 -0.319985 0.943
1548265885.35801 0.529109 -1.11803 1.94701 -0.0918624 0.000289705 -0.325937 0.940918
1548265885.39167 0.532078 -1.11702 1.94689 -0.0910538 -0.000217126 -0.330958 0.939242
1548265885.42500 0.534818 -1.1166 1.94652 -0.090626 0.000971212 -0.336317 0.937378
1548265885.45831 0.53748 -1.1171 1.94601 -0.0883971 0.00283397 -0.344526 0.934601
1548265885.49184 0.539978 -1.11811 1.94553 -0.0869629 0.00495921 -0.349643 0.932825
1548265885.52472 0.542679 -1.12004 1.94481 -0.0856555 0.00629419 -0.355816 0.930601
1548265885.55842 0.544962 -1.12236 1.94418 -0.084304 0.00798719 -0.361025 0.928703
1548265885.59177 0.547501 -1.12497 1.94353 -0.0821561 0.00894593 -0.365506 0.927133
1548265885.62524 0.550116 -1.12782 1.9427 -0.0805018 0.0101532 -0.370482 0.925289
1548265885.65847 0.553562 -1.13045 1.94188 -0.0804654 0.0112216 -0.374641 0.923604
1548265885.69181 0.557204 -1.13321 1.9409 -0.0809032 0.0131688 -0.377924 0.922201
1548265885.72511 0.56059 -1.1363 1.9402 -0.0786557 0.0128228 -0.381866 0.920775
1548265885.75826 0.563876 -1.1393 1.9395 -0.0798371 0.0147423 -0.385905 0.918959
1548265885.79171 0.566881 -1.14283 1.93899 -0.079302 0.0167179 -0.391137 0.916757
1548265885.82529 0.569595 -1.1464 1.9388 -0.0785536 0.0166682 -0.395971 0.914745
1548265885.85828 0.571868 -1.14976 1.93863 -0.078678 0.0167907 -0.402864 0.911717
1548265885.89177 0.573678 -1.15275 1.93845 -0.0787045 0.0158364 -0.40731 0.909755
1548265885.92493 0.575578 -1.15564 1.93822 -0.0797323 0.0145555 -0.411819 0.907654
1548265885.95830 0.577561 -1.15874 1.93782 -0.0798664 0.0136582 -0.416879 0.905344
1548265885.99144 0.580177 -1.16175 1.93762 -0.0807348 0.0113972 -0.422142 0.902855
1548265886.02471 0.583324 -1.16491 1.93753 -0.0822167 0.0109209 -0.426182 0.900827
1548265886.05820 0.586161 -1.1689 1.93755 -0.0835401 0.0103064 -0.427758 0.899966
1548265886.09171 0.588905 -1.17264 1.93798 -0.0823772 0.00758248 -0.432039 0.898053
1548265886.12497 0.592221 -1.1757 1.93816 -0.0845896 0.00733962 -0.434708 0.89656
1548265886.15819 0.595665 -1.17827 1.93841 -0.0855425 0.00461503 -0.436941 0.895401
1548265886.19161 0.599267 -1.18083 1.9392 -0.0857036 0.00126069 -0.437943 0.894907
1548265886.22495 0.603091 -1.18334 1.93998 -0.088359 0.00234602 -0.440604 0.89334
1548265886.25819 0.606506 -1.18571 1.94087 -0.0901111 0.00113609 -0.440474 0.893231
1548265886.29174 0.610255 -1.18804 1.94214 -0.090221 -0.000422384 -0.443287 0.891828
1548265886.32523 0.615106 -1.19009 1.94386 -0.0932606 0.000763454 -0.445687 0.890317
1548265886.35826 0.61961 -1.19185 1.94596 -0.0944455 -0.000313979 -0.447418 0.889324
1548265886.39164 0.624084 -1.19355 1.94769 -0.0975126 0.000769933 -0.448507 0.888444
1548265886.42503 0.629204 -1.19503 1.94956 -0.100689 0.00143605 -0.450396 0.887132
1548265886.45858 0.634315 -1.19655 1.95166 -0.102256 0.000950865 -0.452313 0.885977
1548265886.49177 0.639603 -1.19843 1.95374 -0.104355 0.00181395 -0.455635 0.884027
1548265886.52514 0.644752 -1.20072 1.95582 -0.105393 0.00427123 -0.462154 0.880504
1548265886.55865 0.649867 -1.20234 1.95807 -0.106367 0.00275577 -0.464271 0.879279
1548265886.59158 0.655227 -1.20383 1.95987 -0.10932 0.00552747 -0.471327 0.87514
1548265886.62506 0.660239 -1.20574 1.96139 -0.109286 0.00483633 -0.477893 0.87158
1548265886.65841 0.666092 -1.20684 1.96262 -0.112646 0.00494166 -0.479891 0.870052
1548265886.69171 0.671737 -1.20864 1.96351 -0.114821 0.00694332 -0.485974 0.86637
1548265886.72499 0.677234 -1.21014 1.96429 -0.11526 0.0076432 -0.49103 0.86345
1548265886.75826 0.683116 -1.21236 1.9651 -0.116956 0.00811539 -0.494312 0.861343
1548265886.79162 0.689041 -1.21561 1.96587 -0.115351 0.00923782 -0.502022 0.857078
1548265886.82502 0.695046 -1.21883 1.96646 -0.115123 0.011183 -0.507821 0.853662
1548265886.85836 0.701861 -1.22232 1.96683 -0.113594 0.0111637 -0.511625 0.851594
1548265886.89168 0.708771 -1.22621 1.96682 -0.11193 0.0148882 -0.518534 0.847569
1548265886.92493 0.716202 -1.22989 1.96715 -0.107374 0.0106237 -0.526052 0.84358
1548265886.95831 0.724412 -1.23293 1.96692 -0.10931 0.0178075 -0.52729 0.842437
1548265886.99161 0.733043 -1.23617 1.96689 -0.110668 0.0214056 -0.534562 0.837579
1548265887.02496 0.742105 -1.23955 1.96726 -0.110455 0.0230709 -0.538795 0.834846
1548265887.05811 0.751747 -1.24323 1.96776 -0.110143 0.0249591 -0.542841 0.832207
1548265887.09173 0.760911 -1.24676 1.96822 -0.108099 0.0253356 -0.548082 0.829023
1548265887.12498 0.770142 -1.24947 1.96815 -0.111508 0.0316187 -0.54733 0.828852
1548265887.15851 0.77858 -1.2509 1.9687 -0.111652 0.0408323 -0.562002 0.818547
1548265887.19192 0.787244 -1.25356 1.96834 -0.112344 0.0321097 -0.554899 0.823671
1548265887.22514 0.792808 -1.25565 1.96779 -0.110614 0.0298815 -0.558497 0.821555
1548265887.25837 0.798671 -1.25647 1.96744 -0.112373 0.0374276 -0.568644 0.814012
1548265887.29175 0.802836 -1.25838 1.96708 -0.111555 0.0275989 -0.563152 0.818323
1548265887.32518 0.806733 -1.26029 1.96654 -0.114946 0.0261983 -0.567392 0.814965
1548265887.35818 0.809441 -1.26214 1.96606 -0.114735 0.0379956 -0.576173 0.808342
1548265887.39191 0.81128 -1.26444 1.96565 -0.108813 0.0338523 -0.582496 0.804806
1548265887.42506 0.814449 -1.2693 1.96476 -0.112521 0.0340446 -0.57435 0.810125
1548265887.45858 0.816608 -1.27305 1.96422 -0.101768 0.0222675 -0.582067 0.80644
1548265887.49175 0.820187 -1.27712 1.96382 -0.108964 0.024892 -0.574258 0.811009
1548265887.52497 0.823993 -1.27984 1.96311 -0.110447 0.039468 -0.583077 0.803906
1548265887.55806 0.828001 -1.28441 1.96194 -0.110213 0.0424912 -0.585707 0.80187
1548265887.59168 0.831895 -1.29052 1.96057 -0.108996 0.0321659 -0.577887 0.808166
1548265887.62507 0.834464 -1.29568 1.95946 -0.107919 0.0333873 -0.579271 0.80727
1548265887.65825 0.83625 -1.30078 1.9582 -0.108335 0.0349792 -0.582146 0.805075
1548265887.69166 0.836613 -1.30564 1.95722 -0.1089 0.0337366 -0.583936 0.803755
1548265887.72513 0.836202 -1.3108 1.95656 -0.109113 0.0319784 -0.583966 0.803776
1548265887.75794 0.834571 -1.31712 1.95558 -0.109958 0.0311912 -0.587875 0.800837
1548265887.79164 0.832183 -1.32419 1.95468 -0.10887 0.0318202 -0.591107 0.798578
1548265887.82500 0.829585 -1.33182 1.95392 -0.107678 0.0281918 -0.593014 0.797462
1548265887.85841 0.826322 -1.34009 1.95255 -0.106989 0.0299673 -0.595583 0.795573
1548265887.89176 0.822089 -1.3478 1.95117 -0.107481 0.0372915 -0.604644 0.788329
1548265887.92527 0.818568 -1.35805 1.94917 -0.106598 0.0280745 -0.600356 0.7921
1548265887.95856 0.814272 -1.36763 1.94738 -0.105993 0.0277505 -0.60351 0.789792
1548265887.99167 0.810021 -1.37695 1.94626 -0.104987 0.0241997 -0.607629 0.78688
1548265888.02493 0.803762 -1.38659 1.94419 -0.10235 0.0355268 -0.6144 0.781521
1548265888.05824 0.800288 -1.39774 1.94266 -0.103115 0.0236832 -0.612863 0.783074
1548265888.09171 0.795027 -1.40851 1.94079 -0.105445 0.0268872 -0.614299 0.781534
1548265888.12517 0.788718 -1.4195 1.93943 -0.104431 0.0265711 -0.618235 0.778571
1548265888.15856 0.781544 -1.42978 1.93836 -0.101415 0.0350111 -0.631163 0.768194
1548265888.19179 0.77521 -1.44213 1.93735 -0.100935 0.0283356 -0.629196 0.770144
1548265888.22508 0.768619 -1.45256 1.9368 -0.100524 0.0290569 -0.632358 0.767576
1548265888.25855 0.762082 -1.46272 1.93648 -0.100408 0.0291617 -0.636991 0.763748
1548265888.29178 0.75373 -1.47172 1.93626 -0.0965633 0.0378526 -0.642075 0.759593
1548265888.32495 0.74935 -1.48209 1.93604 -0.104623 0.0315157 -0.641107 0.759633
1548265888.35827 0.743022 -1.49191 1.93618 -0.102886 0.0337168 -0.64585 0.755749
1548265888.39166 0.735054 -1.4999 1.93633 -0.0947919 0.0403213 -0.653527 0.74986
1548265888.42498 0.730333 -1.50868 1.9361 -0.103561 0.0415606 -0.65915 0.743686
1548265888.45841 0.724729 -1.51853 1.93599 -0.1032 0.0373258 -0.655763 0.746948
1548265888.49155 0.718956 -1.52692 1.93576 -0.105392 0.0400545 -0.659971 0.742783
1548265888.52489 0.713227 -1.53491 1.93545 -0.104492 0.0406461 -0.661753 0.741291
1548265888.55818 0.707196 -1.54315 1.93487 -0.103359 0.0414913 -0.664663 0.738795
1548265888.59164 0.701805 -1.55136 1.93494 -0.0989034 0.0402614 -0.66943 0.73516
1548265888.62497 0.696108 -1.56035 1.93357 -0.102214 0.0456047 -0.673428 0.730731
1548265888.65829 0.690026 -1.56819 1.9324 -0.101525 0.0475847 -0.675793 0.728514
1548265888.69171 0.68422 -1.57778 1.93205 -0.0939449 0.0442076 -0.684577 0.721508
1548265888.72514 0.67791 -1.58619 1.93091 -0.0930032 0.0474739 -0.688897 0.717298
1548265888.75856 0.670803 -1.59292 1.92889 -0.0986098 0.0513558 -0.688317 0.716839
1548265888.79180 0.664644 -1.603 1.92831 -0.0900685 0.0526441 -0.701783 0.704711
1548265888.82505 0.656027 -1.61006 1.92671 -0.0902538 0.0526781 -0.705218 0.701246
1548265888.85824 0.647473 -1.61822 1.92493 -0.0913404 0.0585425 -0.709979 0.695816
1548265888.89189 0.638472 -1.62547 1.92388 -0.0896463 0.0544583 -0.713183 0.693085
1548265888.92530 0.629809 -1.63447 1.92283 -0.0845741 0.0571874 -0.72531 0.68081
1548265888.95865 0.621292 -1.64192 1.92083 -0.0904553 0.0635676 -0.728038 0.676563
1548265888.99180 0.612099 -1.64965 1.91994 -0.0870635 0.0604773 -0.734139 0.670673
1548265889.02503 0.603673 -1.65726 1.91886 -0.085077 0.059118 -0.743446 0.660723
1548265889.05852 0.603673 -1.65726 1.91886 -0.085077 0.059118 -0.743446 0.660723
1548265889.09159 0.589117 -1.67417 1.91738 -0.0812145 0.0617536 -0.763971 0.637134
1548265889.12528 0.582663 -1.68097 1.91798 -0.0759557 0.060033 -0.772305 0.627831
1548265889.15815 0.577037 -1.68929 1.91991 -0.0632565 0.0557224 -0.780461 0.619495
1548265889.19174 0.574005 -1.69541 1.91982 -0.0787244 0.0616083 -0.783965 0.612703
1548265889.22510 0.571776 -1.70104 1.92127 -0.084694 0.0665178 -0.787649 0.60664
1548265889.25809 0.57068 -1.70926 1.92438 -0.0814878 0.0683933 -0.79517 0.596981
1548265889.29187 0.57068 -1.70926 1.92438 -0.0814878 0.0683933 -0.79517 0.596981
1548265889.32516 0.569242 -1.72321 1.92981 -0.0840562 0.077895 -0.804189 0.583222
1548265889.35834 0.568728 -1.72888 1.93158 -0.0910292 0.078793 -0.804921 0.58104
1548265889.39163 0.567041 -1.73563 1.93308 -0.0880958 0.0847943 -0.811297 0.571705
1548265889.42484 0.564985 -1.74015 1.93322 -0.0952838 0.0873315 -0.81033 0.571542
1548265889.45825 0.561947 -1.74622 1.93397 -0.093031 0.0875647 -0.813772 0.566968
1548265889.49134 0.556063 -1.75106 1.9332 -0.0946333 0.0862848 -0.812857 0.56821
1548265889.52486 0.549836 -1.75706 1.93224 -0.0955306 0.0873319 -0.814413 0.565666
1548265889.55844 0.549836 -1.75706 1.93224 -0.0955306 0.0873319 -0.814413 0.565666
1548265889.59180 0.533942 -1.77245 1.93034 -0.0916589 0.0924166 -0.820142 0.557157
1548265889.62523 0.524554 -1.7802 1.92941 -0.0888859 0.0937683 -0.820911 0.556248
1548265889.65840 0.514502 -1.78913 1.92844 -0.0830635 0.0966863 -0.826161 0.548826
1548265889.69191 0.504519 -1.79995 1.92913 -0.0692635 0.119342 -0.825744 0.546907
1548265889.72528 0.494617 -1.80673 1.92709 -0.0679943 0.111508 -0.832568 0.538307
1548265889.75865 0.483957 -1.8135 1.9257 -0.0650851 0.112226 -0.834492 0.535531
1548265889.79195 0.473048 -1.81991 1.92496 -0.0606211 0.119327 -0.833575 0.535947
1548265889.82496 0.462032 -1.82389 1.92339 -0.0603881 0.110767 -0.840422 0.527043
1548265889.85850 0.448818 -1.82612 1.92208 -0.0565018 0.0961221 -0.844013 0.524604
1548265889.89184 0.436568 -1.82917 1.92103 -0.0546305 0.0958102 -0.845693 0.522149
1548265889.92522 0.424296 -1.83181 1.91953 -0.0549389 0.10133 -0.846932 0.519058
1548265889.95835 0.411073 -1.8334 1.91774 -0.0547331 0.099437 -0.850477 0.513619
1548265889.99187 0.411073 -1.8334 1.91774 -0.0547331 0.099437 -0.850477 0.513619
1548265890.02482 0.383729 -1.83563 1.91505 -0.0505915 0.0984643 -0.854957 0.506748
1548265890.05817 0.369536 -1.83571 1.91363 -0.0497086 0.0976101 -0.86078 0.49705
1548265890.09158 0.354903 -1.83411 1.9122 -0.0554635 0.098232 -0.860151 0.497408
1548265890.12502 0.354903 -1.83411 1.9122 -0.0554635 0.098232 -0.860151 0.497408
1548265890.15832 0.32237 -1.83292 1.91089 -0.0511349 0.100712 -0.868326 0.482961
1548265890.19155 0.306092 -1.83139 1.91047 -0.0456277 0.101178 -0.87448 0.472192
1548265890.22488 0.2888 -1.82961 1.91057 -0.035467 0.0942757 -0.881374 0.461556
1548265890.25825 0.273993 -1.82544 1.90844 -0.045371 0.103385 -0.882782 0.456013
1548265890.29162 0.258211 -1.81721 1.9062 -0.0459847 0.101881 -0.888624 0.444806
1548265890.32520 0.243274 -1.81544 1.90699 -0.0442969 0.101996 -0.889371 0.443457
1548265890.35848 0.243274 -1.81544 1.90699 -0.0442969 0.101996 -0.889371 0.443457
1548265890.39181 0.213756 -1.80565 1.90539 -0.0407661 0.100311 -0.897007 0.428549
1548265890.42503 0.213756 -1.80565 1.90539 -0.0407661 0.100311 -0.897007 0.428549
1548265890.45854 0.186907 -1.79874 1.90396 -0.0384355 0.100863 -0.904699 0.412152
1548265890.49160 0.173206 -1.79092 1.90193 -0.0425677 0.102414 -0.905133 0.410406
1548265890.52505 0.160802 -1.78828 1.90288 -0.0300828 0.11259 -0.910856 0.395929
1548265890.55845 0.148455 -1.78408 1.90213 -0.0244842 0.11205 -0.915474 0.385684
1548265890.59198 0.135269 -1.78049 1.89999 -0.0277666 0.103061 -0.918223 0.38141
1548265890.62531 0.122098 -1.77886 1.89949 -0.0307601 0.100136 -0.920815 0.375668
1548265890.65853 0.110068 -1.77511 1.89834 -0.0261085 0.101561 -0.921766 0.373299
1548265890.69170 0.0973721 -1.77228 1.89649 -0.0221211 0.100238 -0.926944 0.360884
1548265890.72505 0.0854492 -1.7675 1.89358 -0.0252158 0.102443 -0.92958 0.353202
1548265890.75822 0.0730359 -1.76469 1.89142 -0.0179203 0.103944 -0.934059 0.341188
1548265890.79176 0.0600184 -1.7611 1.8896 -0.0128636 0.101839 -0.939548 0.326669
1548265890.82505 0.0474356 -1.75681 1.88761 -0.00834101 0.102882 -0.944315 0.312435
1548265890.85798 0.0344169 -1.75131 1.8849 -0.00471515 0.106268 -0.946593 0.304379
1548265890.89188 0.0226174 -1.74568 1.88383 -0.00469875 0.101285 -0.950859 0.292551
1548265890.92501 0.0113737 -1.73993 1.88273 0.00182019 0.100318 -0.955589 0.277098
1548265890.95842 0.000382981 -1.73276 1.88115 0.00290067 0.0982542 -0.957779 0.270181
1548265890.99156 -0.00788754 -1.72709 1.87975 -0.00525999 0.10024 -0.959829 0.262015
1548265891.02483 -0.0173748 -1.7192 1.87956 0.000132848 0.0935452 -0.959282 0.266509
1548265891.05860 -0.0259301 -1.71707 1.87802 -0.00584406 0.0981014 -0.96587 0.239661
1548265891.09187 -0.0353396 -1.71163 1.87836 -0.00441124 0.0880117 -0.965555 0.244824
1548265891.12496 -0.0449064 -1.71036 1.87757 -0.00455568 0.0968795 -0.969237 0.226215
1548265891.15851 -0.0534745 -1.70724 1.87785 -0.000695046 0.112224 -0.968683 0.221494
1548265891.19183 -0.0641673 -1.70463 1.87762 -0.00915097 0.0936346 -0.970439 0.222253
1548265891.22512 -0.0730823 -1.70323 1.87903 0.00224361 0.112319 -0.971366 0.20935
1548265891.25856 -0.0832268 -1.69897 1.87942 0.00186339 0.0906778 -0.97078 0.222171
1548265891.29172 -0.091795 -1.69835 1.87922 -0.000747638 0.0973247 -0.973534 0.206784
1548265891.32524 -0.100616 -1.69532 1.87886 -0.00237854 0.096387 -0.974317 0.203494
1548265891.35841 -0.108163 -1.6914 1.8781 -0.00322696 0.100976 -0.973927 0.203126
1548265891.39195 -0.116292 -1.68531 1.87655 -0.00301703 0.0991088 -0.975809 0.194846
1548265891.42533 -0.12484 -1.68046 1.87601 0.00276674 0.0952829 -0.975905 0.196275
1548265891.45842 -0.132567 -1.67743 1.87465 -0.00299643 0.0859411 -0.97897 0.184994
1548265891.49166 -0.140781 -1.67066 1.87397 0.00675438 0.0930528 -0.978741 0.182651
1548265891.52507 -0.148835 -1.66427 1.87181 0.00274696 0.0957862 -0.979493 0.177229
1548265891.55833 -0.158075 -1.65582 1.87155 0.0157461 0.122724 -0.970807 0.205488
1548265891.59173 -0.165786 -1.65046 1.8677 0.00505587 0.0972331 -0.981221 0.166509
1548265891.62512 -0.174616 -1.64226 1.86449 -0.00166902 0.0952741 -0.981433 0.166461
1548265891.65812 -0.184144 -1.63545 1.86265 0.00215193 0.0967462 -0.98026 0.172411
1548265891.69138 -0.19418 -1.62893 1.85938 0.000593321 0.0892922 -0.981198 0.171104
1548265891.72508 -0.204536 -1.62234 1.85627 -0.000432591 0.0849691 -0.981057 0.174092
1548265891.75846 -0.214789 -1.6154 1.85338 -0.00142715 0.0841617 -0.979793 0.181443
1548265891.79161 -0.225443 -1.60767 1.8497 -0.000363536 0.0837249 -0.979701 0.18214
1548265891.82498 -0.237533 -1.59984 1.84657 -0.000396211 0.0851121 -0.977001 0.19551
1548265891.85819 -0.250087 -1.59182 1.84349 -0.00304035 0.0795624 -0.976632 0.199629
1548265891.89182 -0.262801 -1.58331 1.83992 -0.00644286 0.0779318 -0.975882 0.203813
1548265891.92514 -0.276859 -1.57559 1.83776 0.0013595 0.0754952 -0.975329 0.207441
1548265891.95840 -0.290671 -1.56614 1.83482 0.00401047 0.0739841 -0.974884 0.210028
1548265891.99193 -0.304833 -1.55727 1.83235 0.00364426 0.0752503 -0.973862 0.214283
1548265892.02528 -0.318379 -1.54708 1.83143 0.0179634 0.103806 -0.967422 0.230208
1548265892.05864 -0.332513 -1.5394 1.8273 0.00982095 0.0715394 -0.972851 0.21988
1548265892.09176 -0.345424 -1.53041 1.82407 0.0115313 0.0736262 -0.972158 0.222162
1548265892.12526 -0.358427 -1.52154 1.82134 0.0180198 0.0708954 -0.970934 0.227897
1548265892.15850 -0.370621 -1.51296 1.81779 0.0168684 0.0745487 -0.970798 0.227396
1548265892.19205 -0.381346 -1.50408 1.81478 0.0169454 0.0736947 -0.970422 0.229265
1548265892.22517 -0.392297 -1.4951 1.81183 0.0163773 0.0721785 -0.970176 0.230828
1548265892.25840 -0.402567 -1.48559 1.8092 0.0236201 0.0703547 -0.969131 0.235111
1548265892.29163 -0.4122 -1.47719 1.80623 0.0176136 0.0719687 -0.969157 0.235044
1548265892.32502 -0.419807 -1.46917 1.80318 0.0137469 0.0736168 -0.968882 0.235923
1548265892.35851 -0.429369 -1.46103 1.80066 0.0156271 0.0709546 -0.968476 0.238274
1548265892.39181 -0.437607 -1.45345 1.79822 0.0140317 0.0710925 -0.96731 0.243022
1548265892.42509 -0.446074 -1.44621 1.79587 0.0167742 0.070229 -0.96678 0.2452
1548265892.45855 -0.454602 -1.43894 1.79341 0.0157021 0.0668427 -0.9666 0.246921
1548265892.49178 -0.462147 -1.43215 1.79116 0.0140375 0.0665085 -0.965173 0.252629
1548265892.52498 -0.46939 -1.42504 1.78894 0.0142688 0.0666203 -0.964427 0.255418
1548265892.55839 -0.476971 -1.41755 1.78666 0.00999191 0.0644607 -0.963041 0.261337
1548265892.59182 -0.48413 -1.41044 1.78464 0.0147511 0.0595409 -0.962154 0.265514
1548265892.62512 -0.491188 -1.40333 1.78201 0.0112975 0.059155 -0.961687 0.267455
1548265892.65827 -0.498772 -1.39607 1.77886 0.0122063 0.0554715 -0.960787 0.271409
1548265892.69174 -0.506238 -1.38955 1.77582 0.0105351 0.0520602 -0.959305 0.27733
1548265892.72537 -0.514734 -1.38314 1.7725 0.0128788 0.0487928 -0.958622 0.280173
1548265892.75855 -0.523354 -1.3773 1.76914 0.0191674 0.0392486 -0.957618 0.28471
1548265892.79180 -0.530974 -1.37266 1.76487 0.00404548 0.046267 -0.955589 0.29102
1548265892.82507 -0.540748 -1.36886 1.76136 0.0125863 0.0394249 -0.955786 0.291138
1548265892.85846 -0.549067 -1.36583 1.75772 0.0114663 0.0395441 -0.953518 0.298509
1548265892.89196 -0.557775 -1.3631 1.7536 0.0116357 0.0372377 -0.952302 0.302653
1548265892.92528 -0.566993 -1.36066 1.7491 0.0168097 0.0339566 -0.950956 0.306996
1548265892.95854 -0.575994 -1.35804 1.74411 0.0173451 0.0320086 -0.948203 0.315572
1548265892.99161 -0.585237 -1.35617 1.73864 0.0223514 0.0308663 -0.947197 0.31838
1548265893.02488 -0.595824 -1.35376 1.73239 0.0288606 0.0228713 -0.944877 0.325348
1548265893.05847 -0.604096 -1.35206 1.72491 0.030509 0.0221884 -0.942631 0.331697
1548265893.09175 -0.612353 -1.35211 1.71741 0.0300428 0.020842 -0.939937 0.339384
1548265893.12502 -0.622156 -1.35235 1.70936 0.043894 0.0123789 -0.937151 0.345931
1548265893.15851 -0.629375 -1.35361 1.70066 0.043106 0.0130528 -0.934612 0.352806
1548265893.19170 -0.637542 -1.35592 1.69304 0.0470754 0.0090135 -0.930903 0.362109
1548265893.22515 -0.643896 -1.35815 1.68499 0.0543541 0.00487131 -0.927271 0.370394
1548265893.25826 -0.650225 -1.36095 1.67744 0.0564525 0.0023936 -0.92525 0.375125
1548265893.29153 -0.655226 -1.3641 1.67081 0.0569296 -0.00188161 -0.920864 0.385702
1548265893.32508 -0.658484 -1.36776 1.66411 0.0506976 -0.0022072 -0.918662 0.391772
1548265893.35812 -0.662956 -1.37148 1.65752 0.054432 -0.00185673 -0.91633 0.396702
1548265893.39153 -0.666154 -1.37563 1.65217 0.0528557 -0.00651612 -0.911293 0.408299
1548265893.42511 -0.670541 -1.38116 1.64784 0.0637247 -0.0139084 -0.906568 0.41699
1548265893.45842 -0.673629 -1.38748 1.64201 0.0629503 -0.00496439 -0.904517 0.421736
1548265893.49199 -0.676735 -1.39357 1.637 0.0592914 -0.00919146 -0.899466 0.432853
1548265893.52499 -0.679556 -1.39999 1.63281 0.0658662 -0.0161237 -0.894775 0.441339
1548265893.55843 -0.681529 -1.4068 1.62718 0.0612063 -0.0107352 -0.892478 0.446791
1548265893.59193 -0.683584 -1.41431 1.624 0.0698251 -0.0213207 -0.887489 0.45501
1548265893.62510 -0.68278 -1.42128 1.61773 0.0510968 -0.0120264 -0.884694 0.463208
1548265893.65853 -0.683193 -1.4295 1.61418 0.0513856 -0.0133549 -0.881706 0.468802
1548265893.69187 -0.682602 -1.43775 1.61082 0.0461056 -0.0120758 -0.874473 0.482726
1548265893.72520 -0.681101 -1.44576 1.60882 0.0485028 -0.0123965 -0.870176 0.490191
1548265893.75870 -0.679197 -1.45475 1.60681 0.0463157 -0.00863716 -0.867003 0.49607
1548265893.79194 -0.677499 -1.46286 1.60586 0.0411175 -0.00562422 -0.859377 0.509656
1548265893.82525 -0.675716 -1.47107 1.6055 0.0415758 -0.00430706 -0.854899 0.517107
1548265893.85838 -0.67389 -1.47961 1.60613 0.0416721 -0.00338226 -0.854326 0.518052
1548265893.89176 -0.67183 -1.48724 1.60758 0.0394783 0.0016107 -0.849769 0.525672
1548265893.92485 -0.670129 -1.49473 1.60964 0.0407854 0.00163239 -0.84696 0.530087
1548265893.95848 -0.668309 -1.50238 1.61218 0.0401803 -0.000317103 -0.845056 0.533166
1548265893.99179 -0.666032 -1.50945 1.61489 0.0372186 0.00705445 -0.84066 0.540237
1548265894.02499 -0.663561 -1.5161 1.61849 0.0391416 0.00782779 -0.839469 0.54194
1548265894.05842 -0.660762 -1.52181 1.62186 0.0353959 0.00977499 -0.837342 0.545444
1548265894.09165 -0.657799 -1.52666 1.626 0.0346215 0.00866513 -0.836102 0.547411
1548265894.12514 -0.655072 -1.53089 1.62941 0.0303866 0.0119785 -0.834799 0.549585
1548265894.15832 -0.65275 -1.53488 1.63312 0.0287427 0.00840594 -0.83181 0.554253
1548265894.19178 -0.651483 -1.53864 1.63633 0.0279135 0.0120818 -0.830606 0.556029
1548265894.22500 -0.650483 -1.54248 1.63917 0.0275008 0.00759823 -0.830929 0.555647
1548265894.25827 -0.649559 -1.54629 1.64207 0.0266125 0.00575736 -0.827707 0.560499
1548265894.29173 -0.64892 -1.55035 1.64478 0.0256359 0.00757416 -0.825821 0.563299
1548265894.32491 -0.648007 -1.55508 1.64714 0.0249541 0.00694883 -0.824993 0.564549
1548265894.35822 -0.647073 -1.55975 1.65001 0.0242431 0.00476059 -0.821214 0.570086
1548265894.39191 -0.646335 -1.56508 1.65298 0.023203 0.0120039 -0.819469 0.572527
1548265894.42529 -0.64592 -1.56998 1.6561 0.0271253 0.0107709 -0.821918 0.568857
1548265894.45858 -0.645594 -1.57557 1.65978 0.0232375 0.00938918 -0.814702 0.579337
1548265894.49192 -0.644609 -1.58084 1.66387 0.0224869 0.00998514 -0.813175 0.581499
1548265894.52535 -0.644113 -1.58601 1.66837 0.019578 0.00928112 -0.812962 0.581914
1548265894.55864 -0.643098 -1.59115 1.67337 0.0176893 0.0106255 -0.807552 0.589436
1548265894.59163 -0.64266 -1.59624 1.67848 0.0167747 0.0109162 -0.805508 0.592248
1548265894.62527 -0.642433 -1.60142 1.68435 0.0191341 0.00676445 -0.805962 0.59162
1548265894.65859 -0.642123 -1.60641 1.69018 0.0143582 0.00925617 -0.80044 0.599169
1548265894.69179 -0.641975 -1.61161 1.69638 0.0132426 0.00940559 -0.797859 0.602626
1548265894.72499 -0.641468 -1.61671 1.70268 0.01167 0.00850513 -0.796412 0.604582
1548265894.75846 -0.641217 -1.62207 1.70831 0.00789302 0.0110303 -0.790655 0.612112
1548265894.79179 -0.64086 -1.62671 1.71462 0.0071109 0.00700782 -0.789289 0.613941
1548265894.82511 -0.64095 -1.63225 1.72087 0.0057378 0.0111071 -0.787989 0.615562
1548265894.85823 -0.64064 -1.63749 1.72753 0.0062195 0.00813777 -0.785103 0.619281
1548265894.89181 -0.64043 -1.64219 1.73353 0.000720531 0.00971721 -0.781121 0.624304
1548265894.92525 -0.640209 -1.64696 1.73949 -0.00275703 0.0149276 -0.779327 0.626434
1548265894.95847 -0.639694 -1.65102 1.74549 -0.00548119 0.0109124 -0.776494 0.630007
1548265894.99159 -0.639783 -1.65501 1.75136 -0.0110762 0.0100996 -0.773611 0.633484
1548265895.02524 -0.640598 -1.65967 1.75685 -0.0125653 0.0103674 -0.772691 0.634574
1548265895.05831 -0.641778 -1.66445 1.7619 -0.0159761 0.0101272 -0.768442 0.63964
1548265895.09180 -0.643585 -1.66912 1.76708 -0.0172451 0.00695195 -0.763728 0.64527
1548265895.12531 -0.646563 -1.67485 1.77129 -0.0177258 0.00875876 -0.764063 0.644839
1548265895.15848 -0.650197 -1.6812 1.77562 -0.0181656 0.00767378 -0.762318 0.646902
1548265895.19186 -0.653702 -1.68743 1.78043 -0.0177445 0.0038749 -0.757438 0.652654
1548265895.22535 -0.657829 -1.69393 1.78406 -0.0223261 0.00603596 -0.75612 0.654025
1548265895.25872 -0.661804 -1.70026 1.78899 -0.0177915 0.00235986 -0.754075 0.656543
1548265895.29175 -0.664083 -1.70567 1.79379 -0.0243243 4.38849e-05 -0.74836 0.662847
1548265895.32502 -0.665478 -1.71096 1.79921 -0.028807 -0.000863612 -0.745134 0.666292
1548265895.35867 -0.666046 -1.71641 1.80537 -0.032102 0.000724632 -0.744765 0.666554
1548265895.39204 -0.66604 -1.72131 1.81231 -0.0395676 0.00108202 -0.739573 0.671912
1548265895.42514 -0.665641 -1.72702 1.82047 -0.0442215 0.00156374 -0.736336 0.675167
1548265895.45836 -0.665552 -1.73168 1.82885 -0.0517286 0.0040114 -0.731712 0.679636
1548265895.49178 -0.664314 -1.73832 1.83863 -0.0548301 0.00532875 -0.729277 0.681997
1548265895.52524 -0.663378 -1.74437 1.84824 -0.0587618 0.00621116 -0.724295 0.686954
1548265895.55854 -0.663098 -1.75101 1.85729 -0.0629774 0.0124816 -0.720185 0.690805
1548265895.59164 -0.663055 -1.75808 1.86639 -0.0655678 0.0120985 -0.71579 0.695125
1548265895.62485 -0.662922 -1.76328 1.87501 -0.0684092 0.024001 -0.716009 0.694316
1548265895.65842 -0.663743 -1.77131 1.88332 -0.0692176 0.0151716 -0.707323 0.70333
1548265895.69160 -0.664725 -1.7771 1.891 -0.07076 0.0163548 -0.704803 0.705675
1548265895.72499 -0.665804 -1.78177 1.89809 -0.0757876 0.0172387 -0.702293 0.707633
1548265895.75822 -0.667957 -1.78622 1.9049 -0.0781756 0.0163093 -0.698758 0.710887
1548265895.79181 -0.670039 -1.78865 1.91168 -0.0761077 0.0254759 -0.707494 0.702147
1548265895.82480 -0.67326 -1.7929 1.9183 -0.0831989 0.010694 -0.686761 0.722027
1548265895.85833 -0.675724 -1.79688 1.92494 -0.0847769 0.0101614 -0.686468 0.72213
1548265895.89199 -0.67875 -1.79783 1.93133 -0.0850288 0.0237024 -0.701687 0.706997
1548265895.92509 -0.682493 -1.80434 1.93817 -0.0882883 0.004153 -0.68313 0.724929
1548265895.95853 -0.686924 -1.8075 1.94439 -0.0903555 0.000390824 -0.677239 0.730194
1548265895.99187 -0.691251 -1.8096 1.95015 -0.086178 0.00574043 -0.68522 0.723197
1548265896.02512 -0.695863 -1.81547 1.95591 -0.0921485 -0.00530745 -0.667951 0.738459
1548265896.05845 -0.695863 -1.81547 1.95591 -0.0921485 -0.00530745 -0.667951 0.738459
1548265896.09192 -0.706894 -1.82541 1.96515 -0.0909027 -0.0136158 -0.653432 0.751384
1548265896.12545 -0.711293 -1.83134 1.96849 -0.0937679 -0.0138939 -0.643962 0.759162
1548265896.15858 -0.71504 -1.83771 1.9713 -0.0932565 -0.00857927 -0.642813 0.760277
1548265896.19200 -0.719002 -1.84561 1.97402 -0.0942052 -0.0171704 -0.623498 0.775939
1548265896.22522 -0.721251 -1.855 1.97542 -0.0976941 -0.0131887 -0.61268 0.784159
1548265896.25856 -0.722181 -1.86362 1.97677 -0.0949421 -0.0151333 -0.603805 0.791313
1548265896.29170 -0.722134 -1.87434 1.97665 -0.0945116 -0.0108368 -0.590641 0.801307
1548265896.32478 -0.720951 -1.88521 1.97563 -0.0939883 -0.00738024 -0.581693 0.807926
1548265896.35839 -0.719518 -1.89484 1.97327 -0.0869915 -0.00409262 -0.588195 0.804017
1548265896.39164 -0.716146 -1.9074 1.97095 -0.0888009 -0.00102066 -0.563428 0.821379
1548265896.42514 -0.712602 -1.91615 1.96749 -0.0902674 0.00333314 -0.551399 0.829337
1548265896.45820 -0.709298 -1.92489 1.96303 -0.0916306 0.00716882 -0.542125 0.835257
1548265896.49151 -0.706778 -1.93371 1.95854 -0.0851533 0.00887113 -0.535367 0.840269
1548265896.52512 -0.703676 -1.94141 1.95375 -0.0845578 0.00896468 -0.526725 0.845772
1548265896.55824 -0.701132 -1.94904 1.94862 -0.0859725 0.0146993 -0.515432 0.85248
1548265896.59168 -0.700195 -1.95657 1.94383 -0.0887789 0.0312581 -0.51145 0.854143
1548265896.62514 -0.69835 -1.96338 1.93864 -0.0808622 0.024941 -0.512858 0.854293
1548265896.65851 -0.696341 -1.97216 1.93303 -0.0727217 0.0164757 -0.49104 0.86794
1548265896.69186 -0.695236 -1.97922 1.9275 -0.068759 0.0140657 -0.486259 0.870992
1548265896.72526 -0.694707 -1.98596 1.92249 -0.0593742 0.00904602 -0.47915 0.875676
1548265896.75865 -0.693196 -1.99189 1.91685 -0.0589147 0.0112707 -0.471674 0.879731
1548265896.79200 -0.692276 -1.99844 1.91245 -0.0446238 0.0021574 -0.471147 0.880922
1548265896.82524 -0.689234 -2.00217 1.90615 -0.0569565 0.00971259 -0.463183 0.884377
1548265896.85846 -0.686849 -2.00656 1.90136 -0.0542798 0.0090529 -0.457595 0.887456
1548265896.89196 -0.684124 -2.01061 1.8967 -0.053038 0.00787705 -0.451813 0.8905
1548265896.92528 -0.681076 -2.01463 1.8925 -0.0500078 0.00798938 -0.446376 0.893412
1548265896.95855 -0.677667 -2.01829 1.88836 -0.0489484 0.0076783 -0.439637 0.896808
1548265896.99197 -0.674005 -2.02189 1.88412 -0.0473149 0.00832179 -0.436115 0.898608
1548265897.02531 -0.67026 -2.02509 1.88009 -0.0476379 0.00830513 -0.433715 0.899752
1548265897.05854 -0.667035 -2.0281 1.87628 -0.0455125 0.00872995 -0.426348 0.903371
1548265897.09168 -0.663607 -2.03064 1.87229 -0.0448562 0.00795858 -0.425268 0.90392
1548265897.12477 -0.660516 -2.03299 1.86821 -0.0439956 0.00888564 -0.421632 0.905656
1548265897.15835 -0.657909 -2.03486 1.86417 -0.0431047 0.00991407 -0.415843 0.90836
1548265897.19170 -0.655587 -2.03656 1.86006 -0.0423067 0.00914698 -0.413596 0.909431
1548265897.22517 -0.653423 -2.03824 1.85588 -0.0414879 0.0094165 -0.412424 0.909998
1548265897.25841 -0.651643 -2.03998 1.85185 -0.0396271 0.00792633 -0.410568 0.910934
1548265897.29156 -0.650201 -2.04133 1.84767 -0.0387517 0.00779135 -0.40822 0.912028
1548265897.32491 -0.649127 -2.04303 1.8438 -0.0356062 0.00831651 -0.404355 0.913871
1548265897.35850 -0.64758 -2.04466 1.83995 -0.036058 0.00749792 -0.404116 0.913966
1548265897.39180 -0.646082 -2.04639 1.83651 -0.0341891 0.00734136 -0.401594 0.91515
1548265897.42516 -0.644267 -2.04744 1.83322 -0.0330034 0.00758935 -0.399166 0.916253
1548265897.45801 -0.642254 -2.04781 1.83027 -0.031899 0.00748235 -0.396869 0.91729
1548265897.49203 -0.640051 -2.04818 1.82729 -0.0309202 0.00806173 -0.393021 0.918974
1548265897.52506 -0.637491 -2.04812 1.82443 -0.0303872 0.00633791 -0.38903 0.920702
1548265897.55875 -0.634893 -2.0478 1.82181 -0.0309585 0.00468919 -0.383548 0.92299
1548265897.59196 -0.631751 -2.04783 1.8191 -0.031349 0.00228773 -0.382305 0.923501
1548265897.62523 -0.628281 -2.04812 1.81635 -0.0302801 0.000528935 -0.377862 0.925367
1548265897.65859 -0.624281 -2.04881 1.81379 -0.0292435 0.000953049 -0.370923 0.928203
1548265897.69167 -0.619936 -2.04934 1.81113 -0.0285312 -0.000977269 -0.368736 0.929096
1548265897.72540 -0.615147 -2.0498 1.80868 -0.0289558 -0.000528939 -0.363018 0.931332
1548265897.75856 -0.610827 -2.0506 1.80617 -0.027249 -0.00488453 -0.3536 0.934987
1548265897.79156 -0.60534 -2.05107 1.80347 -0.0287515 -0.0085059 -0.352123 0.935473
1548265897.82545 -0.599766 -2.05234 1.80085 -0.0263294 -0.00779674 -0.34304 0.93892
1548265897.85851 -0.593421 -2.05287 1.79811 -0.0280316 -0.012192 -0.337624 0.940785
1548265897.89149 -0.58699 -2.05424 1.79555 -0.0268944 -0.011051 -0.330165 0.943475
1548265897.92505 -0.579983 -2.056 1.79294 -0.0258785 -0.011361 -0.327827 0.944315
1548265897.95821 -0.572493 -2.0579 1.79044 -0.0250711 -0.0120473 -0.319442 0.947198
1548265897.99143 -0.564968 -2.05938 1.78727 -0.025126 -0.0133931 -0.314443 0.948849
1548265898.02511 -0.558293 -2.06104 1.78382 -0.0228793 -0.0121575 -0.308089 0.951005
1548265898.05840 -0.552004 -2.06267 1.78121 -0.0209387 -0.0136042 -0.303292 0.95257
1548265898.09166 -0.545238 -2.0649 1.77924 -0.0188247 -0.013125 -0.297717 0.954378
1548265898.12501 -0.538377 -2.06717 1.77708 -0.0167546 -0.0126412 -0.295704 0.955049
1548265898.15840 -0.531998 -2.06919 1.77537 -0.0147197 -0.0129017 -0.286767 0.957801
1548265898.19146 -0.524917 -2.07019 1.77423 -0.0141896 -0.0135358 -0.277671 0.960476
1548265898.22522 -0.516896 -2.07144 1.77355 -0.0140919 -0.0137451 -0.272797 0.96187
1548265898.25845 -0.508096 -2.07242 1.7734 -0.0153307 -0.0119122 -0.266337 0.963685
1548265898.29154 -0.498985 -2.07284 1.7738 -0.0162471 -0.0124538 -0.25913 0.965625
1548265898.32519 -0.48965 -2.07293 1.77479 -0.0181099 -0.0118791 -0.249537 0.968123
1548265898.35855 -0.480866 -2.07308 1.77596 -0.0177324 -0.0137926 -0.239922 0.970532
1548265898.39164 -0.472446 -2.07467 1.77721 -0.0113612 -0.0161813 -0.239106 0.970792
1548265898.42526 -0.462579 -2.07525 1.77793 -0.0228414 -0.0151505 -0.229845 0.972841
1548265898.45863 -0.454475 -2.07691 1.77875 -0.0212307 -0.0153414 -0.220924 0.974939
1548265898.49182 -0.446953 -2.07969 1.77943 -0.0170944 -0.0150684 -0.216867 0.975935
1548265898.52521 -0.440482 -2.08307 1.77938 -0.00995325 -0.0135985 -0.209563 0.97765
1548265898.55864 -0.433436 -2.08787 1.77897 -0.0080689 -0.0173717 -0.204898 0.978596
1548265898.59185 -0.427136 -2.09318 1.77818 -0.0023537 -0.017472 -0.198326 0.979978
1548265898.62523 -0.421213 -2.09902 1.77746 0.00339812 -0.0180445 -0.193717 0.980886
1548265898.65860 -0.416122 -2.10419 1.77653 0.0116287 -0.0161782 -0.183722 0.982776
1548265898.69164 -0.411409 -2.1106 1.77613 0.0167672 -0.0202825 -0.186454 0.982111
1548265898.72497 -0.406632 -2.1151 1.77529 0.0148782 -0.0189966 -0.17988 0.983393
1548265898.75823 -0.402615 -2.11973 1.77517 0.0263926 -0.0186617 -0.172535 0.984473
1548265898.79178 -0.397296 -2.12309 1.77501 0.0217092 -0.0166831 -0.170545 0.98497
1548265898.82526 -0.392007 -2.12638 1.77639 0.0270956 -0.0185183 -0.165696 0.985631
1548265898.85838 -0.386345 -2.12863 1.77835 0.0282587 -0.0201346 -0.159299 0.98662
1548265898.89190 -0.380143 -2.12957 1.78066 0.0230988 -0.0220394 -0.159538 0.986675
1548265898.92511 -0.374212 -2.12912 1.78335 0.0177574 -0.0220632 -0.153931 0.987676
1548265898.95845 -0.368822 -2.12806 1.78684 0.0161846 -0.0256849 -0.14685 0.988693
1548265898.99189 -0.36279 -2.12585 1.79051 0.0131978 -0.0261941 -0.145934 0.988859
1548265899.02482 -0.356628 -2.12266 1.79418 0.00830675 -0.0249281 -0.13974 0.98984
1548265899.05848 -0.350064 -2.11891 1.79803 0.00368899 -0.0271576 -0.135271 0.99043
1548265899.09176 -0.343503 -2.11491 1.80193 0.00183653 -0.0260024 -0.130099 0.991158
1548265899.12514 -0.336164 -2.11003 1.80537 -0.00554421 -0.0253903 -0.127942 0.991441
1548265899.15875 -0.328918 -2.10496 1.80873 -0.0108597 -0.0249893 -0.122407 0.992106
1548265899.19177 -0.321835 -2.09973 1.81184 -0.01868 -0.0243936 -0.117936 0.992546
1548265899.22526 -0.314819 -2.09457 1.81495 -0.023889 -0.020312 -0.116187 0.992732
1548265899.25837 -0.308265 -2.08949 1.81799 -0.0288278 -0.0208713 -0.112259 0.993042
1548265899.29189 -0.302512 -2.08458 1.82105 -0.0315001 -0.0226076 -0.106328 0.993575
1548265899.32511 -0.296971 -2.08007 1.82374 -0.0341656 -0.0215362 -0.102545 0.993908
1548265899.35866 -0.292008 -2.0762 1.82651 -0.0340913 -0.0226538 -0.0963563 0.994505
1548265899.39184 -0.287216 -2.07211 1.82858 -0.0379189 -0.0236306 -0.0914828 0.994804
1548265899.42517 -0.282935 -2.06917 1.83098 -0.0352428 -0.0238063 -0.0873605 0.995268
1548265899.45853 -0.278282 -2.06619 1.83274 -0.038011 -0.0238303 -0.0837217 0.995479
1548265899.49169 -0.273878 -2.06315 1.83423 -0.0389977 -0.0255913 -0.0757424 0.996036
1548265899.52530 -0.26915 -2.06047 1.83562 -0.0408369 -0.0256909 -0.0727251 0.996184
1548265899.55844 -0.264555 -2.05798 1.837 -0.0385526 -0.025499 -0.0679349 0.996618
1548265899.59187 -0.26006 -2.05535 1.83791 -0.040545 -0.0260654 -0.062268 0.996895
1548265899.62519 -0.25564 -2.05251 1.83837 -0.0421656 -0.0262033 -0.0596553 0.996984
1548265899.65847 -0.250997 -2.04995 1.83873 -0.0418709 -0.0244231 -0.0558662 0.997261
1548265899.69184 -0.245762 -2.04719 1.83873 -0.044484 -0.0227341 -0.0519064 0.997402
1548265899.72537 -0.240705 -2.04482 1.83873 -0.0434765 -0.0210455 -0.04862 0.997649
1548265899.75858 -0.235692 -2.04178 1.83811 -0.0475274 -0.0201903 -0.045266 0.99764
1548265899.79174 -0.231092 -2.03954 1.83774 -0.0442791 -0.0189425 -0.039722 0.998049
1548265899.82490 -0.226544 -2.03671 1.83654 -0.0477368 -0.0169351 -0.037169 0.998025
1548265899.85845 -0.222242 -2.03426 1.83534 -0.0477653 -0.0170249 -0.0341963 0.998128
1548265899.89199 -0.217901 -2.03224 1.83392 -0.0479733 -0.0156526 -0.0308295 0.99825
1548265899.92522 -0.213859 -2.0306 1.83242 -0.0473774 -0.0151661 -0.0289853 0.998341
1548265899.95835 -0.209571 -2.02925 1.83077 -0.046403 -0.0142103 -0.0243527 0.998525
1548265899.99210 -0.204722 -2.02851 1.8289 -0.0450912 -0.0128591 -0.0217806 0.998663
1548265900.02486 -0.199768 -2.02806 1.82687 -0.0438499 -0.0108838 -0.019303 0.998792
1548265900.05867 -0.194561 -2.0278 1.82488 -0.040761 -0.00818163 -0.0143586 0.999032
1548265900.09191 -0.189822 -2.02746 1.82279 -0.0400276 -0.00556321 -0.00881508 0.999144
1548265900.12532 -0.18535 -2.02678 1.82069 -0.0392752 -0.00285413 -0.00566956 0.999208
1548265900.15871 -0.181347 -2.02627 1.81876 -0.0374494 -0.000313254 -0.00385802 0.999291
1548265900.19214 -0.178224 -2.02514 1.81682 -0.0389561 0.00241283 -0.000109672 0.999238
1548265900.22548 -0.176411 -2.02377 1.81514 -0.0391095 0.00261657 0.00300653 0.999227
1548265900.25854 -0.175295 -2.02226 1.81366 -0.0386699 0.00284217 0.00200443 0.999246
1548265900.29171 -0.174374 -2.02055 1.8125 -0.0393461 0.0033465 0.00356488 0.999214
1548265900.32484 -0.173698 -2.01843 1.81175 -0.0412038 0.00290464 0.00122723 0.999146
1548265900.35852 -0.173261 -2.01633 1.81167 -0.0419685 0.00487847 0.00288836 0.999103
1548265900.39183 -0.172722 -2.01419 1.81165 -0.043704 0.00258368 0.00177139 0.99904
1548265900.42526 -0.171962 -2.01206 1.81184 -0.0473617 0.0035245 0.000723295 0.998871
1548265900.45854 -0.171227 -2.00996 1.81231 -0.0498505 0.00525843 0.000994525 0.998742
1548265900.49179 -0.170812 -2.00803 1.813 -0.0492301 0.00476439 0.000813907 0.998776
1548265900.52500 -0.170419 -2.00604 1.81362 -0.0501406 0.00584192 0.00183568 0.998723
1548265900.55836 -0.170615 -2.00385 1.81398 -0.0546653 0.00480283 0.00123611 0.998492
1548265900.59191 -0.170732 -2.00219 1.81431 -0.0560841 0.0042861 0.00357127 0.99841
1548265900.62506 -0.171004 -2.00071 1.81455 -0.0570786 0.00330324 0.00286391 0.99836
1548265900.65833 -0.171162 -1.99969 1.81484 -0.0558155 0.00389376 0.00183434 0.998432
1548265900.69221 -0.171025 -1.9987 1.81507 -0.0553953 0.00423423 0.0045137 0.998445
1548265900.72546 -0.170575 -1.99793 1.81503 -0.055472 0.00509931 0.00491167 0.998435
1548265900.75863 -0.170371 -1.99725 1.81494 -0.0558487 0.00566069 0.00547696 0.998408
1548265900.79165 -0.17015 -1.99688 1.81496 -0.0546673 0.00579027 0.00607539 0.998469
1548265900.82531 -0.169632 -1.99636 1.81475 -0.0555209 0.00593297 0.00518794 0.998426
1548265900.85865 -0.169466 -1.99598 1.81446 -0.0562933 0.00605504 0.00534278 0.998382
1548265900.89206 -0.169614 -1.99567 1.81425 -0.0563681 0.00594344 0.00592346 0.998375
1548265900.92538 -0.169683 -1.99522 1.81392 -0.0575774 0.00620965 0.00720151 0.998296
1548265900.95868 -0.169842 -1.99513 1.81367 -0.0573533 0.00701851 0.00636037 0.998309
1548265900.99206 -0.170193 -1.99492 1.8134 -0.0580532 0.00698864 0.00701654 0.998264
1548265901.02507 -0.170256 -1.9951 1.81316 -0.0578474 0.00711648 0.00761829 0.998271
1548265901.05871 -0.170388 -1.99536 1.81277 -0.0580282 0.00598418 0.00615585 0.998278
1548265901.09161 -0.170703 -1.99598 1.81234 -0.0566238 0.00558018 0.00704814 0.998355
1548265901.12582 -0.170632 -1.99682 1.81168 -0.0552421 0.00590944 0.00749291 0.998427
1548265901.15850 -0.170884 -1.99738 1.81111 -0.0538251 0.00559441 0.00871791 0.998497
1548265901.19180 -0.171183 -1.99807 1.81025 -0.0548949 0.00430281 0.0078056 0.998452
1548265901.22503 -0.171452 -1.99893 1.80947 -0.0528315 0.00437383 0.00927893 0.998551
1548265901.25849 -0.171304 -2 1.80865 -0.0495437 0.00393931 0.00894119 0.998724
1548265901.29169 -0.171109 -2.00083 1.80775 -0.0496503 0.0047119 0.0074859 0.998728
1548265901.32503 -0.171245 -2.00134 1.80691 -0.0497259 0.00496833 0.0100634 0.9987
1548265901.35836 -0.171007 -2.00239 1.80603 -0.0473792 0.00719235 0.0096321 0.998805
1548265901.39191 -0.171112 -2.00299 1.80497 -0.0476995 0.00745689 0.00976674 0.998786
1548265901.42509 -0.171357 -2.00355 1.80433 -0.0471831 0.00778887 0.0108006 0.998798
1548265901.45854 -0.171321 -2.00411 1.80378 -0.0469876 0.00882502 0.0102017 0.998804
1548265901.49189 -0.171294 -2.00471 1.80352 -0.0458792 0.00888121 0.0111874 0.998845
1548265901.52525 -0.171343 -2.0053 1.80331 -0.0457005 0.00885889 0.00949129 0.998871
1548265901.55867 -0.171667 -2.00569 1.8032 -0.0468745 0.00903492 0.00946101 0.998815
1548265901.59191 -0.172165 -2.00634 1.80338 -0.045715 0.00961827 0.00977697 0.99886
1548265901.62532 -0.17317 -2.00688 1.80365 -0.0450271 0.00971652 0.00973733 0.998891
1548265901.65868 -0.175173 -2.00714 1.80392 -0.0460063 0.0070786 0.0103218 0.998863
1548265901.69203 -0.176962 -2.00771 1.80423 -0.0466003 0.00739962 0.00886082 0.998847
1548265901.72535 -0.179181 -2.00825 1.80452 -0.046348 0.00524503 0.00686572 0.998888
1548265901.75875 -0.181371 -2.009 1.80491 -0.0464572 0.00489795 0.00677233 0.998885
1548265901.79184 -0.183596 -2.00971 1.80537 -0.0470474 0.00286537 0.00376887 0.998881
1548265901.82551 -0.185642 -2.01069 1.80578 -0.0472986 0.00316335 0.00290483 0.998872
1548265901.85870 -0.187663 -2.01161 1.80628 -0.0457224 0.00175309 0.00313617 0.998948
1548265901.89200 -0.18921 -2.01264 1.80658 -0.045401 0.000985042 0.00164016 0.998967
1548265901.92509 -0.190755 -2.01383 1.80696 -0.0436938 0.000795316 0.000435359 0.999045
