# ground truth trajectory
# timestamp tx ty tz qx qy qz qw
1548265363.61830 0.543382 -1.56387 1.84934 -0.115123 -0.0828293 -0.0880395 0.985969
1548265363.65189 0.544291 -1.56372 1.85063 -0.115277 -0.079804 -0.0918364 0.985854
1548265363.68519 0.545108 -1.56371 1.85184 -0.116152 -0.0784124 -0.0931976 0.985735
1548265363.71849 0.546068 -1.56368 1.85297 -0.116683 -0.0772403 -0.092172 0.985862
1548265363.75155 0.54724 -1.56372 1.85388 -0.117435 -0.0768677 -0.0937705 0.985651
1548265363.78505 0.548371 -1.56414 1.85471 -0.117789 -0.0774412 -0.0928888 0.985647
1548265363.81870 0.549581 -1.5648 1.85602 -0.116206 -0.0757495 -0.0904706 0.986191
1548265363.85205 0.550421 -1.56552 1.85759 -0.11623 -0.076122 -0.0880302 0.986381
1548265363.88543 0.551098 -1.56651 1.86011 -0.116655 -0.0783675 -0.0877771 0.986177
1548265363.91878 0.551284 -1.56761 1.86296 -0.116506 -0.0763759 -0.0884341 0.986292
1548265363.95208 0.550833 -1.56855 1.86601 -0.117813 -0.0778055 -0.0883225 0.986035
1548265363.98533 0.55068 -1.56957 1.86934 -0.118128 -0.0791093 -0.0874957 0.985968
1548265364.01834 0.550544 -1.5706 1.87269 -0.118207 -0.0791582 -0.0842853 0.986234
1548265364.05209 0.550506 -1.57167 1.87603 -0.118522 -0.080661 -0.0829025 0.986191
1548265364.08530 0.550474 -1.57257 1.87912 -0.121278 -0.082365 -0.0842507 0.985601
1548265364.11856 0.551146 -1.57362 1.88267 -0.119274 -0.0802661 -0.0859981 0.985868
1548265364.15207 0.55125 -1.57412 1.88573 -0.129814 -0.0743735 -0.0851367 0.985073
1548265364.18553 0.551732 -1.57384 1.88838 -0.122984 -0.0809265 -0.0840179 0.985529
1548265364.21854 0.552125 -1.57353 1.89136 -0.123483 -0.0813956 -0.0846731 0.985372
1548265364.25162 0.552418 -1.57307 1.89414 -0.127343 -0.0822367 -0.0866618 0.984637
1548265364.28499 0.552017 -1.57262 1.89711 -0.126759 -0.084969 -0.085306 0.984599
1548265364.31845 0.551774 -1.57235 1.90052 -0.135621 -0.0839521 -0.0784368 0.984077
1548265364.35177 0.551644 -1.57168 1.90415 -0.131393 -0.0868257 -0.0832028 0.984009
1548265364.38524 0.55121 -1.5716 1.90769 -0.132959 -0.0861719 -0.0819435 0.983962
1548265364.41849 0.551093 -1.57204 1.91193 -0.1346 -0.0879151 -0.0844838 0.98337
1548265364.45191 0.551326 -1.57244 1.91614 -0.136531 -0.0881316 -0.0839414 0.983131
1548265364.48502 0.551215 -1.57343 1.92047 -0.147371 -0.0807195 -0.0854759 0.982069
1548265364.51816 0.551729 -1.57379 1.92454 -0.141744 -0.0875545 -0.085821 0.982282
1548265364.55182 0.552001 -1.57534 1.92913 -0.141339 -0.0861452 -0.0865555 0.9824
1548265364.58532 0.552624 -1.57637 1.9335 -0.144313 -0.0859583 -0.090885 0.981593
1548265364.61836 0.553684 -1.5783 1.93794 -0.145237 -0.0871444 -0.088865 0.981537
1548265364.65205 0.554946 -1.58073 1.94173 -0.144862 -0.0864834 -0.0857053 0.981932
1548265364.68519 0.55634 -1.58466 1.94511 -0.146169 -0.0841527 -0.0883644 0.981705
1548265364.71863 0.557812 -1.58922 1.94779 -0.145957 -0.082583 -0.0906275 0.981664
1548265364.75228 0.557923 -1.59648 1.9507 -0.170518 -0.0727956 -0.0990221 0.97766
1548265364.78541 0.56076 -1.6026 1.9507 -0.141182 -0.077307 -0.0986707 0.982016
1548265364.81840 0.561315 -1.61015 1.9512 -0.136238 -0.07701 -0.102105 0.982387
1548265364.85186 0.562157 -1.61687 1.95035 -0.137854 -0.075548 -0.0976723 0.982725
1548265364.88546 0.562744 -1.62354 1.94802 -0.133396 -0.0752878 -0.100169 0.983109
1548265364.91864 0.562342 -1.62988 1.94416 -0.134617 -0.0706784 -0.10567 0.982709
1548265364.95169 0.561211 -1.63536 1.93893 -0.131645 -0.0738378 -0.102546 0.98321
1548265364.98515 0.559382 -1.6412 1.93202 -0.129255 -0.0744523 -0.0999115 0.983752
1548265365.01838 0.556844 -1.64636 1.9238 -0.127249 -0.0724646 -0.109704 0.983118
1548265365.05194 0.553354 -1.65056 1.91544 -0.124486 -0.0742411 -0.108057 0.983522
1548265365.08495 0.550661 -1.65384 1.90693 -0.12486 -0.074439 -0.104955 0.983795
1548265365.11810 0.5479 -1.65817 1.89803 -0.121097 -0.0744545 -0.107 0.984044
1548265365.15179 0.545354 -1.66229 1.88867 -0.119756 -0.074122 -0.104303 0.984523
1548265365.18516 0.542964 -1.6665 1.87944 -0.115762 -0.0740766 -0.102687 0.985174
1548265365.21827 0.540188 -1.67164 1.8698 -0.111525 -0.0737613 -0.103155 0.985637
1548265365.25188 0.537653 -1.67701 1.85968 -0.109033 -0.0732508 -0.10114 0.986163
1548265365.28526 0.535466 -1.68341 1.85006 -0.102487 -0.0727042 -0.100108 0.98701
1548265365.31845 0.534587 -1.69 1.84111 -0.0982128 -0.0708692 -0.0991226 0.987677
1548265365.35177 0.535322 -1.69774 1.83339 -0.0919411 -0.0697758 -0.0939252 0.988866
1548265365.38490 0.536399 -1.70556 1.82536 -0.0872538 -0.0654431 -0.0941994 0.989561
1548265365.41882 0.536411 -1.71205 1.81694 -0.0845226 -0.0633725 -0.0907199 0.990258
1548265365.45197 0.536137 -1.71798 1.80865 -0.0778945 -0.0634989 -0.0878549 0.991051
1548265365.48540 0.536004 -1.72216 1.80016 -0.0767327 -0.0643146 -0.0822314 0.991571
1548265365.51852 0.535303 -1.72592 1.79216 -0.0756751 -0.0680896 -0.0722128 0.992181
1548265365.55191 0.535086 -1.73004 1.78423 -0.072591 -0.0682295 -0.0688185 0.992643
1548265365.58516 0.534939 -1.73334 1.77647 -0.0714871 -0.0688698 -0.0648456 0.992946
1548265365.61843 0.534663 -1.7365 1.76891 -0.0700689 -0.0700322 -0.0604397 0.993244
1548265365.65207 0.534352 -1.73964 1.76149 -0.0683063 -0.0699807 -0.0607201 0.993353
1548265365.68538 0.534336 -1.74232 1.75411 -0.0687142 -0.0692358 -0.0630887 0.993229
1548265365.71842 0.534442 -1.74475 1.74661 -0.0685318 -0.0673842 -0.0608993 0.993506
1548265365.75212 0.534499 -1.74705 1.7389 -0.0680538 -0.0652788 -0.0640439 0.993482
1548265365.78540 0.534721 -1.74941 1.73111 -0.0660601 -0.0626935 -0.0682046 0.993506
1548265365.81867 0.534731 -1.75201 1.72328 -0.0636237 -0.0618512 -0.0675001 0.993766
1548265365.85171 0.535048 -1.755 1.71492 -0.0607853 -0.0589538 -0.0733148 0.993708
1548265365.88489 0.534801 -1.75778 1.70619 -0.0574431 -0.0587588 -0.0733409 0.993916
1548265365.91846 0.534491 -1.7596 1.69745 -0.055659 -0.0581396 -0.0725192 0.994114
1548265365.95194 0.534146 -1.76122 1.68834 -0.0546094 -0.0584993 -0.0763101 0.993867
1548265365.98498 0.533536 -1.76281 1.67894 -0.0546287 -0.0604202 -0.0727439 0.994019
1548265366.01835 0.533275 -1.76508 1.66996 -0.0498176 -0.0612382 -0.0695884 0.994447
1548265366.05168 0.533756 -1.76717 1.66052 -0.0478907 -0.0592775 -0.0709892 0.994562
1548265366.08520 0.534162 -1.76954 1.65094 -0.044489 -0.0565363 -0.0753892 0.994556
1548265366.11848 0.534266 -1.77208 1.64138 -0.0394467 -0.0555658 -0.0759922 0.994777
1548265366.15196 0.534236 -1.77405 1.63211 -0.0348008 -0.0554999 -0.0756791 0.994978
1548265366.18524 0.533693 -1.77485 1.62262 -0.0343105 -0.0554953 -0.0796036 0.994689
1548265366.21846 0.533427 -1.77502 1.61345 -0.0310546 -0.0545611 -0.0797394 0.994837
1548265366.25217 0.532654 -1.77386 1.6041 -0.0335155 -0.0595107 -0.0736691 0.994941
1548265366.28550 0.531974 -1.77369 1.59497 -0.0316427 -0.0564016 -0.0827584 0.994469
1548265366.31862 0.531546 -1.77299 1.5867 -0.0324218 -0.0545058 -0.0880175 0.994098
1548265366.35179 0.530935 -1.77199 1.57923 -0.0336043 -0.0550791 -0.0877843 0.994048
1548265366.38527 0.530748 -1.77082 1.57225 -0.0354625 -0.0548011 -0.0915353 0.99366
1548265366.41894 0.530631 -1.77051 1.56672 -0.0363062 -0.0557052 -0.0935658 0.99339
1548265366.45211 0.530914 -1.77146 1.56218 -0.0373031 -0.0577789 -0.0923346 0.99335
1548265366.48542 0.531704 -1.77451 1.55923 -0.0343746 -0.0572499 -0.0917499 0.993541
1548265366.51858 0.53305 -1.77864 1.5572 -0.032522 -0.0566125 -0.0935263 0.993474
1548265366.55202 0.534328 -1.78332 1.55613 -0.0320406 -0.0579839 -0.0889658 0.993829
1548265366.58524 0.53567 -1.78858 1.55616 -0.0323546 -0.0570497 -0.0907736 0.99371
1548265366.61862 0.536838 -1.79439 1.55719 -0.0313527 -0.0562078 -0.0918097 0.993694
1548265366.65180 0.537816 -1.80032 1.55922 -0.0307215 -0.0569435 -0.0885153 0.993971
1548265366.68513 0.538605 -1.80584 1.56248 -0.0284202 -0.0563701 -0.0876693 0.994147
1548265366.71872 0.538958 -1.81035 1.56694 -0.0278351 -0.0570941 -0.0878391 0.994108
1548265366.75207 0.539044 -1.81404 1.57247 -0.0266366 -0.058614 -0.0868771 0.994137
1548265366.78508 0.538996 -1.81646 1.5789 -0.0281756 -0.0591289 -0.0868925 0.994062
1548265366.81832 0.53854 -1.81818 1.58592 -0.0313982 -0.0610476 -0.0874526 0.993801
1548265366.85168 0.537978 -1.81952 1.59327 -0.0368703 -0.0625528 -0.0837559 0.993837
1548265366.88519 0.537144 -1.82055 1.60132 -0.0387343 -0.0640782 -0.0850257 0.993562
1548265366.91855 0.53652 -1.82118 1.60954 -0.0417885 -0.0666897 -0.0846994 0.993294
1548265366.95160 0.536346 -1.8215 1.61757 -0.0469714 -0.0681911 -0.0824547 0.993149
1548265366.98510 0.536171 -1.82255 1.62534 -0.0489564 -0.0700762 -0.0826515 0.992905
1548265367.01840 0.535297 -1.82341 1.63263 -0.0496392 -0.0723776 -0.0804314 0.992889
1548265367.05218 0.534833 -1.82405 1.64015 -0.0512556 -0.0744286 -0.0807195 0.992632
1548265367.08549 0.535219 -1.82492 1.64774 -0.0529305 -0.0738004 -0.0816599 0.992514
1548265367.11870 0.535103 -1.82582 1.65541 -0.0549569 -0.073987 -0.0798101 0.99254
1548265367.15214 0.534095 -1.82609 1.663 -0.0585041 -0.0756198 -0.0809274 0.992124
1548265367.18523 0.53374 -1.82664 1.67112 -0.0580165 -0.074507 -0.0848422 0.99191
1548265367.21869 0.533035 -1.82634 1.67958 -0.0628639 -0.0757323 -0.0860244 0.99142
1548265367.25208 0.5317 -1.82682 1.68899 -0.0615225 -0.0754394 -0.0888713 0.991275
1548265367.28528 0.530273 -1.82631 1.69866 -0.0655403 -0.0761167 -0.0908069 0.99079
1548265367.31856 0.528725 -1.82507 1.70884 -0.0695244 -0.0797256 -0.088563 0.990438
1548265367.35218 0.526947 -1.82315 1.71972 -0.0737472 -0.0827829 -0.0861837 0.990091
1548265367.38536 0.526044 -1.82158 1.73129 -0.0765074 -0.082619 -0.0907745 0.989485
1548265367.41869 0.52524 -1.81971 1.74306 -0.0800003 -0.0834592 -0.0911046 0.989108
1548265367.45167 0.524133 -1.81732 1.75494 -0.0853505 -0.0851555 -0.0907316 0.98855
1548265367.48484 0.523021 -1.81581 1.76678 -0.0882889 -0.0853892 -0.0921431 0.988141
1548265367.51825 0.522272 -1.81427 1.77862 -0.0885467 -0.0843953 -0.0945336 0.987978
1548265367.55194 0.521531 -1.81214 1.78971 -0.0919853 -0.0862997 -0.0942241 0.987529
1548265367.58505 0.520836 -1.81066 1.80026 -0.0925049 -0.0865592 -0.0947079 0.987411
1548265367.61842 0.520806 -1.80857 1.81013 -0.0955313 -0.0853457 -0.0951189 0.987189
1548265367.65175 0.521134 -1.80605 1.81939 -0.0982687 -0.0857465 -0.0946404 0.986932
1548265367.68513 0.521149 -1.80343 1.82799 -0.10174 -0.0865346 -0.0953554 0.986442
1548265367.71847 0.521308 -1.80093 1.83648 -0.10362 -0.0830788 -0.0990811 0.986176
1548265367.75191 0.521596 -1.79789 1.8444 -0.107019 -0.0792241 -0.106083 0.985402
1548265367.78519 0.521088 -1.79357 1.85223 -0.109666 -0.0785069 -0.107194 0.985048
1548265367.81855 0.520697 -1.78881 1.85978 -0.115038 -0.0761681 -0.114441 0.983803
1548265367.85188 0.520189 -1.78456 1.86741 -0.117678 -0.0714364 -0.130756 0.98181
1548265367.88551 0.518859 -1.77935 1.87505 -0.121579 -0.0683124 -0.135841 0.980867
1548265367.91890 0.516972 -1.77352 1.8825 -0.126768 -0.06593 -0.14292 0.979366
1548265367.95210 0.515179 -1.76867 1.89033 -0.126087 -0.0612359 -0.154718 0.977965
1548265367.98546 0.513159 -1.76299 1.89746 -0.132826 -0.0586401 -0.16272 0.975931
1548265368.01866 0.510543 -1.758 1.90461 -0.134746 -0.055286 -0.168888 0.974815
1548265368.05225 0.507715 -1.75352 1.91149 -0.136267 -0.0540726 -0.181023 0.972491
1548265368.08543 0.504598 -1.74837 1.91767 -0.14128 -0.0495724 -0.187121 0.970859
1548265368.11855 0.500958 -1.74395 1.92397 -0.142118 -0.0496338 -0.194708 0.969241
1548265368.15199 0.496855 -1.73978 1.92942 -0.144613 -0.048345 -0.204816 0.966851
1548265368.18544 0.492359 -1.73599 1.93447 -0.149378 -0.0447283 -0.214863 0.964116
1548265368.21861 0.487934 -1.73263 1.93947 -0.148363 -0.0450801 -0.224086 0.962155
1548265368.25188 0.483421 -1.72979 1.94422 -0.14953 -0.0411807 -0.233052 0.960017
1548265368.28484 0.478762 -1.72766 1.9488 -0.150635 -0.0368179 -0.244659 0.957129
1548265368.31841 0.474587 -1.72587 1.95336 -0.151607 -0.0333436 -0.254371 0.954567
1548265368.35195 0.469953 -1.72441 1.95787 -0.14808 -0.0334119 -0.261481 0.953196
1548265368.38500 0.465834 -1.72221 1.96187 -0.151293 -0.0280397 -0.271292 0.950118
1548265368.41854 0.461105 -1.7206 1.96615 -0.148102 -0.0274608 -0.281072 0.947792
1548265368.45188 0.456591 -1.71817 1.97026 -0.146981 -0.0271062 -0.28732 0.946102
1548265368.48505 0.45174 -1.71552 1.97408 -0.147864 -0.0262152 -0.292662 0.944351
1548265368.51832 0.446786 -1.71317 1.97827 -0.146903 -0.0249002 -0.300433 0.942093
1548265368.55184 0.441989 -1.70971 1.98234 -0.150467 -0.0229303 -0.310184 0.938413
1548265368.58514 0.43701 -1.7056 1.98651 -0.153301 -0.0235322 -0.315124 0.936292
1548265368.61826 0.432121 -1.70153 1.99109 -0.155115 -0.0224289 -0.32114 0.933973
1548265368.65189 0.42699 -1.69714 1.99575 -0.159427 -0.0192613 -0.327366 0.931152
1548265368.68530 0.422113 -1.69255 2.00088 -0.160522 -0.0202708 -0.335236 0.928137
1548265368.71879 0.417251 -1.68756 2.00601 -0.161273 -0.0189909 -0.342342 0.925436
1548265368.75188 0.411929 -1.68238 2.01145 -0.16161 -0.0213866 -0.347347 0.923458
1548265368.78519 0.407801 -1.67671 2.01694 -0.166324 -0.0196369 -0.356446 0.919183
1548265368.81859 0.403287 -1.6716 2.02285 -0.167234 -0.0193097 -0.362417 0.916686
1548265368.85191 0.398177 -1.66533 2.02855 -0.173665 -0.0123531 -0.371472 0.911974
1548265368.88539 0.394957 -1.6594 2.03518 -0.175542 -0.0104243 -0.380215 0.908027
1548265368.91875 0.392301 -1.65638 2.04141 -0.173334 -0.0202956 -0.382287 0.907414
1548265368.95200 0.389616 -1.65272 2.04786 -0.17203 -0.0176984 -0.385486 0.906363
1548265368.98527 0.387342 -1.64939 2.05448 -0.17548 -0.0175046 -0.3898 0.903856
1548265369.01879 0.385278 -1.64637 2.06094 -0.174241 -0.0145048 -0.396622 0.901177
1548265369.05185 0.3837 -1.64322 2.0676 -0.172326 -0.015935 -0.402986 0.898695
1548265369.08507 0.383607 -1.63857 2.07324 -0.17898 -0.012069 -0.404512 0.896767
1548265369.11828 0.383605 -1.634 2.07874 -0.181993 -0.0115675 -0.409147 0.89406
1548265369.15163 0.383949 -1.62827 2.08395 -0.191999 0.000428727 -0.41762 0.888105
1548265369.18507 0.384627 -1.62456 2.08927 -0.18466 -0.0113787 -0.419459 0.888721
1548265369.21836 0.386456 -1.61932 2.09367 -0.193751 -0.00585618 -0.419383 0.886873
1548265369.25194 0.386935 -1.61354 2.09806 -0.19184 0.00232945 -0.429676 0.882366
1548265369.28524 0.388454 -1.61084 2.10313 -0.199689 -0.00411955 -0.425287 0.882745
1548265369.31842 0.38944 -1.60717 2.10771 -0.202096 -0.003685 -0.423621 0.883
1548265369.35189 0.389732 -1.60251 2.11219 -0.201628 0.00435288 -0.43377 0.878163
1548265369.38529 0.391683 -1.60074 2.117 -0.205335 0.00142637 -0.432113 0.878131
1548265369.41847 0.392747 -1.59813 2.12154 -0.206711 0.00291013 -0.433224 0.877257
1548265369.45205 0.393281 -1.59622 2.12599 -0.210449 0.0053983 -0.429839 0.878021
1548265369.48504 0.393535 -1.59431 2.13045 -0.211623 0.00491846 -0.43156 0.876896
1548265369.51864 0.39386 -1.59271 2.13477 -0.210348 0.00446448 -0.433906 0.876048
1548265369.55189 0.392752 -1.59187 2.13799 -0.211579 0.00568275 -0.432515 0.876432
1548265369.58534 0.391374 -1.58989 2.14014 -0.209287 0.0064459 -0.43412 0.876183
1548265369.61857 0.390649 -1.58845 2.14052 -0.207364 0.00681251 -0.436279 0.875565
1548265369.65183 0.39012 -1.58727 2.13942 -0.205055 0.00767567 -0.43971 0.874385
1548265369.68538 0.389985 -1.58633 2.13684 -0.202302 0.00709825 -0.441112 0.874324
1548265369.71866 0.389008 -1.58616 2.13311 -0.201347 0.010129 -0.439788 0.875182
1548265369.75217 0.38946 -1.58656 2.12897 -0.198577 0.0120921 -0.444863 0.873223
1548265369.78535 0.389576 -1.58794 2.12441 -0.194128 0.0156738 -0.448644 0.872231
1548265369.81878 0.389427 -1.5896 2.11973 -0.190774 0.0201756 -0.450765 0.871785
1548265369.85181 0.389279 -1.59085 2.11499 -0.186776 0.0238013 -0.452643 0.871587
1548265369.88518 0.388117 -1.58938 2.10884 -0.152194 0.0277752 -0.47672 0.865334
1548265369.91850 0.388746 -1.59245 2.10607 -0.180701 0.0273657 -0.456005 0.87101
1548265369.95176 0.388475 -1.59202 2.10167 -0.177432 0.0267353 -0.456965 0.871198
1548265369.98511 0.388376 -1.59171 2.09779 -0.173984 0.0256819 -0.460696 0.869959
1548265370.01830 0.388673 -1.59084 2.09398 -0.173691 0.0280878 -0.461352 0.869596
1548265370.05173 0.389821 -1.58894 2.08992 -0.178773 0.0327702 -0.462567 0.867755
1548265370.08501 0.390106 -1.58778 2.08715 -0.175116 0.0313948 -0.461855 0.86893
1548265370.11836 0.389591 -1.58731 2.08396 -0.174589 0.0299302 -0.462339 0.86883
1548265370.15170 0.38996 -1.58666 2.08137 -0.16927 0.0289543 -0.464391 0.868821
1548265370.18519 0.390776 -1.58362 2.07757 -0.157382 0.0375553 -0.469675 0.867886
1548265370.21845 0.391357 -1.58429 2.0757 -0.170254 0.032331 -0.464215 0.868604
1548265370.25187 0.390677 -1.58471 2.07247 -0.169376 0.0325852 -0.464244 0.868751
1548265370.28534 0.391317 -1.58403 2.06909 -0.167386 0.0313424 -0.46363 0.86951
1548265370.31855 0.391891 -1.58334 2.06538 -0.165608 0.031832 -0.461447 0.870992
1548265370.35214 0.39291 -1.5811 2.06087 -0.156982 0.0392387 -0.462883 0.871525
1548265370.38539 0.393523 -1.58283 2.05728 -0.164225 0.0405464 -0.46252 0.870323
1548265370.41880 0.392921 -1.58405 2.05227 -0.158573 0.0346141 -0.462113 0.871842
1548265370.45220 0.392843 -1.58444 2.04782 -0.155059 0.0336584 -0.462673 0.872214
1548265370.48540 0.392733 -1.58537 2.04319 -0.152112 0.0360563 -0.464542 0.871643
1548265370.51878 0.392423 -1.58638 2.03861 -0.149354 0.0366919 -0.463214 0.8728
1548265370.55210 0.39223 -1.58726 2.03367 -0.146378 0.0360922 -0.465416 0.872158
1548265370.58540 0.392174 -1.58889 2.02873 -0.143706 0.0380828 -0.465158 0.872655
1548265370.61866 0.391955 -1.59066 2.02371 -0.140424 0.0395252 -0.46414 0.873666
1548265370.65171 0.391305 -1.59222 2.01841 -0.13674 0.0396732 -0.466417 0.873031
1548265370.68530 0.390413 -1.59432 2.01318 -0.134584 0.0417902 -0.467404 0.872739
1548265370.71844 0.389015 -1.59613 2.00832 -0.128836 0.0414996 -0.466628 0.874035
1548265370.75202 0.388302 -1.59698 2.00351 -0.127143 0.0410142 -0.467593 0.87379
1548265370.78532 0.387461 -1.59687 1.99863 -0.129327 0.0469279 -0.469178 0.872321
1548265370.81860 0.387254 -1.59793 1.99377 -0.12308 0.0419413 -0.466987 0.874652
1548265370.85194 0.386777 -1.5981 1.98918 -0.121474 0.0404276 -0.467033 0.874923
1548265370.88511 0.386622 -1.59832 1.98485 -0.12046 0.0386624 -0.465927 0.875732
1548265370.91837 0.386683 -1.59868 1.98053 -0.116983 0.0395712 -0.466913 0.875638
1548265370.95196 0.386379 -1.59968 1.97657 -0.113468 0.0406541 -0.46682 0.8761
1548265370.98517 0.387501 -1.59912 1.97185 -0.105595 0.0469176 -0.459355 0.880705
1548265371.01835 0.386348 -1.60103 1.96878 -0.109299 0.0387919 -0.46685 0.876698
1548265371.05194 0.3857 -1.60179 1.96508 -0.106587 0.0475932 -0.473053 0.873267
1548265371.08518 0.385594 -1.60452 1.96111 -0.103137 0.0443041 -0.467491 0.876842
1548265371.11863 0.385478 -1.60607 1.95732 -0.0978004 0.0430117 -0.463865 0.87944
1548265371.15199 0.384797 -1.60937 1.95301 -0.103929 0.0370274 -0.46869 0.876446
1548265371.18558 0.384491 -1.60967 1.94873 -0.0915308 0.0447429 -0.46663 0.878565
1548265371.21862 0.384255 -1.61109 1.9445 -0.0885396 0.0446478 -0.4658 0.879317
1548265371.25203 0.384554 -1.61231 1.94111 -0.0912333 0.0391151 -0.465309 0.879565
1548265371.28533 0.38519 -1.61212 1.93658 -0.086363 0.0433277 -0.460844 0.882206
1548265371.31864 0.385522 -1.61222 1.93275 -0.0845134 0.0429337 -0.461916 0.881844
1548265371.35153 0.3863 -1.61162 1.92925 -0.0848247 0.0413044 -0.461151 0.882291
1548265371.38557 0.386971 -1.6105 1.92614 -0.0851916 0.0401421 -0.457783 0.884062
1548265371.41863 0.388019 -1.60945 1.92315 -0.087029 0.0407005 -0.456569 0.884485
1548265371.45181 0.389189 -1.60879 1.92042 -0.0885585 0.0416539 -0.457557 0.883778
1548265371.48517 0.390238 -1.6083 1.91802 -0.0884799 0.041624 -0.457772 0.883676
1548265371.51855 0.390999 -1.6083 1.91593 -0.08764 0.041959 -0.458441 0.883397
1548265371.55170 0.391467 -1.6086 1.91398 -0.0861706 0.0418297 -0.459612 0.882939
1548265371.58500 0.391925 -1.60843 1.91208 -0.0857698 0.0423563 -0.459723 0.882896
1548265371.61858 0.391862 -1.60841 1.91058 -0.0847215 0.0420355 -0.460611 0.882549
1548265371.65179 0.392111 -1.60802 1.90981 -0.0879309 0.0397581 -0.460174 0.882568
1548265371.68516 0.391727 -1.60739 1.90871 -0.0856575 0.042475 -0.459819 0.882851
1548265371.71862 0.391423 -1.60658 1.90866 -0.0860321 0.0415837 -0.459414 0.883067
1548265371.75192 0.391018 -1.60616 1.90905 -0.0851836 0.0406808 -0.461907 0.88189
1548265371.78528 0.390502 -1.60567 1.90985 -0.0850774 0.0389252 -0.461855 0.882007
1548265371.81819 0.390029 -1.60499 1.91131 -0.0858235 0.0386989 -0.461121 0.882329
1548265371.85203 0.389405 -1.60402 1.91316 -0.0868258 0.0374675 -0.461952 0.881849
1548265371.88529 0.388681 -1.60288 1.91551 -0.0882154 0.034893 -0.462533 0.881512
1548265371.91881 0.388384 -1.60158 1.91773 -0.0892528 0.0341097 -0.46281 0.881293
1548265371.95186 0.388607 -1.6002 1.92005 -0.0911772 0.0350192 -0.462764 0.881085
1548265371.98533 0.388673 -1.59865 1.92257 -0.0934144 0.0337967 -0.462788 0.880885
1548265372.01882 0.389053 -1.59719 1.92494 -0.0953491 0.0330702 -0.461849 0.881199
1548265372.05211 0.389842 -1.59595 1.92731 -0.0942881 0.0356369 -0.460384 0.881979
1548265372.08549 0.389764 -1.59509 1.93 -0.0967829 0.031837 -0.463334 0.880307
1548265372.11870 0.390015 -1.59344 1.93266 -0.100217 0.0381162 -0.468673 0.87684
1548265372.15214 0.390709 -1.59343 1.93501 -0.100978 0.0341029 -0.462315 0.880287
1548265372.18531 0.39073 -1.5928 1.9374 -0.10214 0.0324058 -0.463218 0.879742
1548265372.21875 0.390655 -1.59255 1.93968 -0.102673 0.032276 -0.464336 0.879095
1548265372.25179 0.390644 -1.59259 1.94189 -0.102859 0.0322794 -0.463672 0.879424
1548265372.28511 0.390753 -1.59266 1.94418 -0.103275 0.0304515 -0.462203 0.880213
1548265372.31860 0.390904 -1.59275 1.94652 -0.103633 0.0300653 -0.464412 0.879021
1548265372.35198 0.391216 -1.59327 1.94889 -0.104872 0.0323212 -0.463546 0.879251
1548265372.38535 0.391424 -1.59369 1.95158 -0.105325 0.031004 -0.463171 0.879442
1548265372.41826 0.391736 -1.59463 1.95451 -0.105398 0.0315819 -0.464081 0.878933
1548265372.45179 0.392066 -1.59514 1.95766 -0.106287 0.0319009 -0.464438 0.878625
1548265372.48525 0.392459 -1.59492 1.96115 -0.107797 0.0315479 -0.464377 0.878486
1548265372.51839 0.392806 -1.59459 1.96502 -0.109274 0.0306975 -0.464202 0.878427
1548265372.55187 0.393657 -1.59376 1.96925 -0.111415 0.0300622 -0.463883 0.878348
1548265372.58522 0.393987 -1.59336 1.97336 -0.112926 0.029466 -0.465529 0.877304
1548265372.61888 0.394816 -1.59216 1.97772 -0.115888 0.0294075 -0.464951 0.877226
1548265372.65210 0.395881 -1.59049 1.9822 -0.117943 0.0291001 -0.464168 0.877377
1548265372.68526 0.397083 -1.58892 1.98688 -0.118071 0.0265556 -0.467379 0.875734
1548265372.71884 0.398616 -1.58701 1.99065 -0.122615 0.0301737 -0.466485 0.875469
1548265372.75223 0.399942 -1.5857 1.99463 -0.12584 0.0301657 -0.466167 0.875182
1548265372.78532 0.401309 -1.58514 1.99862 -0.1267 0.0292085 -0.466689 0.874812
1548265372.81870 0.402694 -1.5842 2.00269 -0.127287 0.027995 -0.467828 0.874157
1548265372.85211 0.404523 -1.58289 2.0065 -0.131978 0.0315153 -0.467794 0.87336
1548265372.88540 0.405833 -1.58156 2.01068 -0.134458 0.0309579 -0.468147 0.872812
1548265372.91884 0.407175 -1.57979 2.01533 -0.136393 0.0297772 -0.469595 0.871775
1548265372.95191 0.408119 -1.5782 2.02003 -0.138976 0.0284198 -0.469883 0.871257
1548265372.98539 0.408508 -1.57706 2.0248 -0.138245 0.0266416 -0.469047 0.871879
1548265373.01871 0.409312 -1.57601 2.02934 -0.141056 0.0267695 -0.471098 0.870318
1548265373.05198 0.409549 -1.5755 2.03369 -0.141651 0.0265203 -0.470407 0.870602
1548265373.08530 0.409795 -1.57533 2.03768 -0.141265 0.0253068 -0.470909 0.87043
1548265373.11824 0.410057 -1.57594 2.04128 -0.141788 0.0261138 -0.472592 0.869408
1548265373.15191 0.410535 -1.57614 2.04444 -0.140478 0.0268257 -0.471956 0.869945
1548265373.18517 0.410683 -1.57752 2.04725 -0.140965 0.0270602 -0.471974 0.869849
1548265373.21835 0.410932 -1.57909 2.05005 -0.13889 0.0258482 -0.471859 0.870282
1548265373.25177 0.411529 -1.58032 2.05254 -0.136887 0.0255035 -0.471534 0.870786
1548265373.28539 0.412649 -1.58158 2.055 -0.135375 0.0240879 -0.474705 0.869338
1548265373.31849 0.414547 -1.58266 2.05718 -0.135377 0.0284752 -0.471129 0.871149
1548265373.35192 0.416272 -1.58318 2.05954 -0.135071 0.027316 -0.470516 0.871564
1548265373.38534 0.418629 -1.58375 2.06193 -0.135274 0.0313646 -0.472487 0.870329
1548265373.41859 0.420669 -1.58374 2.06434 -0.136017 0.0309358 -0.471163 0.870947
1548265373.45208 0.423078 -1.58376 2.06739 -0.133056 0.0243447 -0.474046 0.870048
1548265373.48532 0.426802 -1.58237 2.06936 -0.138251 0.0327371 -0.470922 0.870659
1548265373.51868 0.430474 -1.58075 2.07162 -0.142429 0.0352539 -0.469203 0.870816
1548265373.55211 0.433395 -1.57974 2.0741 -0.141799 0.0326021 -0.468436 0.871434
1548265373.58508 0.436036 -1.5785 2.07628 -0.146096 0.0339083 -0.467053 0.871417
1548265373.61865 0.439356 -1.57753 2.07908 -0.147363 0.0376112 -0.467394 0.870869
1548265373.65195 0.440425 -1.5776 2.08159 -0.146634 0.0362389 -0.466107 0.871739
1548265373.68548 0.441394 -1.57717 2.08425 -0.146458 0.0358978 -0.46802 0.870758
1548265373.71878 0.441639 -1.57728 2.08716 -0.145815 0.0359072 -0.468757 0.870469
1548265373.75205 0.441853 -1.57714 2.09014 -0.143397 0.0322228 -0.472881 0.868782
1548265373.78555 0.441575 -1.57665 2.09273 -0.14583 0.0330682 -0.471528 0.869081
1548265373.81884 0.441357 -1.57643 2.09545 -0.14529 0.0333865 -0.472466 0.86865
1548265373.85181 0.440812 -1.57588 2.09821 -0.146163 0.0315127 -0.472581 0.86851
1548265373.88532 0.440752 -1.57496 2.10077 -0.148649 0.0308412 -0.470029 0.869497
1548265373.91835 0.440001 -1.57454 2.10349 -0.148625 0.0289027 -0.469354 0.869932
1548265373.95203 0.439537 -1.57447 2.10581 -0.149513 0.0292663 -0.472508 0.868059
1548265373.98509 0.439194 -1.57474 2.10823 -0.148945 0.0293713 -0.468618 0.870259
1548265374.01845 0.439181 -1.57491 2.1104 -0.148994 0.0268456 -0.469029 0.870111
1548265374.05180 0.439822 -1.57543 2.11217 -0.150223 0.0288254 -0.470738 0.868912
1548265374.08531 0.4404 -1.57556 2.11421 -0.142089 0.0214544 -0.478373 0.86632
1548265374.11834 0.443372 -1.57558 2.11548 -0.151734 0.0309006 -0.467296 0.870435
1548265374.15187 0.444784 -1.57609 2.11691 -0.152239 0.0308803 -0.467968 0.869986
1548265374.18538 0.446667 -1.57656 2.11899 -0.148355 0.0273255 -0.473374 0.867849
1548265374.21862 0.449625 -1.57596 2.11988 -0.156222 0.0334756 -0.469886 0.868148
1548265374.25220 0.452061 -1.5743 2.12217 -0.158492 0.0347084 -0.464061 0.870817
1548265374.28537 0.45386 -1.57288 2.1242 -0.160942 0.0346994 -0.467515 0.868518
1548265374.31874 0.455556 -1.57091 2.12633 -0.162556 0.0338927 -0.466318 0.868893
1548265374.35204 0.456608 -1.56934 2.12848 -0.167783 0.0362889 -0.464325 0.868869
1548265374.38553 0.457162 -1.56728 2.13116 -0.166298 0.032365 -0.466272 0.868267
1548265374.41867 0.458175 -1.56438 2.13383 -0.168944 0.0332438 -0.463537 0.869187
1548265374.45209 0.458408 -1.56247 2.13571 -0.171268 0.0314255 -0.463805 0.868657
1548265374.48530 0.458615 -1.56101 2.13764 -0.170878 0.029096 -0.464403 0.868495
1548265374.51849 0.4596 -1.55874 2.13955 -0.173409 0.028852 -0.462469 0.869034
1548265374.55218 0.460276 -1.55744 2.14124 -0.173864 0.0274802 -0.461215 0.869653
1548265374.58541 0.461628 -1.55608 2.14331 -0.174173 0.0268605 -0.462139 0.86912
1548265374.61891 0.462463 -1.55555 2.14504 -0.172441 0.0249873 -0.460065 0.870621
1548265374.65201 0.464197 -1.55489 2.1462 -0.175738 0.0269708 -0.459537 0.870181
1548265374.68540 0.465967 -1.55428 2.14747 -0.176191 0.0302539 -0.460737 0.869346
1548265374.71850 0.467529 -1.55352 2.14845 -0.175264 0.0296688 -0.460931 0.869451
1548265374.75201 0.469426 -1.55244 2.14909 -0.176596 0.0284397 -0.460685 0.869353
1548265374.78524 0.471284 -1.5519 2.14945 -0.176751 0.0316963 -0.458406 0.870413
1548265374.81868 0.473226 -1.5512 2.14971 -0.176539 0.0328391 -0.458631 0.870295
1548265374.85164 0.474252 -1.55083 2.14962 -0.175621 0.0318711 -0.456787 0.871486
1548265374.88503 0.475128 -1.54994 2.14943 -0.176308 0.0307555 -0.456745 0.871409
1548265374.91860 0.475513 -1.54986 2.1492 -0.176131 0.0315117 -0.45511 0.872273
1548265374.95204 0.475928 -1.54972 2.14858 -0.174917 0.0305313 -0.45599 0.872092
1548265374.98509 0.476059 -1.54975 2.14795 -0.173728 0.0304837 -0.453807 0.873469
1548265375.01839 0.475892 -1.54999 2.14717 -0.171804 0.0294522 -0.45348 0.874055
1548265375.05197 0.475713 -1.55057 2.14604 -0.172183 0.0319654 -0.452833 0.874227
1548265375.08547 0.475423 -1.55123 2.14507 -0.169156 0.0295406 -0.451952 0.875359
1548265375.11869 0.475199 -1.55213 2.14382 -0.167414 0.0284937 -0.451146 0.876144
1548265375.15214 0.47547 -1.55289 2.14243 -0.165358 0.0303594 -0.451285 0.8764
1548265375.18524 0.475502 -1.55431 2.1408 -0.164153 0.0306912 -0.451355 0.876579
1548265375.21863 0.475637 -1.55565 2.13917 -0.160439 0.0307841 -0.449846 0.878038
1548265375.25198 0.475877 -1.55656 2.13738 -0.15867 0.0305275 -0.44897 0.878816
1548265375.28525 0.476044 -1.55731 2.13557 -0.156879 0.0303391 -0.447713 0.879785
1548265375.31885 0.47653 -1.55785 2.13368 -0.155971 0.0323857 -0.446309 0.880587
1548265375.35211 0.47678 -1.55828 2.13186 -0.153791 0.0305065 -0.447714 0.880324
1548265375.38559 0.476916 -1.55868 2.13019 -0.153346 0.0307953 -0.445368 0.88158
1548265375.41854 0.477474 -1.55868 2.12891 -0.152515 0.0312729 -0.442885 0.882958
1548265375.45196 0.478029 -1.55842 2.12735 -0.153433 0.0310249 -0.440777 0.883862
1548265375.48516 0.478564 -1.55809 2.1258 -0.152031 0.0304981 -0.441462 0.88378
1548265375.51844 0.479506 -1.55806 2.12424 -0.148915 0.0286933 -0.442038 0.884083
1548265375.55189 0.481034 -1.55774 2.12276 -0.14854 0.030521 -0.439241 0.885478
1548265375.58534 0.482397 -1.55745 2.12103 -0.149165 0.0319314 -0.436713 0.886573
1548265375.61854 0.483318 -1.55761 2.11933 -0.146475 0.0314252 -0.436943 0.886926
1548265375.65180 0.484356 -1.55743 2.11739 -0.14666 0.0312753 -0.43512 0.887797
1548265375.68491 0.485388 -1.55711 2.11556 -0.143927 0.0298598 -0.43271 0.889469
1548265375.71864 0.48626 -1.55722 2.1133 -0.14245 0.0299862 -0.43157 0.890256
1548265375.75169 0.487221 -1.55713 2.11096 -0.141977 0.0316373 -0.430444 0.89082
1548265375.78530 0.487787 -1.55758 2.10846 -0.140367 0.0325485 -0.426966 0.892714
1548265375.81859 0.488386 -1.5583 2.10549 -0.138022 0.0327684 -0.424431 0.894279
1548265375.85214 0.488826 -1.55929 2.10219 -0.133989 0.0318197 -0.424461 0.894912
1548265375.88519 0.489208 -1.5605 2.09856 -0.130611 0.0325173 -0.423681 0.895756
1548265375.91841 0.489419 -1.56155 2.0947 -0.128741 0.0331495 -0.421657 0.896957
1548265375.95203 0.489207 -1.56269 2.09135 -0.124676 0.0320588 -0.419807 0.898438
1548265375.98535 0.488749 -1.5641 2.08795 -0.12432 0.0352287 -0.415592 0.900326
1548265376.01893 0.487996 -1.56489 2.08407 -0.119663 0.0330152 -0.419514 0.899221
1548265376.05224 0.487184 -1.56603 2.08079 -0.11896 0.0340921 -0.414737 0.901487
1548265376.08540 0.486676 -1.56662 2.07772 -0.116948 0.0334741 -0.414365 0.901945
1548265376.11869 0.48641 -1.56715 2.07473 -0.113731 0.0326768 -0.41659 0.90136
1548265376.15223 0.486221 -1.5676 2.07196 -0.112751 0.033168 -0.413935 0.902688
1548265376.18518 0.486114 -1.56788 2.06941 -0.110096 0.032357 -0.415339 0.9024
1548265376.21882 0.485878 -1.56827 2.06711 -0.109748 0.034272 -0.414165 0.902911
1548265376.25190 0.485179 -1.56787 2.06517 -0.105506 0.0302537 -0.415901 0.902762
1548265376.28509 0.484698 -1.56759 2.06322 -0.105987 0.0316594 -0.413629 0.903701
1548265376.31866 0.483942 -1.56689 2.061 -0.104751 0.0308121 -0.416158 0.902713
1548265376.35190 0.483602 -1.5658 2.05909 -0.105216 0.0304368 -0.414777 0.903307
1548265376.38527 0.483178 -1.56478 2.05696 -0.104863 0.0303451 -0.414035 0.903692
1548265376.41883 0.482551 -1.56393 2.05419 -0.103288 0.030071 -0.415924 0.903014
1548265376.45189 0.482444 -1.56306 2.05173 -0.102098 0.0285742 -0.414795 0.903717
1548265376.48543 0.482515 -1.56221 2.04922 -0.102144 0.0291486 -0.414743 0.903718
1548265376.51851 0.482006 -1.56147 2.047 -0.0986705 0.02763 -0.415927 0.903607
1548265376.55184 0.481582 -1.56077 2.0447 -0.0986666 0.0268971 -0.414636 0.904222
1548265376.58477 0.481174 -1.56011 2.04221 -0.0992064 0.0273284 -0.415575 0.90372
1548265376.61868 0.480326 -1.56014 2.03987 -0.0977746 0.0260681 -0.414682 0.904323
1548265376.65217 0.479268 -1.56014 2.03711 -0.0969304 0.0262949 -0.414854 0.904328
1548265376.68527 0.47823 -1.56052 2.03449 -0.0946044 0.02494 -0.415138 0.904482
1548265376.71871 0.476774 -1.56124 2.0321 -0.09123 0.0225878 -0.415618 0.90467
1548265376.75212 0.475481 -1.56221 2.02949 -0.0911985 0.0253594 -0.414244 0.90523
1548265376.78546 0.474309 -1.56391 2.02711 -0.0906076 0.0276943 -0.413879 0.905388
1548265376.81850 0.472977 -1.56508 2.02431 -0.0895952 0.0284613 -0.413037 0.90585
1548265376.85206 0.471744 -1.5659 2.02155 -0.0907401 0.0302793 -0.409418 0.907318
1548265376.88538 0.469876 -1.56593 2.01893 -0.0820173 0.0228663 -0.417465 0.904695
1548265376.91887 0.468311 -1.56556 2.01645 -0.0830826 0.0232321 -0.415997 0.905265
1548265376.95210 0.466569 -1.56522 2.01421 -0.0823987 0.0229885 -0.416586 0.905062
1548265376.98543 0.464565 -1.56513 2.01253 -0.0791232 0.0200238 -0.417106 0.905186
1548265377.01879 0.462925 -1.56448 2.01088 -0.0789681 0.0189925 -0.416824 0.905351
1548265377.05184 0.46182 -1.56351 2.00909 -0.0800036 0.0181102 -0.418104 0.904688
1548265377.08526 0.460545 -1.56275 2.00752 -0.0801068 0.0188344 -0.417645 0.904876
1548265377.11862 0.459286 -1.56196 2.00631 -0.077866 0.0161208 -0.418269 0.904836
1548265377.15192 0.458387 -1.56084 2.00491 -0.0780786 0.0157351 -0.418306 0.904808
1548265377.18525 0.457548 -1.5598 2.00337 -0.0801446 0.016374 -0.418483 0.904534
1548265377.21848 0.456645 -1.55919 2.00167 -0.0789328 0.0144126 -0.417984 0.904904
1548265377.25193 0.456164 -1.55891 1.99982 -0.0790106 0.0145644 -0.417751 0.905002
1548265377.28535 0.455762 -1.55893 1.99789 -0.0798768 0.0161988 -0.417311 0.905101
1548265377.31854 0.454676 -1.55907 1.99613 -0.0757545 0.0121279 -0.418255 0.905084
1548265377.35211 0.45408 -1.55889 1.9941 -0.0765898 0.0137708 -0.418354 0.904945
1548265377.38501 0.453207 -1.55901 1.99219 -0.07721 0.0135274 -0.41883 0.904675
1548265377.41900 0.452351 -1.55935 1.99024 -0.0754979 0.0126487 -0.418338 0.90506
1548265377.45218 0.451483 -1.55987 1.98849 -0.0763343 0.0133579 -0.417141 0.905532
1548265377.48566 0.450857 -1.56046 1.98709 -0.0757295 0.0132025 -0.416169 0.906032
1548265377.51864 0.450601 -1.5608 1.98567 -0.0763906 0.0124093 -0.415364 0.906357
1548265377.55208 0.450763 -1.56131 1.98416 -0.076629 0.0117314 -0.413294 0.907292
1548265377.58557 0.450952 -1.56197 1.98263 -0.0765113 0.011273 -0.412868 0.907502
1548265377.61882 0.45159 -1.56273 1.98088 -0.0772987 0.0127604 -0.411771 0.907913
1548265377.65206 0.452054 -1.56366 1.97918 -0.0768112 0.011131 -0.410974 0.908337
1548265377.68558 0.452198 -1.56485 1.97765 -0.0748617 0.0094378 -0.409906 0.909002
1548265377.71861 0.452461 -1.56589 1.97594 -0.075612 0.0112263 -0.409972 0.908889
1548265377.75219 0.452488 -1.56715 1.97462 -0.0734244 0.0100547 -0.408771 0.909623
1548265377.78553 0.452337 -1.56868 1.97359 -0.0725042 0.00894227 -0.407241 0.910394
1548265377.81885 0.452037 -1.57014 1.97282 -0.0729057 0.0100789 -0.407106 0.910411
1548265377.85178 0.451761 -1.57142 1.97229 -0.0721965 0.0096351 -0.407202 0.910429
1548265377.88534 0.451904 -1.57221 1.97225 -0.0753937 0.0109375 -0.404246 0.911472
1548265377.91860 0.451418 -1.57338 1.97219 -0.0744413 0.010329 -0.401083 0.912954
1548265377.95186 0.45173 -1.57411 1.97257 -0.0762032 0.012873 -0.398703 0.913818
1548265377.98540 0.451892 -1.574 1.97294 -0.0722204 0.00875554 -0.401215 0.91309
1548265378.01866 0.452392 -1.57398 1.97371 -0.0726586 0.00798018 -0.400365 0.913436
1548265378.05191 0.452923 -1.574 1.97462 -0.0712945 0.00728976 -0.401123 0.913216
1548265378.08526 0.453386 -1.57408 1.97571 -0.0696733 0.00495588 -0.399804 0.913935
1548265378.11837 0.454274 -1.57353 1.9766 -0.0757902 0.011583 -0.398181 0.914097
1548265378.15193 0.455872 -1.57392 1.97757 -0.0796031 0.0122157 -0.391294 0.916735
1548265378.18530 0.456834 -1.57362 1.97842 -0.0741278 0.00757725 -0.396011 0.915217
1548265378.21857 0.457731 -1.57424 1.97913 -0.0760195 0.00842284 -0.391043 0.917189
1548265378.25228 0.458543 -1.57419 1.97989 -0.0742377 0.00658947 -0.390378 0.917633
1548265378.28553 0.45914 -1.57423 1.98065 -0.0736876 0.00497423 -0.39028 0.917729
1548265378.31871 0.459685 -1.57435 1.98145 -0.0739838 0.00413608 -0.389197 0.918169
1548265378.35209 0.460297 -1.57456 1.98219 -0.0726625 0.00292899 -0.388134 0.918729
1548265378.38561 0.46084 -1.57474 1.98308 -0.0735134 0.00187083 -0.386784 0.919234
1548265378.41879 0.462118 -1.57426 1.98391 -0.0753096 0.00200341 -0.386876 0.919049
1548265378.45216 0.463264 -1.57414 1.98507 -0.0746879 0.000561528 -0.385993 0.919473
1548265378.48513 0.464474 -1.5749 1.98612 -0.0773755 0.00300834 -0.380605 0.92149
1548265378.51867 0.465791 -1.57505 1.98723 -0.0753891 0.00104197 -0.381332 0.921359
1548265378.55206 0.467573 -1.57471 1.98854 -0.0754601 0.000210209 -0.378526 0.92251
1548265378.58555 0.469382 -1.57484 1.99006 -0.0755773 -0.00242987 -0.378981 0.92231
1548265378.61899 0.471653 -1.57364 1.99121 -0.0799754 0.00126987 -0.375619 0.923316
1548265378.65192 0.473286 -1.57271 1.99267 -0.0803348 -0.00161464 -0.373478 0.924152
1548265378.68532 0.47487 -1.57197 1.99438 -0.0763866 -0.00610804 -0.374665 0.923988
1548265378.71827 0.477466 -1.57022 1.99539 -0.0810196 -0.00262158 -0.373118 0.924236
1548265378.75206 0.47948 -1.5686 1.99696 -0.08404 -0.00209158 -0.371673 0.92455
1548265378.78528 0.480519 -1.56769 1.99829 -0.0826353 -0.00597588 -0.370281 0.925218
1548265378.81857 0.481279 -1.56633 1.99982 -0.0836837 -0.00658373 -0.369792 0.925315
1548265378.85193 0.483034 -1.56504 2.00092 -0.0863121 -0.00486697 -0.369078 0.925369
1548265378.88524 0.483573 -1.56425 2.00228 -0.0858449 -0.00703453 -0.367589 0.925991
1548265378.91871 0.483724 -1.56375 2.0036 -0.0876398 -0.0061315 -0.368418 0.9255
1548265378.95187 0.483705 -1.56367 2.00499 -0.0872317 -0.00873359 -0.369907 0.924923
1548265378.98527 0.483666 -1.56375 2.00646 -0.0857432 -0.0101424 -0.369566 0.925184
1548265379.01840 0.483819 -1.5642 2.00793 -0.0853311 -0.00932363 -0.372305 0.924132
1548265379.05193 0.483825 -1.56469 2.00935 -0.0847915 -0.00964657 -0.37273 0.924007
1548265379.08546 0.48374 -1.56545 2.01037 -0.0866309 -0.00954775 -0.372561 0.923906
1548265379.11879 0.484031 -1.56535 2.01158 -0.0878029 -0.00712523 -0.374353 0.923092
1548265379.15224 0.483398 -1.56611 2.01267 -0.0846523 -0.0115366 -0.373235 0.923795
1548265379.18545 0.483795 -1.56602 2.01371 -0.0848161 -0.0116241 -0.373965 0.923483
1548265379.21869 0.484017 -1.5664 2.01436 -0.0841452 -0.012514 -0.373959 0.923535
1548265379.25214 0.484311 -1.56699 2.01548 -0.0873264 -0.00807274 -0.373607 0.923432
1548265379.28599 0.484446 -1.56836 2.0162 -0.0848936 -0.0101144 -0.373326 0.923752
1548265379.31872 0.484427 -1.57007 2.01725 -0.0842211 -0.0088248 -0.375858 0.9228
1548265379.35223 0.484067 -1.57177 2.01823 -0.0828114 -0.00851791 -0.378134 0.922
1548265379.38553 0.483037 -1.57449 2.01903 -0.0767559 -0.0120929 -0.379535 0.921909
1548265379.41855 0.482313 -1.57609 2.01951 -0.0755057 -0.00946843 -0.383519 0.920393
1548265379.45193 0.481876 -1.57773 2.01994 -0.0770291 -0.00899059 -0.380686 0.921447
1548265379.48528 0.481563 -1.57852 2.02018 -0.0795613 -0.00801985 -0.380145 0.921464
1548265379.51853 0.480436 -1.58071 2.02088 -0.0700957 -0.0148804 -0.383717 0.920667
1548265379.55190 0.480879 -1.58172 2.02051 -0.0768847 -0.00806135 -0.380141 0.921693
1548265379.58532 0.48038 -1.58349 2.02064 -0.074236 -0.0102603 -0.379802 0.922027
1548265379.61849 0.480217 -1.5846 2.02102 -0.0704215 -0.0124584 -0.382049 0.921371
1548265379.65192 0.480025 -1.58497 2.02097 -0.0723091 -0.0116305 -0.379599 0.922248
1548265379.68551 0.479657 -1.58507 2.0212 -0.07135 -0.0121324 -0.380369 0.921999
1548265379.71869 0.479228 -1.58454 2.0215 -0.0733126 -0.00999192 -0.381422 0.921435
1548265379.75200 0.477996 -1.58432 2.02151 -0.0752993 -0.00929188 -0.381556 0.921227
1548265379.78532 0.47786 -1.58478 2.02169 -0.0722684 -0.0138642 -0.378285 0.92276
1548265379.81881 0.477059 -1.58517 2.02167 -0.0733325 -0.0124498 -0.377755 0.922913
1548265379.85216 0.476632 -1.58647 2.02242 -0.0725728 -0.0137476 -0.378216 0.922766
1548265379.88555 0.475922 -1.58766 2.02302 -0.0745106 -0.0124318 -0.380395 0.921734
1548265379.91867 0.475116 -1.58955 2.02413 -0.0729566 -0.00873071 -0.381416 0.921479
1548265379.95217 0.47457 -1.59127 2.02484 -0.0719615 -0.0110281 -0.38307 0.920846
1548265379.98545 0.473739 -1.59323 2.02593 -0.0694406 -0.0116375 -0.382944 0.921084
1548265380.01870 0.473567 -1.59448 2.02722 -0.06809 -0.0108337 -0.385523 0.920119
1548265380.05212 0.473395 -1.59549 2.02868 -0.0698765 -0.00746827 -0.386339 0.919676
1548265380.08517 0.47327 -1.59564 2.03032 -0.0721881 -0.00613591 -0.387711 0.91893
1548265380.11834 0.472442 -1.59629 2.03211 -0.069753 -0.00735594 -0.388515 0.918769
1548265380.15212 0.471782 -1.59574 2.03423 -0.07344 -0.00393834 -0.390602 0.917617
1548265380.18551 0.469934 -1.59568 2.03606 -0.0687284 -0.0124596 -0.393764 0.916554
1548265380.21876 0.469042 -1.59448 2.03805 -0.0726681 -0.0113565 -0.392595 0.916766
1548265380.25185 0.468011 -1.59262 2.03979 -0.0765731 -0.0103994 -0.392634 0.916443
1548265380.28524 0.467266 -1.59089 2.04179 -0.079757 -0.00985061 -0.390802 0.91696
1548265380.31874 0.466774 -1.58865 2.04359 -0.0813447 -0.0114362 -0.394441 0.915242
1548265380.35200 0.466265 -1.58793 2.04538 -0.0801678 -0.0136283 -0.396664 0.914355
1548265380.38532 0.466218 -1.5864 2.04726 -0.0799309 -0.0136604 -0.399097 0.913316
1548265380.41868 0.46619 -1.58556 2.04907 -0.0825979 -0.01337 -0.397953 0.913582
1548265380.45207 0.466931 -1.58447 2.05111 -0.0875447 -0.0072879 -0.395644 0.914193
1548265380.48538 0.467023 -1.58349 2.05324 -0.087432 -0.00759019 -0.398274 0.913058
1548265380.51845 0.467371 -1.58285 2.05554 -0.0932952 -0.00449172 -0.39499 0.913925
1548265380.55179 0.467316 -1.58208 2.05767 -0.0916202 -0.00657006 -0.397362 0.913053
1548265380.58525 0.467004 -1.58069 2.06002 -0.0958328 -0.00217778 -0.398385 0.912196
1548265380.61864 0.467509 -1.57987 2.06209 -0.0964406 -0.00675318 -0.398276 0.912157
1548265380.65211 0.467605 -1.57892 2.06388 -0.0993038 -0.007289 -0.398661 0.911677
1548265380.68564 0.467277 -1.57866 2.06515 -0.101005 -0.00717423 -0.397836 0.911851
1548265380.71887 0.467186 -1.57874 2.06538 -0.10311 -0.00709555 -0.395897 0.91246
1548265380.75200 0.466875 -1.57978 2.06391 -0.108483 -0.00652528 -0.393816 0.912742
1548265380.78540 0.465694 -1.58289 2.06141 -0.105184 -0.00521091 -0.400315 0.910306
1548265380.81877 0.463765 -1.58608 2.05685 -0.108444 0.00191528 -0.404412 0.908123
1548265380.85204 0.461683 -1.5915 2.05169 -0.105613 -0.00176698 -0.399094 0.910806
1548265380.88555 0.458673 -1.59648 2.04469 -0.106556 0.000369166 -0.396053 0.912024
1548265380.91860 0.454867 -1.60232 2.0369 -0.103637 0.000389746 -0.397454 0.911751
1548265380.95229 0.451246 -1.60902 2.02879 -0.106832 0.00623861 -0.394301 0.912729
1548265380.98535 0.446877 -1.6149 2.02009 -0.099692 0.00297254 -0.393804 0.913767
1548265381.01865 0.441383 -1.6199 2.0115 -0.0963917 0.00752716 -0.398854 0.911903
1548265381.05191 0.43733 -1.62657 2.00309 -0.0910532 0.00146982 -0.39505 0.914135
1548265381.08523 0.431991 -1.63127 1.99472 -0.0874974 -0.00269412 -0.391171 0.916146
1548265381.11868 0.42677 -1.63518 1.98616 -0.0887016 -0.00106933 -0.391851 0.915742
1548265381.15177 0.421072 -1.64043 1.97826 -0.0850703 -0.000675659 -0.390927 0.916482
1548265381.18525 0.415519 -1.64431 1.97049 -0.0818412 -0.00355436 -0.385517 0.919057
1548265381.21863 0.411397 -1.64774 1.963 -0.0791694 -0.00684109 -0.384838 0.919557
1548265381.25195 0.40693 -1.65205 1.95511 -0.0766315 -0.00563112 -0.384873 0.919766
1548265381.28524 0.403437 -1.65582 1.94721 -0.0762404 -0.00644065 -0.381034 0.92139
1548265381.31875 0.400297 -1.65888 1.93886 -0.0761743 -0.00539762 -0.381089 0.921379
1548265381.35198 0.396516 -1.66325 1.93062 -0.0738317 -0.00389647 -0.381477 0.921417
1548265381.38530 0.392968 -1.66706 1.92167 -0.0711485 -0.00260579 -0.381953 0.921435
1548265381.41863 0.389038 -1.67187 1.91269 -0.0667105 -0.00164507 -0.384445 0.920733
1548265381.45226 0.384919 -1.67619 1.90379 -0.0649585 0.00115292 -0.384116 0.920996
1548265381.48557 0.380208 -1.68042 1.89514 -0.0588241 -0.00076677 -0.389067 0.919329
1548265381.51859 0.375459 -1.68346 1.88603 -0.0606015 0.00203502 -0.385338 0.920781
1548265381.55187 0.36988 -1.68787 1.87777 -0.0540634 -0.00498191 -0.38583 0.920971
1548265381.58556 0.365801 -1.69038 1.86882 -0.0567455 -0.00208879 -0.384364 0.921434
1548265381.61883 0.360524 -1.69344 1.86012 -0.0545215 -0.00511676 -0.382837 0.922192
1548265381.65205 0.355376 -1.696 1.85151 -0.0550735 -0.00764707 -0.379879 0.923364
1548265381.68552 0.350272 -1.699 1.84313 -0.0530347 -0.00777701 -0.379819 0.923507
1548265381.71891 0.345817 -1.70153 1.8347 -0.0524338 -0.0102002 -0.378712 0.923972
1548265381.75213 0.340694 -1.70429 1.82597 -0.0488896 -0.0141439 -0.37649 0.925022
1548265381.78564 0.335099 -1.70459 1.81704 -0.0524501 -0.00885758 -0.382738 0.922324
1548265381.81874 0.33 -1.70642 1.80784 -0.0476428 -0.0180304 -0.375534 0.925408
1548265381.85155 0.325002 -1.70768 1.79883 -0.0456039 -0.0205085 -0.372217 0.926798
1548265381.88539 0.320433 -1.70924 1.78963 -0.0443848 -0.0227744 -0.371905 0.926929
1548265381.91874 0.316105 -1.71116 1.78072 -0.0439955 -0.0225516 -0.372957 0.926531
1548265381.95191 0.31179 -1.71331 1.77267 -0.0405657 -0.0243684 -0.371983 0.927033
1548265381.98531 0.308975 -1.71573 1.76493 -0.0400336 -0.0253378 -0.371983 0.92703
1548265382.01833 0.305882 -1.71883 1.75699 -0.038502 -0.0227399 -0.370969 0.927568
1548265382.05202 0.301446 -1.72173 1.74941 -0.0290564 -0.0248701 -0.372848 0.927104
1548265382.08515 0.297502 -1.72347 1.74202 -0.0276147 -0.0256246 -0.370199 0.928188
1548265382.11853 0.294132 -1.72556 1.73478 -0.0259159 -0.0253862 -0.367734 0.929223
1548265382.15193 0.290507 -1.72713 1.72697 -0.0247128 -0.0273342 -0.369903 0.928339
1548265382.18519 0.286881 -1.72858 1.71949 -0.0222271 -0.0283111 -0.368861 0.928788
1548265382.21890 0.283387 -1.72929 1.71176 -0.0247409 -0.027393 -0.364296 0.930551
1548265382.25218 0.279853 -1.73062 1.70453 -0.0196338 -0.0288166 -0.363078 0.931106
1548265382.28559 0.276895 -1.73026 1.69776 -0.0193985 -0.0337446 -0.354826 0.934122
1548265382.31851 0.274462 -1.72992 1.69107 -0.0225983 -0.0344075 -0.35486 0.934013
1548265382.35199 0.272028 -1.72952 1.68512 -0.0218048 -0.0352547 -0.353452 0.934534
1548265382.38554 0.269931 -1.72906 1.67925 -0.0233541 -0.037644 -0.350597 0.935478
1548265382.41887 0.2676 -1.72829 1.67339 -0.024801 -0.0389834 -0.349817 0.935678
1548265382.45213 0.265498 -1.72698 1.66774 -0.0281114 -0.0433989 -0.342563 0.938071
1548265382.48557 0.264095 -1.72549 1.66226 -0.0347453 -0.0411241 -0.341325 0.938402
1548265382.51890 0.261966 -1.72482 1.65723 -0.0351087 -0.0444939 -0.335835 0.940214
1548265382.55219 0.25946 -1.72536 1.65154 -0.0356988 -0.0446391 -0.333509 0.941013
1548265382.58550 0.256887 -1.72555 1.64621 -0.0379988 -0.0423564 -0.331569 0.941714
1548265382.61887 0.254884 -1.72503 1.64139 -0.0379073 -0.0379797 -0.337372 0.939841
1548265382.65205 0.25387 -1.72271 1.63634 -0.0468993 -0.0364711 -0.330181 0.942046
1548265382.68528 0.25304 -1.72062 1.63144 -0.051191 -0.0328652 -0.330635 0.941796
1548265382.71860 0.252982 -1.71803 1.62614 -0.0589971 -0.0247029 -0.335402 0.939902
1548265382.75187 0.25354 -1.71534 1.62104 -0.0675103 -0.0196413 -0.330445 0.941203
1548265382.78530 0.254185 -1.71288 1.61552 -0.0742757 -0.0119855 -0.334895 0.939247
1548265382.81854 0.255065 -1.71039 1.61012 -0.0838273 -0.00436154 -0.337308 0.937645
1548265382.85165 0.25626 -1.70772 1.60474 -0.0901687 -0.00391493 -0.331343 0.939184
1548265382.88506 0.257079 -1.70605 1.59935 -0.0962476 0.00484673 -0.336609 0.9367
1548265382.91838 0.257907 -1.70581 1.59414 -0.111181 0.0139214 -0.33436 0.935761
1548265382.95178 0.257656 -1.70589 1.58844 -0.0991842 0.0136203 -0.340049 0.935063
1548265382.98513 0.257477 -1.70684 1.58282 -0.10485 0.0228794 -0.340907 0.933952
1548265383.01849 0.256926 -1.70841 1.5779 -0.100408 0.0217676 -0.340323 0.934679
1548265383.05217 0.256109 -1.70937 1.57273 -0.104534 0.0234155 -0.34124 0.933852
1548265383.08545 0.255068 -1.7108 1.56778 -0.107871 0.0262337 -0.333344 0.936247
1548265383.11880 0.253726 -1.71062 1.56205 -0.109208 0.0279254 -0.328403 0.937788
1548265383.15190 0.251952 -1.71028 1.55609 -0.0986757 0.0186909 -0.339174 0.935347
1548265383.18540 0.250702 -1.71038 1.55048 -0.107303 0.0236597 -0.332038 0.936844
1548265383.21884 0.248902 -1.70949 1.54473 -0.0976735 0.0221223 -0.334865 0.936929
1548265383.25225 0.247427 -1.70943 1.53972 -0.101167 0.0204689 -0.337341 0.935707
1548265383.28543 0.245961 -1.70896 1.53481 -0.099066 0.0152261 -0.333251 0.937496
1548265383.31881 0.24516 -1.70835 1.53024 -0.100953 0.0142824 -0.326965 0.93952
1548265383.35166 0.243586 -1.70884 1.5264 -0.0958551 0.0136377 -0.330136 0.938955
1548265383.38543 0.242222 -1.70883 1.52219 -0.0952891 0.0149779 -0.32383 0.941185
1548265383.41876 0.240424 -1.70923 1.51799 -0.0953924 0.0121538 -0.318868 0.942908
1548265383.45185 0.238244 -1.70949 1.51432 -0.0932094 0.0097658 -0.320163 0.942715
1548265383.48499 0.236443 -1.70874 1.51067 -0.0940644 0.00887935 -0.319924 0.942721
1548265383.51857 0.23434 -1.70778 1.50751 -0.0919343 0.0029185 -0.31398 0.944964
1548265383.55193 0.232967 -1.70654 1.50367 -0.0974082 0.00662928 -0.315961 0.943735
1548265383.58501 0.231435 -1.70574 1.50045 -0.102295 0.0101161 -0.316282 0.94308
1548265383.61827 0.229881 -1.70506 1.49727 -0.0984367 0.00436506 -0.315132 0.943919
1548265383.65197 0.229004 -1.7048 1.49443 -0.100794 0.00607285 -0.311698 0.944801
1548265383.68496 0.228532 -1.70402 1.49201 -0.10162 0.005145 -0.312969 0.944297
1548265383.71860 0.228784 -1.70317 1.49022 -0.0986464 0.00242635 -0.311039 0.945261
1548265383.75186 0.229508 -1.70235 1.4897 -0.0999839 0.00175625 -0.308069 0.946094
1548265383.78530 0.230561 -1.70162 1.4904 -0.0995377 0.00186789 -0.307356 0.946373
1548265383.81860 0.231775 -1.70033 1.49236 -0.104153 0.00505383 -0.304557 0.946769
1548265383.85131 0.233366 -1.69767 1.4953 -0.105919 0.00269035 -0.303218 0.947013
1548265383.88535 0.234556 -1.69515 1.50004 -0.109193 0.00574882 -0.305307 0.945955
1548265383.91889 0.23562 -1.69201 1.50605 -0.1102 0.00224953 -0.304059 0.946255
1548265383.95207 0.23757 -1.68795 1.51269 -0.1158 -0.000134173 -0.300642 0.946681
1548265383.98549 0.239429 -1.68454 1.52003 -0.118947 -0.00119552 -0.302268 0.945772
1548265384.01882 0.241928 -1.68141 1.52798 -0.119568 -0.0030638 -0.302093 0.945745
1548265384.05234 0.244324 -1.67812 1.53554 -0.124979 -0.00349909 -0.29541 0.947154
1548265384.08564 0.246958 -1.67484 1.54273 -0.127221 -0.00232859 -0.301176 0.945041
1548265384.11868 0.249307 -1.67282 1.54998 -0.12876 -0.000230724 -0.303566 0.94407
1548265384.15206 0.251912 -1.66992 1.55646 -0.134252 0.000738737 -0.296228 0.945635
1548265384.18549 0.254146 -1.66757 1.5626 -0.136073 0.00287867 -0.297566 0.94495
1548265384.21885 0.256132 -1.6657 1.56797 -0.136883 0.00385405 -0.301845 0.943471
1548265384.25207 0.258041 -1.66308 1.57285 -0.137226 0.000256473 -0.29529 0.945501
1548265384.28530 0.260107 -1.6609 1.57701 -0.143618 0.00508878 -0.29469 0.944725
1548265384.31851 0.261217 -1.66031 1.58097 -0.143142 0.00670292 -0.296337 0.944272
1548265384.35184 0.26204 -1.65952 1.58464 -0.138467 0.00255398 -0.295901 0.945126
1548265384.38517 0.263156 -1.65865 1.58766 -0.140508 0.00457034 -0.294528 0.945246
1548265384.41860 0.263488 -1.65857 1.58988 -0.138297 0.0045625 -0.2982 0.94442
1548265384.45197 0.263274 -1.65822 1.59175 -0.135314 0.0026826 -0.299694 0.944387
1548265384.48534 0.263272 -1.65767 1.5932 -0.137983 0.00372615 -0.296893 0.944881
1548265384.51844 0.263001 -1.65674 1.59422 -0.141204 0.0062188 -0.298568 0.943864
1548265384.55206 0.262349 -1.65576 1.59524 -0.140211 0.00456024 -0.299274 0.943798
1548265384.58543 0.261672 -1.65467 1.59582 -0.139949 0.00424972 -0.300436 0.943469
1548265384.61840 0.260911 -1.65385 1.59634 -0.14015 0.00422975 -0.303872 0.942338
1548265384.65203 0.260232 -1.65272 1.59665 -0.141513 0.00302752 -0.303289 0.942327
1548265384.68563 0.259739 -1.6514 1.59696 -0.141331 0.00211472 -0.305284 0.941713
1548265384.71881 0.259494 -1.65048 1.59724 -0.143385 0.00462011 -0.307123 0.940795
1548265384.75228 0.259223 -1.64999 1.5981 -0.143206 0.00477583 -0.308078 0.940509
1548265384.78543 0.259023 -1.64994 1.59979 -0.139768 0.00365673 -0.309137 0.940684
1548265384.81830 0.258934 -1.64985 1.60195 -0.137142 0.00691396 -0.310744 0.940522
1548265384.85158 0.258979 -1.64986 1.60495 -0.137099 0.00912436 -0.317724 0.938175
1548265384.88550 0.259027 -1.64995 1.60891 -0.136988 0.00999125 -0.319826 0.937468
1548265384.91886 0.259053 -1.64991 1.6137 -0.135598 0.00984989 -0.320247 0.937528
1548265384.95236 0.25895 -1.64968 1.61875 -0.135998 0.0103462 -0.324579 0.935973
1548265384.98543 0.258999 -1.64899 1.62402 -0.137576 0.0108169 -0.326026 0.935234
1548265385.01865 0.259092 -1.64742 1.62946 -0.13827 0.00965347 -0.323828 0.935908
1548265385.05193 0.25866 -1.64665 1.63458 -0.136615 0.00716802 -0.330479 0.933846
1548265385.08551 0.258719 -1.64518 1.63914 -0.138157 0.00709888 -0.334267 0.93227
1548265385.11845 0.258737 -1.64406 1.64335 -0.13853 0.00435772 -0.336086 0.931577
1548265385.15204 0.258951 -1.64267 1.64694 -0.142567 0.00743146 -0.33927 0.929793
1548265385.18538 0.25876 -1.64214 1.65043 -0.140276 0.00344391 -0.341101 0.929495
1548265385.21873 0.259013 -1.64053 1.65316 -0.143902 0.00456647 -0.339205 0.92963
1548265385.25175 0.259251 -1.6396 1.65617 -0.140114 0.000277119 -0.342655 0.928954
1548265385.28547 0.259577 -1.63865 1.65842 -0.139453 -0.00056427 -0.344232 0.92847
1548265385.31853 0.259979 -1.63781 1.66102 -0.136954 -0.003849 -0.341747 0.929752
1548265385.35204 0.260589 -1.63723 1.66302 -0.13671 -0.00401605 -0.341676 0.929813
1548265385.38515 0.261433 -1.63699 1.66471 -0.133662 -0.00385779 -0.3474 0.928134
1548265385.41866 0.262466 -1.63723 1.66584 -0.132524 -0.0042206 -0.346055 0.928798
1548265385.45248 0.263747 -1.63744 1.66689 -0.129893 -0.00569058 -0.341362 0.930896
1548265385.48556 0.265519 -1.63768 1.66788 -0.12356 -0.00690768 -0.345189 0.930339
1548265385.51869 0.267538 -1.63742 1.66828 -0.12411 -0.00291522 -0.344303 0.930615
1548265385.55231 0.269007 -1.63756 1.66861 -0.120581 -0.00318313 -0.339774 0.93274
1548265385.58565 0.270848 -1.63697 1.66904 -0.121373 -0.000342023 -0.33913 0.932877
1548265385.61880 0.272844 -1.63597 1.66913 -0.118745 0.00111437 -0.341567 0.932325
1548265385.65229 0.27416 -1.63525 1.66928 -0.118473 0.00188542 -0.338169 0.933596
1548265385.68553 0.275312 -1.63436 1.66963 -0.115425 0.00105227 -0.337543 0.934206
1548265385.71871 0.276646 -1.63323 1.66979 -0.113835 0.002607 -0.341032 0.93313
1548265385.75214 0.278033 -1.6316 1.66989 -0.114816 0.00204586 -0.341896 0.932695
