# ground truth trajectory
# timestamp tx ty tz qx qy qz qw
1548265478.15296 0.594024 -1.46763 1.62201 -0.091255 -0.0890195 0.0277777 0.991452
1548265478.18648 0.593054 -1.46778 1.62436 -0.0908206 -0.0897244 0.0274677 0.991437
1548265478.21983 0.591873 -1.46865 1.6269 -0.0917986 -0.0898386 0.0238597 0.99143
1548265478.25316 0.590681 -1.47036 1.63036 -0.0900813 -0.088622 0.0199355 0.991783
1548265478.28653 0.588706 -1.47204 1.63422 -0.0928536 -0.0897862 0.0147009 0.991514
1548265478.32013 0.586386 -1.47455 1.63905 -0.0916076 -0.0875655 0.0102313 0.991885
1548265478.35308 0.584206 -1.47762 1.64438 -0.0886689 -0.0841041 0.00506897 0.992491
1548265478.38664 0.582881 -1.48105 1.65013 -0.0856761 -0.0851671 -0.000445802 0.992676
1548265478.41984 0.582182 -1.48395 1.65604 -0.0873188 -0.0846427 -0.00406083 0.99257
1548265478.45329 0.580595 -1.48753 1.66183 -0.0838534 -0.0876643 -0.00501039 0.992602
1548265478.48634 0.581336 -1.49147 1.66765 -0.0821365 -0.0842475 -0.00402818 0.993046
1548265478.51963 0.582988 -1.49595 1.6739 -0.0791517 -0.0796653 -0.00897306 0.993634
1548265478.55330 0.583712 -1.49954 1.68045 -0.0771822 -0.0731414 -0.0106967 0.994273
1548265478.58663 0.583361 -1.50151 1.68717 -0.0775725 -0.0741844 -0.012778 0.994141
1548265478.61971 0.582783 -1.50284 1.69423 -0.078166 -0.0713834 -0.0152833 0.994264
1548265478.65297 0.581768 -1.50364 1.70168 -0.0803041 -0.0715881 -0.0183634 0.994027
1548265478.68640 0.579428 -1.50372 1.70981 -0.0782278 -0.0730066 -0.0180431 0.994095
1548265478.71974 0.576666 -1.50238 1.71729 -0.0821149 -0.0731874 -0.0185387 0.993759
1548265478.75293 0.57352 -1.50125 1.72488 -0.0838148 -0.0760782 -0.0192453 0.993387
1548265478.78637 0.570335 -1.49966 1.73201 -0.0858407 -0.0753081 -0.0212832 0.993231
1548265478.81971 0.567313 -1.49832 1.73915 -0.087597 -0.0775687 -0.0222907 0.992881
1548265478.85308 0.564353 -1.49767 1.74592 -0.0881953 -0.0789204 -0.0158534 0.992845
1548265478.88620 0.561812 -1.49703 1.75276 -0.0930735 -0.0825083 -0.021081 0.992011
1548265478.91934 0.558977 -1.49704 1.75955 -0.0938471 -0.0825185 -0.0219184 0.991919
1548265478.95288 0.556243 -1.49801 1.76664 -0.0928128 -0.0865038 -0.0154044 0.991799
1548265478.98642 0.553357 -1.49914 1.77389 -0.0919686 -0.0864571 -0.0111941 0.991938
1548265479.01926 0.550209 -1.50048 1.78109 -0.09441 -0.09212 -0.0161133 0.991131
1548265479.05319 0.5473 -1.50274 1.78864 -0.092512 -0.0903082 -0.0174739 0.991454
1548265479.08639 0.546081 -1.50522 1.79592 -0.0912438 -0.0883513 -0.0125662 0.991822
1548265479.11983 0.545593 -1.50707 1.80286 -0.0910887 -0.0908058 -0.00994727 0.991644
1548265479.15318 0.544647 -1.5095 1.80971 -0.0923197 -0.0868954 -0.0139284 0.991833
1548265479.18648 0.542858 -1.51324 1.81705 -0.0907477 -0.0911194 -0.0129315 0.991612
1548265479.21986 0.541653 -1.51813 1.82542 -0.0871189 -0.0859996 -0.0113777 0.992414
1548265479.25327 0.54091 -1.52439 1.8342 -0.0851567 -0.0839367 -0.0196011 0.992632
1548265479.28667 0.539309 -1.53028 1.84332 -0.0811999 -0.0838184 -0.0161822 0.993035
1548265479.31983 0.537398 -1.53474 1.85202 -0.0809359 -0.0836966 -0.0140084 0.9931
1548265479.35308 0.534759 -1.53934 1.86061 -0.0765229 -0.0853119 -0.0180376 0.993248
1548265479.38634 0.53082 -1.54158 1.8676 -0.0768862 -0.0876954 -0.0118978 0.993104
1548265479.41964 0.526329 -1.54317 1.87394 -0.0762687 -0.0898541 -0.0088787 0.992991
1548265479.45295 0.520235 -1.54505 1.87982 -0.0780616 -0.0927118 -0.0109551 0.992568
1548265479.48623 0.513575 -1.54721 1.88566 -0.0784811 -0.0953524 -0.0197298 0.992149
1548265479.51925 0.505881 -1.54929 1.89124 -0.0793364 -0.101979 -0.0196968 0.991422
1548265479.55316 0.498901 -1.55233 1.89717 -0.0777878 -0.107488 -0.0142544 0.991056
1548265479.58629 0.494283 -1.55491 1.90351 -0.0784992 -0.109485 -0.0180425 0.99072
1548265479.61982 0.49122 -1.55748 1.9104 -0.0788772 -0.112372 -0.0126547 0.99045
1548265479.65299 0.489592 -1.55927 1.9168 -0.0819439 -0.114447 -0.0144647 0.989938
1548265479.68640 0.490061 -1.56069 1.92312 -0.083377 -0.111153 -0.0190875 0.990116
1548265479.71957 0.49148 -1.5622 1.92913 -0.0845526 -0.110555 -0.012856 0.990183
1548265479.75295 0.494056 -1.56468 1.93442 -0.0887631 -0.109701 -0.0115107 0.989926
1548265479.78646 0.497474 -1.56952 1.93924 -0.0865826 -0.104835 -0.0175421 0.990558
1548265479.81974 0.500366 -1.57541 1.9433 -0.0864552 -0.104791 -0.0160254 0.9906
1548265479.85313 0.503487 -1.58147 1.94636 -0.0871793 -0.104691 -0.0127713 0.990594
1548265479.88633 0.506209 -1.58868 1.94833 -0.0855502 -0.106223 -0.0142526 0.990553
1548265479.91976 0.508425 -1.59575 1.94949 -0.0871369 -0.106518 -0.0121777 0.990411
1548265479.95320 0.51072 -1.60221 1.94964 -0.0866096 -0.104291 -0.0137383 0.990673
1548265479.98658 0.512634 -1.60839 1.94905 -0.0883955 -0.105343 -0.0141102 0.990399
1548265480.01928 0.514426 -1.61357 1.94804 -0.0876462 -0.105635 -0.0149044 0.990423
1548265480.05329 0.515522 -1.61827 1.94666 -0.0906825 -0.109059 -0.0158712 0.989763
1548265480.08650 0.516148 -1.62285 1.94441 -0.0929685 -0.111572 -0.0170922 0.98925
1548265480.11984 0.516966 -1.62758 1.94136 -0.0930231 -0.113493 -0.014873 0.989063
1548265480.15310 0.518057 -1.63284 1.93794 -0.0946011 -0.115746 -0.0171795 0.988614
1548265480.18651 0.520351 -1.63918 1.93499 -0.0936983 -0.116559 -0.0193764 0.988564
1548265480.21988 0.523595 -1.64567 1.93201 -0.0923578 -0.118351 -0.0199991 0.988465
1548265480.25294 0.528263 -1.6528 1.92925 -0.0907161 -0.117556 -0.0225249 0.988658
1548265480.28629 0.534216 -1.65968 1.92649 -0.0895683 -0.116234 -0.0233245 0.9889
1548265480.31981 0.541088 -1.66677 1.92422 -0.0864083 -0.113409 -0.0211613 0.989558
1548265480.35295 0.548062 -1.67317 1.92124 -0.0874983 -0.110783 -0.0230256 0.989718
1548265480.38633 0.555047 -1.67974 1.91785 -0.0847825 -0.108264 -0.0263046 0.990151
1548265480.41984 0.56116 -1.68512 1.91398 -0.0826719 -0.107073 -0.0242582 0.990511
1548265480.45305 0.566627 -1.68935 1.90935 -0.083663 -0.105653 -0.0287151 0.990461
1548265480.48628 0.571163 -1.69381 1.90448 -0.0812974 -0.105588 -0.0285149 0.990671
1548265480.51956 0.57526 -1.69781 1.89941 -0.0822918 -0.106291 -0.0286206 0.990511
1548265480.55296 0.579965 -1.70232 1.89501 -0.0817815 -0.102632 -0.0308154 0.990873
1548265480.58631 0.584081 -1.70789 1.89096 -0.0814151 -0.102547 -0.0328791 0.990845
1548265480.61978 0.588181 -1.71385 1.88828 -0.086262 -0.0980139 -0.0312224 0.990948
1548265480.65321 0.592837 -1.72064 1.88592 -0.0793863 -0.0979545 -0.0367457 0.991339
1548265480.68659 0.597515 -1.72834 1.8846 -0.0763442 -0.0947095 -0.0382852 0.991835
1548265480.71983 0.602293 -1.73567 1.88376 -0.0840228 -0.0887882 -0.0349269 0.991886
1548265480.75318 0.606584 -1.74354 1.88191 -0.0724112 -0.091727 -0.0367708 0.992467
1548265480.78668 0.610559 -1.75056 1.87905 -0.0894752 -0.0851049 -0.031312 0.991852
1548265480.82006 0.614976 -1.75906 1.87519 -0.0721354 -0.0887633 -0.0353635 0.992808
1548265480.85328 0.618742 -1.76671 1.87047 -0.071006 -0.0868758 -0.0349994 0.993069
1548265480.88658 0.622401 -1.77433 1.86515 -0.0839717 -0.0798444 -0.0321214 0.992745
1548265480.91987 0.625988 -1.78259 1.85873 -0.0716354 -0.0821611 -0.0360906 0.993386
1548265480.95320 0.628927 -1.7906 1.85153 -0.0658157 -0.084112 -0.0362429 0.99362
1548265480.98664 0.631803 -1.79891 1.84478 -0.0669943 -0.0799576 -0.0354599 0.993912
1548265481.01943 0.634549 -1.80751 1.83754 -0.0558493 -0.0800859 -0.0416852 0.994349
1548265481.05291 0.63653 -1.81508 1.83037 -0.0561927 -0.080152 -0.0390828 0.99443
1548265481.08635 0.638501 -1.82283 1.82351 -0.0535547 -0.0809763 -0.036932 0.994591
1548265481.11951 0.640782 -1.83026 1.8169 -0.0515929 -0.0796645 -0.0391035 0.994717
1548265481.15309 0.642567 -1.83725 1.81059 -0.049511 -0.0794134 -0.0374026 0.994909
1548265481.18634 0.64451 -1.84365 1.80452 -0.0496003 -0.0786503 -0.0348894 0.995056
1548265481.21976 0.646707 -1.85014 1.79911 -0.0479261 -0.0771357 -0.0349334 0.995255
1548265481.25310 0.648279 -1.85657 1.79435 -0.0447074 -0.0742632 -0.0327736 0.995697
1548265481.28648 0.649557 -1.8621 1.78971 -0.0475374 -0.0737107 -0.0325528 0.995614
1548265481.31973 0.650369 -1.8678 1.78592 -0.0444907 -0.0713374 -0.0319445 0.995947
1548265481.35261 0.649996 -1.87259 1.78196 -0.0478264 -0.0722224 -0.0304978 0.995774
1548265481.38639 0.649068 -1.87754 1.77843 -0.0486206 -0.0709032 -0.0292836 0.995867
1548265481.41970 0.647861 -1.88236 1.77473 -0.0500138 -0.0700179 -0.0296464 0.99585
1548265481.45289 0.646074 -1.88711 1.77111 -0.049765 -0.0704452 -0.0289183 0.995854
1548265481.48620 0.644471 -1.89211 1.76723 -0.0476031 -0.0682075 -0.0301322 0.996079
1548265481.51939 0.642174 -1.89694 1.76253 -0.0491216 -0.068456 -0.030539 0.995976
1548265481.55304 0.639329 -1.90172 1.75736 -0.051721 -0.0673022 -0.0337313 0.99582
1548265481.58651 0.636244 -1.9067 1.75201 -0.0493639 -0.0672413 -0.0355392 0.995881
1548265481.61968 0.632872 -1.9114 1.74595 -0.0485612 -0.0671963 -0.033873 0.995982
1548265481.65314 0.629756 -1.91596 1.73908 -0.0487579 -0.0676327 -0.0388274 0.995762
1548265481.68643 0.627363 -1.92029 1.73161 -0.0472902 -0.0662387 -0.0415815 0.995815
1548265481.71979 0.625289 -1.92421 1.72384 -0.0448513 -0.0636539 -0.0415165 0.996099
1548265481.75299 0.623678 -1.92872 1.71543 -0.0428145 -0.0613564 -0.0422962 0.9963
1548265481.78657 0.622531 -1.93325 1.70658 -0.0382933 -0.0601644 -0.0430146 0.996526
1548265481.81969 0.621597 -1.93668 1.69682 -0.0386284 -0.0602044 -0.0433802 0.996495
1548265481.85280 0.620564 -1.93963 1.68705 -0.0348836 -0.0597663 -0.0408622 0.996765
1548265481.88616 0.620031 -1.94203 1.6771 -0.0321083 -0.0578216 -0.0387254 0.997059
1548265481.91966 0.620001 -1.94417 1.66737 -0.0281822 -0.05526 -0.0423818 0.997174
1548265481.95293 0.619224 -1.94523 1.6581 -0.025435 -0.0534928 -0.0408289 0.997409
1548265481.98627 0.618461 -1.94568 1.64946 -0.0230508 -0.0521746 -0.038913 0.997613
1548265482.01929 0.617313 -1.94525 1.64135 -0.0219558 -0.0531786 -0.0379005 0.997624
1548265482.05301 0.615988 -1.94395 1.63391 -0.0195563 -0.053608 -0.0344844 0.997775
1548265482.08635 0.614625 -1.94171 1.62678 -0.0202006 -0.0525463 -0.0326146 0.997881
1548265482.11974 0.612729 -1.93899 1.62003 -0.0211732 -0.0532751 -0.0312218 0.997867
1548265482.15305 0.61115 -1.9362 1.61336 -0.0221488 -0.052446 -0.0313567 0.997886
1548265482.18655 0.609333 -1.93349 1.60678 -0.0223893 -0.0519233 -0.0327328 0.997863
1548265482.21969 0.607315 -1.93082 1.60007 -0.0224093 -0.0516134 -0.0324861 0.997887
1548265482.25324 0.604975 -1.92846 1.59304 -0.0220211 -0.0516603 -0.0330519 0.997875
1548265482.28647 0.60226 -1.92697 1.58571 -0.0318638 -0.0435333 -0.0365046 0.997876
1548265482.31969 0.600823 -1.92531 1.57766 -0.0229836 -0.0453487 -0.0414086 0.997848
1548265482.35312 0.59923 -1.92412 1.56902 -0.0217606 -0.0422665 -0.0448315 0.997863
1548265482.38631 0.596916 -1.92218 1.56025 -0.0216806 -0.0417179 -0.0410825 0.998049
1548265482.41957 0.594443 -1.92014 1.55134 -0.0228345 -0.0424981 -0.0419806 0.997953
1548265482.45323 0.592153 -1.91873 1.54224 -0.0242983 -0.0367286 -0.0506769 0.997744
1548265482.48649 0.589205 -1.91776 1.53368 -0.0224976 -0.0379967 -0.0520031 0.99767
1548265482.51967 0.585612 -1.91778 1.52591 -0.0208555 -0.0392924 -0.0498568 0.997765
1548265482.55325 0.582521 -1.91834 1.51976 -0.0195109 -0.0397137 -0.052826 0.997623
1548265482.58662 0.579076 -1.91959 1.5154 -0.017382 -0.042625 -0.0529309 0.997537
1548265482.61986 0.575544 -1.92153 1.51304 -0.0164973 -0.0450434 -0.0555585 0.997302
1548265482.65271 0.571353 -1.92359 1.51348 -0.0127829 -0.0495321 -0.0530605 0.99728
1548265482.68637 0.567376 -1.92543 1.51601 -0.012649 -0.0541686 -0.0535524 0.997015
1548265482.71965 0.564168 -1.92656 1.52039 -0.0156288 -0.0576496 -0.056647 0.996606
1548265482.75290 0.561772 -1.92746 1.52662 -0.0146151 -0.0631193 -0.053559 0.996461
1548265482.78621 0.560877 -1.92762 1.53387 -0.0175543 -0.0675121 -0.0492186 0.996349
1548265482.81981 0.561819 -1.92787 1.54181 -0.0195605 -0.0674575 -0.0464365 0.996449
1548265482.85295 0.563231 -1.92762 1.55008 -0.0219913 -0.0665022 -0.0415189 0.996679
1548265482.88627 0.565213 -1.92667 1.55865 -0.0265709 -0.0686624 -0.037019 0.996599
1548265482.91972 0.56679 -1.92569 1.56743 -0.0301036 -0.0685162 -0.0318254 0.996688
1548265482.95286 0.568346 -1.92498 1.57605 -0.0327337 -0.0688225 -0.0307824 0.996616
1548265482.98643 0.569705 -1.92404 1.58452 -0.0381548 -0.070642 -0.025439 0.996447
1548265483.01950 0.571179 -1.92415 1.59336 -0.05093 -0.0662778 -0.0161853 0.996369
1548265483.05331 0.572132 -1.92389 1.6013 -0.0518555 -0.0664434 -0.0248686 0.996131
1548265483.08653 0.574089 -1.92344 1.60966 -0.0467869 -0.071731 -0.0180219 0.996163
1548265483.11996 0.575733 -1.9235 1.6185 -0.0473894 -0.0749778 -0.0125283 0.99598
1548265483.15324 0.578312 -1.92396 1.62755 -0.0509344 -0.0719232 -0.0145442 0.996003
1548265483.18666 0.58059 -1.92401 1.6369 -0.0552409 -0.0720809 -0.0144739 0.995763
1548265483.21993 0.582777 -1.92378 1.64676 -0.05972 -0.0702374 -0.0120408 0.995668
1548265483.25333 0.584771 -1.92423 1.6572 -0.070536 -0.0648304 -0.00783463 0.995369
1548265483.28662 0.585961 -1.92341 1.66721 -0.0761216 -0.0645573 -0.0116735 0.994938
1548265483.31996 0.586574 -1.92296 1.67743 -0.0775225 -0.0638908 -0.0130964 0.994855
1548265483.35308 0.58624 -1.92086 1.68725 -0.0775253 -0.0653161 -0.0211651 0.994623
1548265483.38616 0.585369 -1.91984 1.69755 -0.0797307 -0.0665956 -0.0290808 0.994164
1548265483.42002 0.583368 -1.91784 1.70743 -0.0875178 -0.0676931 -0.029987 0.993408
1548265483.45303 0.580825 -1.9151 1.7168 -0.0942568 -0.0694641 -0.0322854 0.992597
1548265483.48641 0.57829 -1.91285 1.7263 -0.0976984 -0.0690349 -0.0372256 0.992121
1548265483.51968 0.575459 -1.9101 1.73526 -0.102773 -0.0694538 -0.0476671 0.991132
1548265483.55298 0.572482 -1.90708 1.74393 -0.110655 -0.0701226 -0.0536507 0.989929
1548265483.58593 0.569486 -1.90483 1.75276 -0.110605 -0.0668007 -0.0673926 0.989324
1548265483.61970 0.565834 -1.90141 1.76097 -0.115589 -0.0658628 -0.0740453 0.988341
1548265483.65302 0.562052 -1.89749 1.76864 -0.121945 -0.0658336 -0.0813107 0.987008
1548265483.68640 0.558185 -1.89375 1.7758 -0.127993 -0.0645462 -0.0904848 0.985527
1548265483.71990 0.553948 -1.89044 1.78264 -0.130741 -0.0636527 -0.0982505 0.984481
1548265483.75313 0.549582 -1.88735 1.7888 -0.133634 -0.0618931 -0.108244 0.983155
1548265483.78643 0.544544 -1.88436 1.79415 -0.136828 -0.0621289 -0.118587 0.981507
1548265483.81983 0.539777 -1.88175 1.79885 -0.139212 -0.0590989 -0.128588 0.980098
1548265483.85314 0.535321 -1.87972 1.80306 -0.139571 -0.0569533 -0.140625 0.97852
1548265483.88658 0.53081 -1.87798 1.80622 -0.141288 -0.0534674 -0.152257 0.976728
1548265483.91997 0.526703 -1.87723 1.80934 -0.137609 -0.049165 -0.16701 0.975066
1548265483.95328 0.522587 -1.87561 1.8115 -0.142561 -0.044666 -0.175012 0.973166
1548265483.98659 0.518268 -1.87456 1.81376 -0.141709 -0.0428097 -0.185588 0.971413
1548265484.01981 0.513866 -1.87435 1.81523 -0.140806 -0.0392392 -0.195085 0.969833
1548265484.05336 0.509875 -1.87349 1.81557 -0.144676 -0.035049 -0.20319 0.967757
1548265484.08650 0.505994 -1.8736 1.81576 -0.137731 -0.0350847 -0.210136 0.967286
1548265484.11985 0.502603 -1.87316 1.8147 -0.136517 -0.0284781 -0.21392 0.966846
1548265484.15314 0.49933 -1.87349 1.81345 -0.140573 -0.030374 -0.225 0.963687
1548265484.18660 0.496185 -1.87407 1.81146 -0.137041 -0.0299013 -0.228038 0.963496
1548265484.22000 0.493566 -1.87456 1.80857 -0.136969 -0.0261979 -0.23307 0.962409
1548265484.25293 0.491102 -1.87613 1.8054 -0.133666 -0.0246715 -0.238718 0.961529
1548265484.28585 0.488995 -1.87748 1.80166 -0.130313 -0.0241007 -0.239546 0.961798
1548265484.31970 0.48737 -1.87917 1.79743 -0.127198 -0.022146 -0.242203 0.961597
1548265484.35303 0.486145 -1.88128 1.79273 -0.124282 -0.0187343 -0.244219 0.96154
1548265484.38651 0.484735 -1.88338 1.78797 -0.121551 -0.0177861 -0.244222 0.961907
1548265484.41938 0.483746 -1.88448 1.7833 -0.118627 -0.0168282 -0.245505 0.961962
1548265484.45302 0.482874 -1.88571 1.77844 -0.116737 -0.0139951 -0.247225 0.961798
1548265484.48618 0.481968 -1.88639 1.77377 -0.113424 -0.0150532 -0.249894 0.961489
1548265484.51972 0.481379 -1.88675 1.76931 -0.110358 -0.0139906 -0.250714 0.961649
1548265484.55308 0.481169 -1.88617 1.76444 -0.111709 -0.0107258 -0.252006 0.961197
1548265484.58640 0.480439 -1.88583 1.75979 -0.109943 -0.0104714 -0.252508 0.961271
1548265484.61984 0.480185 -1.88493 1.75529 -0.107321 -0.0108725 -0.25427 0.961099
1548265484.65323 0.480101 -1.88369 1.7504 -0.107877 -0.00917464 -0.254567 0.960976
1548265484.68648 0.480326 -1.88257 1.74527 -0.108005 -0.0074028 -0.256989 0.960332
1548265484.71995 0.480841 -1.88121 1.73992 -0.107506 -0.00741332 -0.258778 0.959907
1548265484.75313 0.481339 -1.87938 1.7346 -0.106909 -0.0064772 -0.258599 0.960029
1548265484.78647 0.481938 -1.87717 1.72936 -0.106627 -0.00502465 -0.258998 0.959961
1548265484.81976 0.483033 -1.8758 1.72421 -0.103327 -0.0033769 -0.261744 0.959584
1548265484.85309 0.48475 -1.87492 1.71908 -0.102763 -0.000203301 -0.264467 0.958904
1548265484.88638 0.486256 -1.87399 1.7138 -0.1007 0.000968508 -0.266125 0.958664
1548265484.91986 0.4876 -1.87275 1.70823 -0.0988805 0.00493532 -0.269529 0.95789
1548265484.95314 0.488806 -1.87156 1.70185 -0.0998582 0.0101189 -0.27204 0.957037
1548265484.98665 0.488588 -1.86993 1.69443 -0.0973746 0.0101997 -0.27507 0.956426
1548265485.01971 0.487629 -1.86827 1.68658 -0.0935015 0.00660536 -0.270859 0.958044
1548265485.05302 0.486421 -1.86639 1.67722 -0.0931254 0.00898776 -0.275022 0.956875
1548265485.08597 0.484646 -1.86505 1.66718 -0.0864779 0.00988785 -0.282416 0.955335
1548265485.11960 0.482421 -1.86277 1.65635 -0.0862309 0.00958901 -0.285193 0.954535
1548265485.15311 0.479879 -1.86142 1.64715 -0.0758672 0.00482961 -0.284405 0.955686
1548265485.18644 0.47932 -1.86166 1.63766 -0.0784789 0.00834852 -0.290547 0.9536
1548265485.21971 0.47915 -1.86316 1.62993 -0.0715485 0.0116617 -0.295904 0.952463
1548265485.25311 0.479585 -1.86554 1.62294 -0.067646 0.0158099 -0.29973 0.951492
1548265485.28622 0.479568 -1.86664 1.61669 -0.0631051 0.01797 -0.301338 0.951257
1548265485.31959 0.479722 -1.86684 1.61047 -0.0620293 0.017824 -0.297895 0.952414
1548265485.35304 0.480877 -1.86651 1.60423 -0.0608559 0.018928 -0.295082 0.953344
1548265485.38639 0.482792 -1.86544 1.59796 -0.0592882 0.0201864 -0.293355 0.95395
1548265485.41961 0.484955 -1.86406 1.59167 -0.0608742 0.0228436 -0.292048 0.954191
1548265485.45337 0.486626 -1.86239 1.58582 -0.057461 0.024876 -0.293014 0.954056
1548265485.48676 0.48785 -1.86056 1.57993 -0.0570449 0.0257045 -0.29355 0.953894
1548265485.51965 0.488564 -1.85869 1.57392 -0.0565676 0.0254041 -0.291575 0.954536
1548265485.55319 0.489132 -1.85783 1.56776 -0.0540867 0.0285623 -0.295129 0.953498
1548265485.58655 0.489579 -1.85779 1.56144 -0.0530377 0.0317556 -0.297257 0.952794
1548265485.61953 0.489588 -1.85756 1.5552 -0.0511362 0.033394 -0.300361 0.951868
1548265485.65309 0.489205 -1.85694 1.54866 -0.0517342 0.036366 -0.302853 0.950937
1548265485.68655 0.488248 -1.85659 1.54181 -0.0494308 0.0384943 -0.311077 0.948317
1548265485.71980 0.486134 -1.85717 1.53459 -0.0472473 0.040137 -0.314067 0.947375
1548265485.75332 0.483771 -1.85688 1.52736 -0.046553 0.0413071 -0.316213 0.946644
1548265485.78646 0.479956 -1.85707 1.51996 -0.0444733 0.0416839 -0.322397 0.94464
1548265485.81953 0.474696 -1.85671 1.5125 -0.0469209 0.0463202 -0.336911 0.939225
1548265485.85300 0.469147 -1.85894 1.50601 -0.0362924 0.0412435 -0.336075 0.940232
1548265485.88647 0.463535 -1.86032 1.49978 -0.0337241 0.0404 -0.343838 0.937553
1548265485.91986 0.456859 -1.86166 1.49415 -0.0284417 0.0370863 -0.34548 0.937262
1548265485.95310 0.449519 -1.86365 1.48967 -0.0269265 0.0336415 -0.351799 0.935083
1548265485.98628 0.442152 -1.86528 1.48677 -0.0340171 0.0442936 -0.358 0.93205
1548265486.01924 0.434463 -1.86883 1.48542 -0.01375 0.0286409 -0.360697 0.932142
1548265486.05280 0.427347 -1.87078 1.48484 -0.0159251 0.0273689 -0.364274 0.930753
1548265486.08628 0.419852 -1.87246 1.48584 -0.0126608 0.0242121 -0.370831 0.928298
1548265486.11971 0.412544 -1.87395 1.48765 -0.0113983 0.0215821 -0.373889 0.927152
1548265486.15301 0.40548 -1.87533 1.49053 -0.0106344 0.0189292 -0.379316 0.925013
1548265486.18623 0.398528 -1.87544 1.49456 -0.0124632 0.0161308 -0.383799 0.923192
1548265486.21981 0.391385 -1.87601 1.4989 -0.0126704 0.0137554 -0.387311 0.921759
1548265486.25303 0.385146 -1.87525 1.50371 -0.0257735 0.022082 -0.397854 0.916821
1548265486.28662 0.378335 -1.87643 1.50968 -0.0155162 0.00923519 -0.396123 0.91802
1548265486.32006 0.371988 -1.87611 1.51568 -0.0199828 0.00890538 -0.39794 0.91715
1548265486.35293 0.36552 -1.87656 1.52187 -0.0231818 0.0074879 -0.401882 0.915367
1548265486.38659 0.359228 -1.87685 1.5285 -0.024974 0.00611434 -0.402885 0.91489
1548265486.41991 0.353661 -1.877 1.53604 -0.0343002 0.00885549 -0.397997 0.916703
1548265486.45332 0.348271 -1.87703 1.5434 -0.0316176 0.000441499 -0.407835 0.912508
1548265486.48653 0.343534 -1.8786 1.55175 -0.0361896 0.00282599 -0.4035 0.914259
1548265486.51980 0.339382 -1.87859 1.55948 -0.0452373 0.00546615 -0.39974 0.915495
1548265486.55329 0.335342 -1.87937 1.56804 -0.0413296 0.0017333 -0.402867 0.914323
1548265486.58648 0.332115 -1.87912 1.57525 -0.0454708 0.000587026 -0.40439 0.913455
1548265486.61970 0.329379 -1.88 1.5839 -0.047906 -0.000563162 -0.401927 0.914418
1548265486.65310 0.326412 -1.88115 1.59164 -0.0480392 -0.000393904 -0.404475 0.913287
1548265486.68626 0.32488 -1.88079 1.59882 -0.0477116 -0.00320903 -0.401777 0.914488
1548265486.71981 0.322969 -1.88164 1.60636 -0.0319742 -0.0147786 -0.408256 0.912188
1548265486.75318 0.323196 -1.88288 1.61326 -0.0528804 -0.00214567 -0.395728 0.916842
1548265486.78614 0.322945 -1.88485 1.62025 -0.055328 0.00136124 -0.391415 0.918548
1548265486.81965 0.323234 -1.88694 1.6273 -0.054098 0.000640068 -0.386875 0.920544
1548265486.85306 0.323996 -1.88855 1.6342 -0.0541409 0.00196918 -0.384735 0.921436
1548265486.88620 0.324214 -1.89007 1.64188 -0.0626915 0.0127827 -0.377185 0.923925
1548265486.91986 0.324775 -1.89106 1.6489 -0.0589623 0.0035561 -0.373222 0.92586
1548265486.95302 0.323377 -1.89295 1.65653 -0.0564067 -0.00238808 -0.372729 0.926221
1548265486.98658 0.323112 -1.89362 1.66365 -0.0598391 0.00124641 -0.368602 0.927658
1548265487.01979 0.321411 -1.895 1.67086 -0.0599191 -0.000993439 -0.366607 0.928444
1548265487.05336 0.319837 -1.89612 1.67745 -0.0645044 -0.0018196 -0.364629 0.928914
1548265487.08649 0.317488 -1.89804 1.68378 -0.0635618 -0.00242412 -0.361263 0.930292
1548265487.11977 0.315321 -1.9002 1.68971 -0.0658829 -0.00217474 -0.361011 0.930229
1548265487.15308 0.31262 -1.90269 1.69564 -0.0646703 -0.00385127 -0.361262 0.930211
1548265487.18672 0.309914 -1.90501 1.7015 -0.065648 -0.00617321 -0.359977 0.930628
1548265487.21995 0.307042 -1.90742 1.70756 -0.0646847 -0.00782676 -0.358287 0.931335
1548265487.25323 0.304773 -1.91 1.7133 -0.068833 -0.00696151 -0.357091 0.931504
1548265487.28651 0.301644 -1.91275 1.71905 -0.0702815 -0.0107541 -0.355401 0.932006
1548265487.31975 0.298573 -1.91595 1.72508 -0.0709236 -0.0101578 -0.354285 0.932389
1548265487.35313 0.295481 -1.91918 1.73104 -0.0726303 -0.0104611 -0.3523 0.933006
1548265487.38635 0.291309 -1.92283 1.73741 -0.066724 -0.0163353 -0.350611 0.933999
1548265487.42002 0.287801 -1.92615 1.74337 -0.0696762 -0.0147723 -0.350692 0.933779
1548265487.45317 0.284146 -1.92886 1.74939 -0.0712998 -0.0152184 -0.349523 0.934087
1548265487.48624 0.280101 -1.93179 1.75568 -0.0699936 -0.0180841 -0.350668 0.933705
1548265487.51969 0.276136 -1.934 1.76221 -0.0686338 -0.017627 -0.34843 0.934652
1548265487.55297 0.272108 -1.93546 1.7687 -0.0711754 -0.0186138 -0.349984 0.933863
1548265487.58640 0.267657 -1.93643 1.77556 -0.0696352 -0.0203132 -0.35265 0.932939
1548265487.61950 0.263359 -1.93616 1.78238 -0.0735617 -0.0211301 -0.354474 0.931928
1548265487.65300 0.259577 -1.935 1.78942 -0.0762738 -0.0216568 -0.358839 0.930026
1548265487.68631 0.255441 -1.93349 1.7966 -0.0760101 -0.0247145 -0.359985 0.929528
1548265487.71976 0.252164 -1.93133 1.80325 -0.0828758 -0.0241023 -0.360532 0.928745
1548265487.75322 0.249186 -1.92865 1.80979 -0.0844459 -0.0257092 -0.364493 0.927013
1548265487.78648 0.24633 -1.9258 1.81607 -0.0855247 -0.0263245 -0.367274 0.925798
1548265487.81981 0.243653 -1.92316 1.82183 -0.0891089 -0.0260024 -0.367796 0.925262
1548265487.85314 0.241138 -1.92024 1.82712 -0.0924171 -0.024588 -0.370759 0.923793
1548265487.88673 0.238154 -1.91747 1.832 -0.0949918 -0.0252704 -0.371952 0.923033
1548265487.91991 0.233866 -1.91549 1.83702 -0.0912676 -0.0296624 -0.376092 0.9216
1548265487.95326 0.23049 -1.91146 1.8409 -0.0977006 -0.0242521 -0.379193 0.919826
1548265487.98641 0.225257 -1.90938 1.84486 -0.090466 -0.0293605 -0.388772 0.916411
1548265488.01956 0.22163 -1.90569 1.8475 -0.0988657 -0.021699 -0.383534 0.917963
1548265488.05325 0.216213 -1.9036 1.84982 -0.0924486 -0.0280887 -0.390504 0.915517
1548265488.08636 0.212061 -1.90071 1.85033 -0.0937317 -0.021714 -0.391593 0.915094
1548265488.11981 0.207851 -1.89792 1.85012 -0.0920604 -0.0216661 -0.391736 0.915204
1548265488.15318 0.20407 -1.89542 1.84842 -0.0912421 -0.0206594 -0.394197 0.914252
1548265488.18630 0.199444 -1.89372 1.84595 -0.0846848 -0.0255493 -0.402457 0.911155
1548265488.21979 0.196448 -1.89107 1.84205 -0.0877261 -0.0171113 -0.401569 0.911457
1548265488.25308 0.194097 -1.88903 1.83734 -0.0857743 -0.0172136 -0.397824 0.913281
1548265488.28641 0.19069 -1.88593 1.83113 -0.0810728 -0.0182181 -0.416311 0.905417
1548265488.31965 0.188505 -1.8865 1.82555 -0.0812904 -0.0144654 -0.404253 0.910913
1548265488.35310 0.186075 -1.88581 1.81913 -0.0789486 -0.0115174 -0.400802 0.912684
1548265488.38647 0.183919 -1.88463 1.81229 -0.076103 -0.0144676 -0.403489 0.911699
1548265488.41960 0.181454 -1.88421 1.80561 -0.0700039 -0.0146726 -0.403457 0.912199
1548265488.45304 0.179268 -1.88322 1.79875 -0.068993 -0.0162742 -0.400279 0.913648
1548265488.48657 0.176913 -1.88249 1.79201 -0.0648696 -0.0182151 -0.398291 0.914781
1548265488.51928 0.175208 -1.88181 1.78464 -0.0637713 -0.0182104 -0.400522 0.913884
1548265488.55279 0.174288 -1.88143 1.77722 -0.0614927 -0.0187738 -0.397601 0.915303
1548265488.58641 0.17329 -1.88217 1.76982 -0.0536043 -0.0254433 -0.396344 0.916183
1548265488.61969 0.17386 -1.88221 1.76079 -0.0559007 -0.0181429 -0.390728 0.918628
1548265488.65323 0.17246 -1.88494 1.75252 -0.0363686 -0.0250937 -0.393959 0.918066
1548265488.68640 0.173133 -1.88632 1.74198 -0.0411467 -0.0237693 -0.393909 0.91792
1548265488.71991 0.173498 -1.8886 1.73185 -0.0352967 -0.0221306 -0.386274 0.921443
1548265488.75325 0.174612 -1.89046 1.72083 -0.0369832 -0.0144899 -0.38046 0.923944
1548265488.78658 0.174878 -1.89335 1.71041 -0.0315633 -0.0127397 -0.377823 0.925252
1548265488.81973 0.174916 -1.89547 1.70012 -0.0277863 -0.0135496 -0.372973 0.927327
1548265488.85299 0.1748 -1.89757 1.68967 -0.0232234 -0.0109593 -0.378179 0.925377
1548265488.88657 0.174661 -1.89896 1.67978 -0.0186892 -0.0134724 -0.372849 0.927606
1548265488.91995 0.175149 -1.8994 1.67028 -0.0157359 -0.0177774 -0.365956 0.930329
1548265488.95324 0.176623 -1.89941 1.66038 -0.0159701 -0.0188305 -0.359615 0.932774
1548265488.98657 0.178979 -1.89982 1.65078 -0.0103213 -0.0211742 -0.358794 0.933119
1548265489.01944 0.182248 -1.89854 1.64081 -0.0201594 -0.00954107 -0.361786 0.931994
1548265489.05313 0.186627 -1.8996 1.63094 -0.0125399 -0.0219926 -0.344901 0.938298
1548265489.08641 0.190981 -1.89957 1.62121 -0.013566 -0.0199609 -0.341017 0.939747
1548265489.11945 0.195945 -1.89963 1.61164 -0.0113969 -0.0178292 -0.340391 0.940046
1548265489.15314 0.201404 -1.8995 1.60192 -0.0113748 -0.0171779 -0.331461 0.943244
1548265489.18648 0.20728 -1.8993 1.59219 -0.0121914 -0.0172207 -0.32824 0.944359
1548265489.21963 0.213471 -1.89962 1.58252 -0.0123218 -0.0112483 -0.32852 0.94435
1548265489.25305 0.219384 -1.90028 1.57334 -0.00838114 -0.0119763 -0.324909 0.945632
1548265489.28638 0.225653 -1.90028 1.56462 -0.0062141 -0.0130423 -0.316915 0.948344
1548265489.31941 0.232172 -1.89965 1.55615 -0.00647725 -0.0150049 -0.303983 0.952537
1548265489.35281 0.238919 -1.89947 1.54814 -0.00646205 -0.0133405 -0.300967 0.953519
1548265489.38623 0.245587 -1.89976 1.54066 -0.00294168 -0.0129725 -0.297114 0.954749
1548265489.41967 0.252083 -1.8997 1.53351 -0.00340306 -0.0150305 -0.285543 0.958242
1548265489.45302 0.258458 -1.89897 1.52689 -0.00194055 -0.0178022 -0.276031 0.960982
1548265489.48664 0.265369 -1.89884 1.52027 -0.00366468 -0.0174883 -0.269462 0.962845
1548265489.51956 0.272618 -1.89929 1.51391 -0.0031845 -0.0171018 -0.264984 0.964096
1548265489.55313 0.281173 -1.89962 1.50806 -0.00204804 -0.016021 -0.258459 0.965887
1548265489.58686 0.289549 -1.90031 1.50274 -0.00165974 -0.016403 -0.246817 0.968922
1548265489.61973 0.297797 -1.90197 1.49779 0.000977272 -0.01442 -0.239029 0.970905
1548265489.65316 0.306417 -1.90381 1.49388 0.00663475 -0.012192 -0.233182 0.972334
1548265489.68647 0.314699 -1.90516 1.49046 0.00765831 -0.00929204 -0.226764 0.973875
1548265489.71995 0.322531 -1.90619 1.48794 0.00997354 -0.00598176 -0.220102 0.975407
1548265489.75309 0.329601 -1.90668 1.4863 0.00896826 -0.00400709 -0.213862 0.976815
1548265489.78660 0.336246 -1.90665 1.48558 0.0104427 -0.00612488 -0.209596 0.977713
1548265489.81992 0.342486 -1.90609 1.48561 0.00887196 -0.00571053 -0.204323 0.978847
1548265489.85308 0.347868 -1.90539 1.48615 0.00496204 -0.00662796 -0.196913 0.980386
1548265489.88634 0.352911 -1.90548 1.48761 0.00799504 -0.00980196 -0.194808 0.98076
1548265489.91979 0.35801 -1.9052 1.48926 0.00349917 -0.00862942 -0.187749 0.982173
1548265489.95308 0.362792 -1.90558 1.49168 0.00499526 -0.00873759 -0.184053 0.982865
1548265489.98653 0.367496 -1.90595 1.49425 0.00117301 -0.00916453 -0.18285 0.983097
1548265490.01958 0.371489 -1.90638 1.49755 0.00134719 -0.0107993 -0.179251 0.983743
1548265490.05300 0.375015 -1.90642 1.50104 -0.00208508 -0.0112028 -0.177522 0.984051
1548265490.08624 0.378077 -1.90644 1.50463 -0.00529129 -0.0124775 -0.175901 0.984315
1548265490.11952 0.380691 -1.90668 1.50844 -0.00845192 -0.0157266 -0.174925 0.98442
1548265490.15296 0.382857 -1.90742 1.51261 -0.00634462 -0.016627 -0.176495 0.984141
1548265490.18627 0.384769 -1.90791 1.51649 -0.00924039 -0.0143938 -0.18147 0.983248
1548265490.21966 0.38656 -1.90836 1.52048 -0.011713 -0.0140406 -0.185312 0.98251
1548265490.25327 0.388253 -1.90857 1.52455 -0.0144229 -0.0128015 -0.188895 0.981808
1548265490.28659 0.389939 -1.90917 1.52882 -0.0143874 -0.00974101 -0.19476 0.980697
1548265490.32005 0.391538 -1.90951 1.53324 -0.0141001 -0.00806281 -0.196167 0.980436
1548265490.35318 0.393023 -1.90875 1.53786 -0.0174157 -0.00958792 -0.197708 0.980059
1548265490.38635 0.394319 -1.90795 1.54289 -0.0203268 -0.00761394 -0.199397 0.979678
1548265490.41991 0.395528 -1.9071 1.54824 -0.0221055 -0.00841308 -0.200887 0.979329
1548265490.45340 0.396427 -1.90591 1.55387 -0.023569 -0.0113493 -0.198566 0.979738
1548265490.48681 0.397232 -1.90501 1.55937 -0.0274569 -0.0122434 -0.200163 0.979301
1548265490.51965 0.398374 -1.90455 1.56486 -0.028919 -0.0119369 -0.201923 0.978902
1548265490.55312 0.399629 -1.90424 1.57095 -0.0293076 -0.0152863 -0.198767 0.979489
1548265490.58668 0.401061 -1.90387 1.5768 -0.0333978 -0.0163325 -0.197439 0.97961
1548265490.61999 0.402716 -1.90426 1.58261 -0.0330955 -0.0176093 -0.198459 0.979392
1548265490.65296 0.4045 -1.90416 1.58834 -0.0336351 -0.0220621 -0.19422 0.980133
1548265490.68634 0.407027 -1.90351 1.5939 -0.0385298 -0.0218704 -0.192002 0.980394
1548265490.71965 0.409664 -1.90339 1.5996 -0.0392025 -0.0209361 -0.193376 0.980118
1548265490.75289 0.412114 -1.90324 1.60545 -0.0394399 -0.0221463 -0.191228 0.980503
1548265490.78640 0.414708 -1.90233 1.61115 -0.0434685 -0.0240847 -0.187296 0.981046
1548265490.81962 0.417381 -1.90168 1.61698 -0.0445933 -0.0248978 -0.187886 0.980862
1548265490.85302 0.4203 -1.90061 1.62266 -0.0491748 -0.0257294 -0.186119 0.980958
1548265490.88640 0.423543 -1.89974 1.62889 -0.0509799 -0.0277367 -0.183862 0.981237
1548265490.91973 0.426793 -1.89906 1.63466 -0.0531283 -0.0268504 -0.181747 0.981542
1548265490.95316 0.430303 -1.89849 1.64033 -0.0553473 -0.0253868 -0.180627 0.981665
1548265490.98622 0.433416 -1.89804 1.64608 -0.0540326 -0.0260962 -0.176599 0.982452
1548265491.01965 0.436645 -1.89728 1.65123 -0.0596447 -0.0257799 -0.175509 0.982331
1548265491.05312 0.439954 -1.89751 1.65683 -0.056794 -0.0236468 -0.173775 0.982862
1548265491.08635 0.44338 -1.89786 1.66214 -0.055849 -0.0240601 -0.17216 0.98319
1548265491.11981 0.446402 -1.89812 1.66741 -0.0560719 -0.0240956 -0.168371 0.983833
1548265491.15331 0.44903 -1.89884 1.67261 -0.0563425 -0.0238906 -0.166917 0.98407
1548265491.18640 0.451461 -1.89925 1.67776 -0.0585471 -0.0253805 -0.164428 0.984323
1548265491.22011 0.453851 -1.89952 1.68331 -0.0576956 -0.0275012 -0.158586 0.985274
1548265491.25334 0.456081 -1.90019 1.68872 -0.054852 -0.0285177 -0.157577 0.98557
1548265491.28658 0.458127 -1.90072 1.69407 -0.0544512 -0.0302358 -0.154794 0.985982
1548265491.31990 0.460717 -1.90055 1.69947 -0.0544967 -0.0330132 -0.147837 0.986957
1548265491.35328 0.463406 -1.90047 1.70467 -0.0573774 -0.035093 -0.14348 0.987365
1548265491.38663 0.466267 -1.90121 1.71007 -0.0541052 -0.0364174 -0.143168 0.987547
1548265491.41986 0.469949 -1.9015 1.71571 -0.0533173 -0.0373562 -0.136676 0.988474
1548265491.45319 0.473746 -1.90161 1.7217 -0.052727 -0.0396353 -0.129995 0.989318
1548265491.48648 0.477975 -1.90106 1.72738 -0.0569744 -0.0404296 -0.127162 0.989419
1548265491.51956 0.482513 -1.90087 1.73338 -0.0551265 -0.0411442 -0.12091 0.990277
1548265491.55302 0.487136 -1.89971 1.73884 -0.0575834 -0.0421047 -0.114399 0.99087
1548265491.58658 0.49181 -1.89856 1.74402 -0.0572767 -0.0424738 -0.110355 0.991331
1548265491.61973 0.496665 -1.89757 1.74864 -0.0578519 -0.0432796 -0.104723 0.991874
1548265491.65318 0.501592 -1.89634 1.75262 -0.0587809 -0.0437561 -0.0984819 0.992437
1548265491.68636 0.506288 -1.89534 1.75572 -0.0592616 -0.0443099 -0.0935529 0.992861
1548265491.71978 0.511379 -1.8941 1.75791 -0.0595415 -0.0439572 -0.0893878 0.993243
1548265491.75309 0.516305 -1.89218 1.75939 -0.058623 -0.0446714 -0.0798127 0.994081
1548265491.78645 0.521178 -1.8902 1.75974 -0.0589447 -0.0444024 -0.0725496 0.994631
1548265491.81994 0.52568 -1.88829 1.75906 -0.0584338 -0.0448315 -0.0678428 0.994974
1548265491.85316 0.529851 -1.88631 1.75771 -0.056576 -0.0458542 -0.060025 0.995537
1548265491.88656 0.53341 -1.8843 1.75561 -0.0563054 -0.0491226 -0.0480748 0.996045
1548265491.92005 0.537106 -1.88301 1.75299 -0.0532293 -0.0498996 -0.0417295 0.996461
1548265491.95328 0.540094 -1.88195 1.74984 -0.0572761 -0.0489098 -0.0304852 0.996694
1548265491.98656 0.543445 -1.88096 1.74662 -0.0571739 -0.0493623 -0.0197549 0.996948
1548265492.01962 0.547028 -1.88025 1.7424 -0.0482095 -0.0524236 -0.0235724 0.997182
1548265492.05347 0.550781 -1.87968 1.73832 -0.044025 -0.050185 -0.017494 0.997616
1548265492.08674 0.554486 -1.87936 1.73425 -0.0485646 -0.0446007 -0.0121537 0.99775
1548265492.11993 0.558679 -1.87763 1.72991 -0.0414517 -0.0462757 -0.00687117 0.998045
1548265492.15322 0.562171 -1.87676 1.72571 -0.0378617 -0.0462192 -0.00519577 0.9982
1548265492.18678 0.565492 -1.87525 1.72149 -0.0372471 -0.0460764 0.00034643 0.998243
1548265492.22012 0.568592 -1.87354 1.71717 -0.0362262 -0.0458593 0.00500407 0.998278
1548265492.25314 0.571706 -1.87201 1.71268 -0.037889 -0.0451697 0.00684281 0.998237
1548265492.28636 0.574804 -1.8706 1.7082 -0.0384293 -0.0427977 0.0127563 0.998263
1548265492.31939 0.577735 -1.8695 1.70388 -0.0359646 -0.0426779 0.0165026 0.998305
1548265492.35285 0.580694 -1.86886 1.69959 -0.0337103 -0.0418549 0.0164737 0.998419
1548265492.38629 0.583375 -1.86803 1.69488 -0.0347357 -0.0405999 0.0201199 0.998369
1548265492.41974 0.58581 -1.86711 1.69026 -0.0321221 -0.0415204 0.0216909 0.998386
1548265492.45307 0.588215 -1.86579 1.6854 -0.0307484 -0.0411685 0.0247245 0.998373
1548265492.48631 0.590582 -1.86425 1.68026 -0.0328083 -0.0406605 0.0269475 0.998271
1548265492.51962 0.593297 -1.86309 1.6751 -0.031648 -0.0404037 0.0296074 0.998243
1548265492.55319 0.59647 -1.86265 1.66974 -0.0300056 -0.040342 0.0325582 0.998204
1548265492.58652 0.599582 -1.86236 1.66461 -0.0269936 -0.0400048 0.0342559 0.998247
1548265492.61984 0.603023 -1.86208 1.65934 -0.028223 -0.0404528 0.0344018 0.99819
1548265492.65332 0.606722 -1.86142 1.65376 -0.0270419 -0.0394463 0.0411871 0.998006
1548265492.68633 0.610844 -1.86092 1.64863 -0.0246122 -0.0400948 0.0469672 0.997788
1548265492.72004 0.615522 -1.86048 1.64362 -0.0220711 -0.0386914 0.0490853 0.997801
1548265492.75329 0.62071 -1.85998 1.63871 -0.0188209 -0.0377738 0.0532014 0.997692
1548265492.78679 0.625679 -1.8585 1.63369 -0.0224769 -0.0369642 0.0604505 0.997233
1548265492.82010 0.631266 -1.85772 1.62904 -0.0218971 -0.0357087 0.0630321 0.997132
1548265492.85300 0.636696 -1.85658 1.62475 -0.0219825 -0.0353837 0.0668057 0.996896
1548265492.88669 0.642559 -1.85597 1.62072 -0.0192788 -0.0331382 0.0696438 0.996835
1548265492.91997 0.648095 -1.85514 1.61691 -0.0182265 -0.0315226 0.0724361 0.996708
1548265492.95336 0.653325 -1.85468 1.61324 -0.0162503 -0.0312967 0.0741375 0.996624
1548265492.98672 0.657882 -1.85403 1.60965 -0.0147534 -0.0304583 0.0747769 0.996626
1548265493.02001 0.66206 -1.85306 1.60549 -0.0177993 -0.030101 0.0785457 0.996297
1548265493.05337 0.665582 -1.85188 1.60165 -0.0187766 -0.0307868 0.0828074 0.995913
1548265493.08661 0.669422 -1.8519 1.59778 -0.0169769 -0.0314519 0.0825983 0.995942
1548265493.11976 0.673008 -1.85197 1.59429 -0.0131752 -0.0323702 0.0822262 0.996001
1548265493.15320 0.676505 -1.85156 1.59043 -0.0166097 -0.0330026 0.086364 0.995578
1548265493.18660 0.680397 -1.85152 1.58725 -0.0100351 -0.0313712 0.0876397 0.995608
1548265493.21993 0.683762 -1.85058 1.58387 -0.0141334 -0.0290594 0.0904077 0.99538
1548265493.25319 0.68808 -1.85071 1.58105 -0.0104926 -0.0292306 0.0909702 0.995369
1548265493.28642 0.692415 -1.8504 1.57874 -0.00833646 -0.0289504 0.092864 0.995223
1548265493.31991 0.696382 -1.84982 1.57754 -0.00448925 -0.0284502 0.0945294 0.995105
1548265493.35307 0.699932 -1.84844 1.57695 -0.00994436 -0.0286981 0.0964568 0.994874
1548265493.38658 0.70282 -1.8471 1.5776 -0.00644332 -0.0295613 0.0981347 0.994713
1548265493.41972 0.705574 -1.84568 1.57875 -0.00513572 -0.0299157 0.101798 0.994342
1548265493.45335 0.707802 -1.84361 1.57996 -0.00964915 -0.031342 0.104672 0.993966
1548265493.48676 0.710177 -1.84218 1.58177 -0.00455476 -0.0338187 0.107337 0.993637
1548265493.51994 0.712291 -1.8397 1.58314 -0.0112842 -0.0336775 0.111735 0.993103
1548265493.55335 0.714416 -1.83823 1.58502 -0.012243 -0.0377968 0.110452 0.993087
1548265493.58671 0.716663 -1.83705 1.58692 -0.00891451 -0.0367938 0.112833 0.992892
1548265493.61972 0.718653 -1.83573 1.58913 -0.00665979 -0.0371622 0.115602 0.992578
1548265493.65330 0.720452 -1.8342 1.59127 -0.00778314 -0.0382636 0.118568 0.992178
1548265493.68732 0.722097 -1.83253 1.59323 -0.0136537 -0.0395344 0.119359 0.99197
1548265493.72003 0.723713 -1.83156 1.59561 -0.0125548 -0.0397884 0.121653 0.991695
1548265493.75342 0.725122 -1.83053 1.59806 -0.0116849 -0.0394568 0.122553 0.991609
1548265493.78688 0.726339 -1.82922 1.60033 -0.0141509 -0.0407423 0.122411 0.991542
1548265493.82011 0.727545 -1.8283 1.60293 -0.0124478 -0.0410131 0.123729 0.99139
1548265493.85300 0.728256 -1.82718 1.60543 -0.0118879 -0.0400632 0.126457 0.991091
1548265493.88649 0.728846 -1.82609 1.60774 -0.0140896 -0.0402159 0.128263 0.990824
1548265493.91983 0.729468 -1.82515 1.61013 -0.01521 -0.0412086 0.127846 0.990821
1548265493.95316 0.729826 -1.82413 1.61257 -0.0162729 -0.0414445 0.126851 0.990922
1548265493.98664 0.73014 -1.8228 1.61488 -0.0181504 -0.0425771 0.126766 0.990852
1548265494.01954 0.730491 -1.82154 1.61712 -0.0188465 -0.0434337 0.12752 0.990705
1548265494.05293 0.731168 -1.82046 1.61903 -0.0200722 -0.043568 0.125576 0.990924
1548265494.08658 0.732208 -1.8198 1.62078 -0.0189972 -0.0433104 0.123196 0.991255
1548265494.11990 0.733488 -1.81899 1.62217 -0.0213658 -0.04516 0.123844 0.991043
1548265494.15330 0.734968 -1.81851 1.62325 -0.0216899 -0.0441468 0.125485 0.990875
1548265494.18660 0.737157 -1.8187 1.6241 -0.0227866 -0.0426598 0.123278 0.991193
1548265494.21988 0.739847 -1.81941 1.6248 -0.0192678 -0.0399649 0.121166 0.99164
1548265494.25318 0.742079 -1.81984 1.62528 -0.0175936 -0.0381048 0.12263 0.991565
1548265494.28691 0.744028 -1.82034 1.62613 -0.0157274 -0.037973 0.123359 0.991511
1548265494.32008 0.745809 -1.82076 1.6271 -0.0130572 -0.0362054 0.127337 0.991113
1548265494.35321 0.747041 -1.82045 1.6276 -0.0141921 -0.0391731 0.126372 0.991108
1548265494.38639 0.748493 -1.82019 1.62808 -0.0158654 -0.0384798 0.12706 0.991021
1548265494.41989 0.749744 -1.82021 1.62903 -0.0145803 -0.0392097 0.127795 0.990918
1548265494.45335 0.750918 -1.8202 1.62999 -0.0117641 -0.0397254 0.127453 0.990979
1548265494.48669 0.752471 -1.82027 1.63057 -0.0141352 -0.0383743 0.128311 0.990891
1548265494.51970 0.753655 -1.82009 1.63135 -0.012943 -0.0404549 0.126838 0.991014
1548265494.55341 0.754855 -1.82033 1.63239 -0.0122843 -0.0386431 0.126695 0.991113
1548265494.58647 0.756455 -1.8213 1.63361 -0.00913349 -0.0369032 0.124162 0.991533
1548265494.62013 0.758155 -1.82191 1.63418 -0.00842252 -0.0360966 0.124177 0.991568
1548265494.65320 0.760091 -1.82205 1.63425 -0.00923988 -0.034965 0.125833 0.991392
1548265494.68650 0.762086 -1.82186 1.63395 -0.0082194 -0.0337208 0.126699 0.991334
1548265494.71989 0.764706 -1.82152 1.63309 -0.00600472 -0.0319035 0.126302 0.991461
1548265494.75306 0.767274 -1.82039 1.63144 -0.00850609 -0.0299424 0.12701 0.991413
1548265494.78643 0.770089 -1.81966 1.62944 -0.00497566 -0.0272282 0.131102 0.990982
1548265494.81987 0.772803 -1.81832 1.62687 -0.00506093 -0.0253852 0.133079 0.990767
1548265494.85289 0.775058 -1.81686 1.62438 -0.00390472 -0.0264521 0.136015 0.990346
1548265494.88645 0.776939 -1.81495 1.62119 -0.00407606 -0.0265795 0.143197 0.989329
1548265494.91978 0.778964 -1.8134 1.6176 -0.00169137 -0.0252525 0.14896 0.988519
1548265494.95310 0.782174 -1.81259 1.61355 0.00105002 -0.0270738 0.153463 0.987783
1548265494.98651 0.784927 -1.81132 1.60937 0.00269187 -0.0236426 0.161002 0.986667
1548265495.01933 0.787535 -1.80966 1.60497 0.00590209 -0.0218334 0.169897 0.985202
1548265495.05339 0.790258 -1.80807 1.60064 0.00969348 -0.0207758 0.175794 0.98416
1548265495.08659 0.79253 -1.8063 1.59624 0.0102237 -0.0179447 0.179105 0.983613
1548265495.11993 0.79465 -1.80412 1.59201 0.0109091 -0.0164495 0.184403 0.982652
1548265495.15322 0.795895 -1.80181 1.58846 0.0123382 -0.0169968 0.189719 0.981614
1548265495.18667 0.796611 -1.79904 1.58487 0.0104138 -0.0156255 0.190465 0.981514
1548265495.22001 0.796637 -1.79599 1.58139 0.00992635 -0.0128611 0.196146 0.98044
1548265495.25342 0.795919 -1.79254 1.57838 0.00770701 -0.0140604 0.20254 0.979143
1548265495.28695 0.795574 -1.78945 1.57496 0.00438827 -0.0149463 0.200908 0.979486
1548265495.32001 0.795012 -1.78661 1.57143 0.0040774 -0.0117921 0.201875 0.979332
1548265495.35343 0.794069 -1.78428 1.56774 0.00172841 -0.014727 0.204848 0.978682
1548265495.38692 0.794029 -1.78252 1.56335 -0.000565575 -0.0114448 0.200286 0.97967
1548265495.41980 0.794475 -1.78116 1.55837 -6.3885e-05 -0.00789752 0.2017 0.979416
1548265495.45335 0.794561 -1.77947 1.55317 -0.000545445 -0.0085834 0.210202 0.97762
1548265495.48632 0.795133 -1.77809 1.54775 0.000869505 -0.0106453 0.218699 0.975734
1548265495.51967 0.795915 -1.77693 1.54225 0.00173287 -0.00945869 0.22359 0.974636
1548265495.55310 0.797056 -1.77578 1.53616 0.00390995 -0.00982588 0.232619 0.972511
1548265495.58653 0.798461 -1.77444 1.52943 0.00698578 -0.0125393 0.245512 0.969287
1548265495.61948 0.799734 -1.77296 1.52243 0.00655046 -0.0119511 0.251079 0.967871
1548265495.65323 0.802396 -1.77204 1.51467 0.00925688 -0.00775134 0.252762 0.967453
1548265495.68666 0.805355 -1.77077 1.50619 0.0115416 -0.00703105 0.26195 0.964987
1548265495.71989 0.807922 -1.769 1.49805 0.0122324 -0.00591108 0.27027 0.962689
1548265495.75320 0.810789 -1.76729 1.48972 0.0152894 -0.00297257 0.279142 0.960124
1548265495.78664 0.813947 -1.76657 1.48202 0.0229534 0.000906372 0.287038 0.957644
1548265495.82006 0.81625 -1.76478 1.47475 0.0237699 0.00182817 0.293094 0.955786
1548265495.85344 0.818051 -1.76321 1.4682 0.0265562 0.0023951 0.300595 0.953379
1548265495.88655 0.819389 -1.76149 1.46213 0.0278534 0.00246075 0.307037 0.951287
1548265495.92000 0.820658 -1.76068 1.45649 0.0305561 0.00216098 0.312413 0.949452
1548265495.95329 0.822184 -1.76001 1.45099 0.0367283 0.000174482 0.317528 0.947537
1548265495.98671 0.823035 -1.75901 1.44546 0.0359308 0.000702437 0.320244 0.946653
1548265496.01956 0.823669 -1.75838 1.43934 0.0397637 0.00118147 0.324818 0.94494
1548265496.08662 0.825877 -1.75844 1.42559 0.0394771 0.00159042 0.328739 0.943594
1548265496.11990 0.827349 -1.75859 1.4182 0.0412706 -0.000577739 0.327146 0.944072
1548265496.15345 0.829142 -1.76018 1.41187 0.0489069 0.00341963 0.326266 0.944006
1548265496.18650 0.83051 -1.76176 1.40553 0.046159 0.00479699 0.321279 0.945847
1548265496.22005 0.831482 -1.7641 1.40008 0.0455013 0.0103928 0.310396 0.949461
1548265496.25323 0.832293 -1.76754 1.39548 0.049651 0.0172887 0.30495 0.950916
1548265496.28656 0.832489 -1.77117 1.39182 0.0478248 0.0210467 0.288401 0.956083
1548265496.31957 0.831887 -1.77545 1.38876 0.051837 0.0235787 0.280575 0.958141
1548265496.35296 0.829747 -1.77973 1.38696 0.0502682 0.0262055 0.271844 0.96067
1548265496.38660 0.827871 -1.78448 1.38598 0.0517853 0.0247859 0.265459 0.962411
1548265496.41988 0.825099 -1.78931 1.38658 0.0536889 0.0241673 0.258095 0.964324
1548265496.45301 0.822454 -1.79375 1.38735 0.053866 0.0244751 0.252799 0.965708
1548265496.48662 0.819337 -1.79755 1.38995 0.0527285 0.0234262 0.245192 0.967756
1548265496.51941 0.81647 -1.80044 1.39277 0.0499949 0.0224941 0.241545 0.96884
1548265496.55309 0.813373 -1.80315 1.3973 0.0484398 0.0205196 0.23453 0.970685
1548265496.58651 0.810631 -1.80541 1.40173 0.0473857 0.0196087 0.233854 0.970918
1548265496.61968 0.807714 -1.80699 1.40683 0.0441656 0.0173524 0.231223 0.971743
1548265496.65320 0.805187 -1.80836 1.41173 0.0399222 0.0149998 0.230752 0.972078
1548265496.68674 0.8031 -1.80975 1.41683 0.0378533 0.012773 0.227825 0.972882
1548265496.71995 0.801357 -1.81084 1.42211 0.034777 0.0103899 0.224846 0.973718
1548265496.75334 0.799679 -1.8114 1.42755 0.0313838 0.00792556 0.225604 0.973681
1548265496.78673 0.798474 -1.81242 1.43272 0.0286345 0.00837029 0.222644 0.974443
1548265496.81956 0.797451 -1.81361 1.43753 0.0266169 0.00911448 0.21892 0.975337
1548265496.85308 0.796323 -1.81458 1.44208 0.022089 0.00785769 0.217103 0.975867
1548265496.88660 0.794675 -1.81537 1.44697 0.0193105 0.0116916 0.214627 0.976435
1548265496.92011 0.793646 -1.81686 1.45118 0.0166459 0.0129371 0.208525 0.97779
1548265496.95346 0.792426 -1.81844 1.45544 0.016121 0.0119297 0.206634 0.978213
1548265496.98669 0.791173 -1.81989 1.45962 0.0147197 0.0139912 0.203744 0.978813
1548265497.01995 0.790359 -1.82158 1.46357 0.0133213 0.0138953 0.199594 0.97969
1548265497.05316 0.789093 -1.82323 1.46825 0.0129079 0.014742 0.197793 0.980048
1548265497.08639 0.788403 -1.82586 1.47253 -0.00305514 0.020791 0.20247 0.979063
1548265497.11961 0.786915 -1.8266 1.47765 0.000635207 0.0192693 0.195958 0.980423
1548265497.15323 0.785348 -1.82708 1.48224 0.00566534 0.0158123 0.192637 0.981126
1548265497.18645 0.783928 -1.82809 1.48732 0.00729674 0.0157296 0.186599 0.982283
1548265497.21989 0.782185 -1.82923 1.49241 0.00470744 0.0163898 0.181799 0.983188
1548265497.25318 0.779777 -1.82976 1.49762 0.000746414 0.0138709 0.182108 0.98318
1548265497.28656 0.777325 -1.83055 1.50308 -0.00141394 0.0111512 0.180877 0.983442
1548265497.31984 0.77547 -1.83179 1.50845 -0.00240765 0.0103432 0.176033 0.984327
1548265497.35295 0.773496 -1.83284 1.51375 -0.00392688 0.00829866 0.17386 0.984728
1548265497.38657 0.771465 -1.83343 1.5187 -0.00734629 0.00464378 0.174756 0.984573
1548265497.41974 0.770055 -1.83411 1.52386 -0.0106613 0.00318067 0.170858 0.985233
1548265497.45329 0.769056 -1.83492 1.52857 -0.0118497 0.0027771 0.168999 0.985541
1548265497.48687 0.768064 -1.83539 1.53278 -0.0123703 0.00340566 0.169634 0.985424
1548265497.51994 0.76689 -1.83576 1.53671 -0.0135903 0.00237523 0.16704 0.985854
1548265497.55327 0.765761 -1.83581 1.53988 -0.0158568 0.00191189 0.167163 0.9858
1548265497.58704 0.765223 -1.83627 1.54288 -0.0144955 -0.000354852 0.165009 0.986185
1548265497.62011 0.764868 -1.83653 1.54513 -0.0165186 3.92986e-05 0.163913 0.986337
1548265497.65349 0.764773 -1.83705 1.547 -0.0187429 0.00131601 0.16331 0.986396
1548265497.68684 0.765166 -1.83817 1.54893 -0.0169586 0.00249912 0.160209 0.986934
1548265497.72008 0.765154 -1.83883 1.55036 -0.0192205 0.00598636 0.159879 0.986931
1548265497.75338 0.765092 -1.84006 1.55201 -0.0202438 0.0060353 0.155065 0.987678
1548265497.78686 0.764826 -1.84128 1.55348 -0.0196192 0.00696038 0.153588 0.987916
1548265497.82004 0.764403 -1.84219 1.55499 -0.0194727 0.00832988 0.153408 0.987936
1548265497.85322 0.764414 -1.84345 1.55655 -0.0206193 0.0108328 0.14903 0.988558
1548265497.88663 0.764026 -1.84479 1.5583 -0.0212203 0.00992057 0.145155 0.989132
1548265497.91973 0.763523 -1.84653 1.56038 -0.018247 0.00902688 0.144305 0.989324
1548265497.95323 0.763006 -1.84788 1.56228 -0.0195649 0.0114452 0.142087 0.989595
1548265497.98659 0.762493 -1.84959 1.56488 -0.0196093 0.0104973 0.137654 0.990231
1548265498.01958 0.761686 -1.85072 1.56709 -0.0231299 0.0127028 0.138677 0.989986
1548265498.05315 0.76063 -1.85277 1.5703 -0.0208716 0.0104442 0.133434 0.990783
1548265498.08638 0.759174 -1.85392 1.57305 -0.0242953 0.0124062 0.133415 0.990685
1548265498.11983 0.757542 -1.85541 1.57649 -0.0226369 0.00996311 0.131685 0.990983
1548265498.15323 0.755896 -1.85688 1.57952 -0.0247161 0.0102079 0.127325 0.9915
1548265498.18655 0.754312 -1.85863 1.58231 -0.026025 0.011178 0.121436 0.992195
1548265498.21998 0.752308 -1.86033 1.58518 -0.0273099 0.00855401 0.120046 0.992356
1548265498.25332 0.750423 -1.86203 1.58765 -0.0248266 0.0105917 0.120913 0.992296
1548265498.28669 0.748333 -1.86325 1.58935 -0.0280497 0.00854467 0.117307 0.992663
1548265498.31993 0.746769 -1.86471 1.59076 -0.026463 0.00823096 0.116693 0.992781
1548265498.35316 0.745238 -1.86591 1.59161 -0.0261243 0.00792293 0.118007 0.992638
1548265498.38667 0.743762 -1.86692 1.59207 -0.0249553 0.00741605 0.117715 0.992706
1548265498.42005 0.743245 -1.86807 1.59157 -0.0237702 0.00934358 0.118216 0.992659
1548265498.45337 0.743011 -1.86879 1.59023 -0.02439 0.00810867 0.11727 0.992767
1548265498.48681 0.742453 -1.86868 1.58837 -0.0241887 0.0061185 0.115688 0.992972
1548265498.51958 0.74255 -1.86847 1.58611 -0.0197085 0.0105082 0.11983 0.992543
1548265498.55316 0.742766 -1.86748 1.58316 -0.0217236 0.00757959 0.119083 0.992618
1548265498.58668 0.743247 -1.86657 1.57998 -0.0191742 0.0106638 0.126966 0.991664
1548265498.65319 0.745346 -1.86514 1.5733 -0.0138933 0.0098479 0.13344 0.990911
1548265498.68659 0.74674 -1.86326 1.56967 -0.0149442 0.00701242 0.142391 0.989673
1548265498.71993 0.748758 -1.86171 1.56644 -0.0121228 0.00973019 0.147002 0.989014
1548265498.75300 0.751417 -1.86001 1.56314 -0.00782058 0.0101889 0.152209 0.988265
1548265498.78629 0.753972 -1.85769 1.55978 -0.00543433 0.0106738 0.162208 0.986684
1548265498.82002 0.756698 -1.8556 1.55669 -0.00358695 0.0104433 0.165101 0.986215
1548265498.85319 0.75911 -1.85336 1.55329 -0.00235638 0.0141624 0.166561 0.985927
1548265498.88655 0.76095 -1.85087 1.55038 -0.00235714 0.0141365 0.170646 0.985228
1548265498.91974 0.761335 -1.85088 1.54824 -0.0255188 0.0202001 0.163148 0.986065
1548265498.95316 0.762608 -1.84623 1.54594 -0.00254358 0.0129566 0.176142 0.984276
1548265498.98657 0.762631 -1.84454 1.54413 -0.00284442 0.011545 0.179432 0.983699
1548265499.01929 0.762595 -1.84355 1.54254 -0.00192696 0.010354 0.177867 0.983998
1548265499.05330 0.762451 -1.84321 1.54117 -0.000771519 0.0106741 0.175035 0.984504
1548265499.08682 0.762162 -1.84292 1.53984 -0.000710885 0.00965073 0.175557 0.984422
1548265499.11990 0.762121 -1.84259 1.53842 -0.00170051 0.00941144 0.17567 0.984403
1548265499.15337 0.762436 -1.84238 1.53721 -0.00094424 0.0102252 0.175321 0.984458
1548265499.18677 0.76324 -1.84174 1.53598 -0.000157924 0.0100489 0.17553 0.984423
1548265499.22006 0.764194 -1.84028 1.53462 -0.000127365 0.00994336 0.177598 0.984053
1548265499.25343 0.764913 -1.83865 1.53318 0.000127631 0.0104586 0.180844 0.983456
1548265499.28672 0.765383 -1.83677 1.5316 0.00102478 0.00864665 0.184382 0.982816
1548265499.32016 0.765853 -1.83487 1.52962 0.00109816 0.00831477 0.188066 0.982121
1548265499.35323 0.766627 -1.83361 1.52682 -0.00153144 0.0105737 0.188004 0.98211
1548265499.38686 0.767278 -1.83275 1.52364 0.0029159 0.0105339 0.187764 0.982154
1548265499.41983 0.768091 -1.83183 1.51991 0.00325888 0.0112836 0.188245 0.982052
1548265499.45322 0.769091 -1.83092 1.51633 0.00458501 0.0125107 0.186434 0.982377
1548265499.48660 0.769842 -1.83004 1.51274 0.00617699 0.0134038 0.186809 0.982285
1548265499.51929 0.770648 -1.82931 1.50929 0.00855353 0.0140613 0.187474 0.982132
1548265499.55284 0.771539 -1.82868 1.50552 0.00891607 0.0141704 0.18933 0.981771
1548265499.58658 0.771851 -1.82797 1.50236 0.0100877 0.0155952 0.186828 0.982217
1548265499.61965 0.772358 -1.82731 1.49879 0.0107459 0.0154757 0.18788 0.982011
1548265499.65322 0.772354 -1.82654 1.49564 0.011871 0.0161512 0.187294 0.982099
1548265499.68657 0.772371 -1.82611 1.49256 0.0132238 0.0162151 0.186878 0.98216
1548265499.72002 0.77235 -1.82591 1.48951 0.0120453 0.0176499 0.185633 0.982387
1548265499.75309 0.772098 -1.82592 1.48694 0.0134533 0.0171388 0.184308 0.982627
1548265499.78652 0.771739 -1.82619 1.48461 0.0144429 0.0175356 0.183203 0.982813
1548265499.81995 0.771452 -1.82673 1.4823 0.015754 0.0185367 0.180622 0.983252
1548265499.85296 0.771002 -1.82726 1.48009 0.0166033 0.0187648 0.180072 0.983334
1548265499.88695 0.770543 -1.82815 1.47825 0.0176588 0.0188018 0.177459 0.98379
1548265499.91992 0.770045 -1.82933 1.47674 0.0156171 0.0195242 0.173139 0.98458
1548265499.95317 0.769261 -1.83041 1.4757 0.0168834 0.02009 0.171191 0.984888
1548265499.98696 0.768002 -1.83112 1.47492 0.0179037 0.020562 0.169542 0.985146
1548265500.01973 0.766484 -1.83187 1.47443 0.0175351 0.0201356 0.168566 0.985329
1548265500.05366 0.764902 -1.83243 1.47457 0.0187348 0.0177679 0.167229 0.98558
1548265500.08664 0.763856 -1.8331 1.47461 0.0171766 0.0181807 0.165975 0.985813
1548265500.12015 0.762879 -1.83375 1.47484 0.0163893 0.0172072 0.164033 0.986169
1548265500.15341 0.761924 -1.83438 1.47517 0.0160563 0.016775 0.162882 0.986372
1548265500.18656 0.761043 -1.83515 1.47574 0.0178968 0.0161388 0.16154 0.986572
1548265500.21995 0.760574 -1.83552 1.47615 0.018221 0.0151299 0.162267 0.986463
1548265500.25326 0.759791 -1.83501 1.47692 0.0146952 0.015256 0.160304 0.98684
1548265500.28657 0.759347 -1.83455 1.47766 0.0139509 0.0149464 0.160358 0.986847
1548265500.31994 0.759078 -1.83388 1.47842 0.0136795 0.0144408 0.161378 0.986692
1548265500.35329 0.759079 -1.83325 1.47905 0.0125291 0.0149155 0.161434 0.986691
1548265500.38623 0.759077 -1.83278 1.47959 0.0119699 0.0154357 0.160798 0.986794
1548265500.41968 0.758788 -1.83212 1.48038 0.0118442 0.0148007 0.161992 0.98661
1548265500.45320 0.758602 -1.83122 1.48139 0.0113206 0.0139479 0.162991 0.986464
1548265500.48662 0.758454 -1.83049 1.48258 0.0110001 0.0132512 0.162305 0.98659
1548265500.51941 0.758157 -1.82972 1.48385 0.0102715 0.0119423 0.163287 0.986453
1548265500.55314 0.75782 -1.82883 1.48551 0.00863738 0.0105066 0.165161 0.986173
1548265500.58653 0.757448 -1.82817 1.48733 0.00814373 0.00861265 0.165384 0.986158
1548265500.61973 0.757486 -1.82778 1.48919 0.00677434 0.00821033 0.165934 0.986079
1548265500.65343 0.757885 -1.82741 1.49111 0.00673818 0.00757654 0.166601 0.985972
1548265500.68672 0.758107 -1.82702 1.49306 0.00489883 0.00690891 0.167897 0.985768
1548265500.72004 0.758266 -1.82654 1.49482 0.00321812 0.00516064 0.168463 0.985689
1548265500.75341 0.758536 -1.82646 1.49684 0.00437113 0.00450624 0.168431 0.985694
1548265500.78671 0.758895 -1.82616 1.49864 0.00188689 0.00250172 0.167995 0.985783
1548265500.82014 0.759484 -1.82553 1.50012 0.000847122 0.00342274 0.168518 0.985692
1548265500.85332 0.760231 -1.82496 1.50169 -2.90778e-05 0.00346374 0.168404 0.985712
1548265500.88685 0.761114 -1.82439 1.50349 0.000128663 0.00258141 0.168441 0.985708
1548265500.92017 0.762251 -1.82367 1.50541 -0.000419569 0.0021605 0.169568 0.985516
1548265500.95343 0.763406 -1.82274 1.50751 -0.00120744 0.00170271 0.171119 0.985248
1548265500.98689 0.76461 -1.8217 1.50975 -0.0040163 -0.000483952 0.171861 0.985113
1548265501.01989 0.765555 -1.82085 1.51237 -0.00424397 -0.000832182 0.174213 0.984699
1548265501.05328 0.766372 -1.8204 1.51492 -0.0159105 0.00270008 0.180374 0.983466
1548265501.08657 0.766801 -1.81997 1.5171 -0.00632644 -0.00241711 0.175886 0.984387
1548265501.12014 0.767216 -1.81996 1.51927 -0.00698397 -0.00349477 0.176225 0.984319
1548265501.15325 0.767631 -1.8199 1.5212 -0.00771137 -0.00432115 0.177842 0.984019
1548265501.21973 0.767942 -1.82072 1.52561 -0.00714799 -0.00482071 0.174568 0.984607
1548265501.25325 0.767645 -1.82094 1.52792 -0.00846183 -0.00457367 0.171995 0.985051
1548265501.28669 0.767259 -1.82145 1.53 -0.0108877 -0.00505329 0.171445 0.985121
1548265501.31995 0.766947 -1.82255 1.53221 -0.00885345 -0.00576998 0.169856 0.985412
1548265501.35306 0.766599 -1.82347 1.53423 -0.00961723 -0.00554987 0.167458 0.985817
1548265501.38654 0.76661 -1.82411 1.5359 -0.0118647 -0.00477419 0.166085 0.986029
1548265501.41986 0.766423 -1.82489 1.53809 -0.0112585 -0.00450472 0.166018 0.986048
1548265501.45311 0.766123 -1.82563 1.54022 -0.0122778 -0.0039619 0.165318 0.986156
1548265501.48643 0.765674 -1.8262 1.54214 -0.0139156 -0.00300946 0.163872 0.986379
1548265501.51992 0.765325 -1.82686 1.54419 -0.0132685 -0.0037542 0.162906 0.986545
1548265501.55333 0.764712 -1.82729 1.54604 -0.0134412 -0.00473191 0.163955 0.986365
1548265501.58675 0.764263 -1.82776 1.54774 -0.0164565 -0.00237199 0.160628 0.986875
1548265501.62001 0.763709 -1.8289 1.54942 -0.0151562 -0.0027932 0.159791 0.987031
1548265501.65328 0.762206 -1.82983 1.55161 -0.0178291 -0.00373878 0.157363 0.987373
1548265501.68686 0.760927 -1.83121 1.55383 -0.0186922 -0.000961846 0.153671 0.987945
1548265501.72010 0.759495 -1.83326 1.5564 -0.0198517 -8.13052e-05 0.148152 0.988765
1548265501.75356 0.757687 -1.83555 1.55958 -0.0221412 -0.00142865 0.142735 0.989512
1548265501.78689 0.755411 -1.83791 1.56312 -0.0222584 0.000812021 0.138065 0.990173
1548265501.82008 0.752333 -1.84062 1.56728 -0.0217808 0.00154068 0.130988 0.991143
1548265501.85329 0.74911 -1.84329 1.57169 -0.0229116 0.00420251 0.128811 0.991396
1548265501.88668 0.744911 -1.8456 1.57648 -0.0268929 0.00176286 0.118018 0.992646
1548265501.91995 0.740278 -1.84855 1.58184 -0.02833 0.00353098 0.10829 0.993709
1548265501.95332 0.73469 -1.85064 1.58723 -0.0353698 0.00635867 0.107768 0.993526
1548265501.98652 0.728957 -1.85373 1.59245 -0.0451765 0.00766099 0.0969136 0.994238
1548265502.01938 0.723676 -1.85708 1.59831 -0.0459274 0.00680349 0.087024 0.995124
1548265502.05331 0.717217 -1.86068 1.60381 -0.0423628 0.00686124 0.0736469 0.996361
1548265502.08677 0.710196 -1.86471 1.60948 -0.0431764 0.00494733 0.0662785 0.996854
1548265502.11990 0.703044 -1.86864 1.61443 -0.04909 0.00587064 0.0552847 0.997246
1548265502.15288 0.695765 -1.8732 1.61967 -0.0501109 0.0044201 0.0448545 0.997726
1548265502.18643 0.68845 -1.87775 1.62478 -0.0514293 0.00303829 0.0404361 0.997853
1548265502.21983 0.681213 -1.88235 1.62941 -0.0533835 0.00250804 0.0295061 0.998135
1548265502.25336 0.674243 -1.88733 1.63379 -0.0555562 0.00236022 0.0227861 0.998193
1548265502.28681 0.667994 -1.89272 1.63838 -0.0556076 -3.96777e-05 0.0163809 0.998318
1548265502.32026 0.661816 -1.89762 1.64227 -0.0585308 0.00118892 0.0114191 0.99822
1548265502.35304 0.656044 -1.90313 1.64617 -0.0586721 0.000723913 0.00331593 0.998272
1548265502.38688 0.650849 -1.9089 1.65025 -0.0549985 -0.000941361 -0.000808558 0.998486
1548265502.42007 0.645388 -1.91383 1.65376 -0.0626111 -0.000114424 -0.00431532 0.998029
1548265502.45362 0.64055 -1.91953 1.65786 -0.0622199 0.00205781 -0.00961506 0.998014
1548265502.48670 0.635422 -1.92419 1.66154 -0.0665159 -0.000503573 -0.0112182 0.997722
1548265502.51957 0.630461 -1.92982 1.66593 -0.0681988 4.44417e-05 -0.012586 0.997592
1548265502.55343 0.625228 -1.93538 1.67001 -0.0698639 -0.000376227 -0.0185937 0.997383
1548265502.58671 0.619909 -1.94159 1.67468 -0.0700699 0.000115297 -0.0216751 0.997307
1548265502.62011 0.614111 -1.94729 1.67914 -0.0718643 -0.00129296 -0.0245988 0.99711
1548265502.65309 0.60841 -1.954 1.68396 -0.0711487 -0.0010043 -0.030927 0.996986
1548265502.68625 0.602489 -1.96035 1.68838 -0.0754162 -0.000933309 -0.0344933 0.996555
1548265502.72006 0.596561 -1.96692 1.69296 -0.0750396 -0.00275445 -0.0359022 0.99653
1548265502.75331 0.59084 -1.97333 1.69731 -0.0780555 -0.00342467 -0.0398382 0.996147
1548265502.78661 0.585006 -1.98013 1.70173 -0.0799668 -0.0025044 -0.0450806 0.995775
1548265502.81992 0.579415 -1.9873 1.70668 -0.0773072 -0.00392082 -0.0501332 0.995738
1548265502.85316 0.573307 -1.99345 1.711 -0.0818021 -0.00378239 -0.0531014 0.995226
1548265502.88653 0.567333 -2.00049 1.71511 -0.0831193 -0.00168114 -0.059384 0.994767
1548265502.91980 0.561525 -2.0069 1.71908 -0.0841039 -0.00070561 -0.0646338 0.994358
1548265502.95305 0.555058 -2.01253 1.72279 -0.0856529 -0.00128321 -0.0662012 0.994122
1548265502.98645 0.548622 -2.0185 1.72661 -0.0843017 0.000497272 -0.0747894 0.99363
1548265503.01943 0.54197 -2.02385 1.73016 -0.0886168 0.00137711 -0.079704 0.992871
1548265503.05340 0.535127 -2.02929 1.73409 -0.0893577 0.000998511 -0.0826812 0.992561
1548265503.08672 0.52779 -2.03513 1.73808 -0.0911434 -0.000311394 -0.0895704 0.991801
1548265503.12012 0.519972 -2.0412 1.74226 -0.0936348 -0.000816103 -0.0958606 0.990981
1548265503.15331 0.512322 -2.04725 1.74678 -0.0915255 -0.00394775 -0.100859 0.990674
1548265503.18673 0.505029 -2.05289 1.75104 -0.0926602 -0.00723605 -0.108717 0.989718
1548265503.22001 0.498341 -2.05852 1.75493 -0.0949406 -0.00672815 -0.117908 0.988453
1548265503.25341 0.491923 -2.06435 1.7585 -0.0958465 -0.00870982 -0.123395 0.98768
1548265503.28684 0.486178 -2.07032 1.76212 -0.0963655 -0.0102426 -0.127322 0.987116
1548265503.31998 0.481167 -2.07684 1.76563 -0.0950007 -0.0101663 -0.135924 0.986102
1548265503.35313 0.476158 -2.08394 1.76905 -0.0946493 -0.010341 -0.141027 0.985417
1548265503.38695 0.471745 -2.09113 1.77243 -0.0924912 -0.0113907 -0.145855 0.984907
1548265503.42009 0.467464 -2.09872 1.77573 -0.0901022 -0.0115267 -0.152396 0.984136
1548265503.45327 0.464155 -2.10624 1.77859 -0.0917945 -0.00900226 -0.162545 0.982381
1548265503.48642 0.461099 -2.11349 1.78148 -0.0920299 -0.00961974 -0.167199 0.981571
1548265503.51941 0.45844 -2.12044 1.78437 -0.0923877 -0.0106567 -0.171693 0.980751
1548265503.55355 0.456146 -2.12774 1.78675 -0.0955431 -0.00805832 -0.184701 0.978106
1548265503.58653 0.454414 -2.13519 1.78941 -0.103027 -0.00323057 -0.189022 0.976548
1548265503.61974 0.452905 -2.14147 1.79141 -0.100822 -0.00684525 -0.194658 0.975652
1548265503.65313 0.452046 -2.14751 1.79279 -0.100094 -0.00830116 -0.204891 0.973618
1548265503.68666 0.451288 -2.15349 1.79338 -0.101692 -0.00604463 -0.219273 0.970331
1548265503.71996 0.451269 -2.15889 1.79336 -0.105836 -0.00476501 -0.221566 0.969373
1548265503.75330 0.452598 -2.16406 1.79288 -0.109662 -0.00383782 -0.224273 0.968329
1548265503.78657 0.454527 -2.16985 1.79171 -0.111725 -0.00222387 -0.230705 0.966586
1548265503.81981 0.457141 -2.17588 1.78969 -0.112046 9.38129e-05 -0.235499 0.965394
1548265503.85350 0.459982 -2.18179 1.78692 -0.110807 0.00370913 -0.238943 0.964684
1548265503.88692 0.462967 -2.18563 1.78328 -0.112749 0.003485 -0.239057 0.964431
1548265503.92007 0.466163 -2.18858 1.7789 -0.116664 0.00547056 -0.243841 0.962757
1548265503.95336 0.46923 -2.19184 1.77412 -0.119575 0.00750992 -0.248509 0.961191
1548265503.98680 0.472263 -2.19482 1.76934 -0.120276 0.00975912 -0.251292 0.96036
1548265504.01995 0.475498 -2.19759 1.76419 -0.123582 0.0108447 -0.251908 0.959767
1548265504.05336 0.477974 -2.20124 1.7587 -0.123342 0.011509 -0.251706 0.959843
1548265504.08687 0.480292 -2.20567 1.7531 -0.123222 0.0137933 -0.257666 0.958246
1548265504.12004 0.482518 -2.21059 1.74757 -0.121806 0.0150817 -0.2597 0.957858
1548265504.15304 0.48454 -2.2164 1.7422 -0.117593 0.017243 -0.259556 0.958387
1548265504.18676 0.486143 -2.22147 1.73652 -0.115224 0.0200046 -0.263786 0.957466
1548265504.21997 0.486857 -2.22566 1.73047 -0.116803 0.0234096 -0.270688 0.955268
1548265504.25331 0.486404 -2.22997 1.72499 -0.112998 0.0225057 -0.27277 0.955155
1548265504.28669 0.486099 -2.23274 1.71949 -0.113835 0.0241772 -0.275213 0.954314
1548265504.31981 0.485431 -2.23573 1.71425 -0.113699 0.024134 -0.280853 0.952687
1548265504.35318 0.483826 -2.23891 1.7095 -0.115038 0.0274975 -0.284647 0.951308
1548265504.38668 0.48364 -2.24208 1.70408 -0.113378 0.0209846 -0.286088 0.951241
1548265504.42002 0.482956 -2.24618 1.69873 -0.113382 0.0228096 -0.288614 0.950435
1548265504.45316 0.482479 -2.25116 1.6932 -0.111409 0.023316 -0.292988 0.949317
1548265504.48660 0.482899 -2.25715 1.68754 -0.109828 0.0263843 -0.29655 0.948314
1548265504.51937 0.483549 -2.26308 1.68136 -0.110516 0.0261457 -0.295698 0.948507
1548265504.55320 0.483901 -2.2697 1.67487 -0.107486 0.0286724 -0.298245 0.947985
1548265504.58654 0.485114 -2.27642 1.66781 -0.10804 0.0319185 -0.301183 0.946888
1548265504.61975 0.487189 -2.28343 1.66065 -0.106954 0.0332259 -0.296126 0.94856
1548265504.65336 0.488772 -2.2911 1.65245 -0.107106 0.0383318 -0.297741 0.947845
1548265504.68681 0.490704 -2.29983 1.64415 -0.106305 0.0447351 -0.304373 0.945545
1548265504.71994 0.493322 -2.3081 1.6363 -0.106401 0.0461419 -0.297422 0.947676
1548265504.75338 0.494441 -2.31516 1.62834 -0.106643 0.0474661 -0.29401 0.948648
1548265504.78683 0.494682 -2.32257 1.62101 -0.106207 0.0492022 -0.298199 0.9473
1548265504.82012 0.494612 -2.32985 1.61442 -0.105307 0.0516056 -0.301117 0.946349
1548265504.85356 0.494223 -2.33723 1.60892 -0.104341 0.0517218 -0.302804 0.945911
1548265504.88663 0.493459 -2.34443 1.60447 -0.10321 0.0514724 -0.300475 0.946791
1548265504.91996 0.492436 -2.35116 1.60093 -0.101289 0.0473211 -0.300827 0.947103
1548265504.95332 0.491758 -2.35896 1.59807 -0.100657 0.0479867 -0.300769 0.947156
1548265504.98673 0.491346 -2.36671 1.59619 -0.0999282 0.0465615 -0.30127 0.947145
1548265505.02001 0.490557 -2.37411 1.59543 -0.097545 0.0447762 -0.299367 0.948082
1548265505.05326 0.489684 -2.38106 1.59572 -0.0978566 0.0433982 -0.299674 0.948017
1548265505.08647 0.488444 -2.38752 1.59709 -0.0970976 0.0436551 -0.302219 0.947275
1548265505.11978 0.487309 -2.3933 1.59915 -0.0967835 0.0426238 -0.307474 0.945662
1548265505.15337 0.486635 -2.39862 1.6015 -0.0981209 0.0408857 -0.31116 0.944394
1548265505.18670 0.486126 -2.40333 1.60385 -0.0983624 0.0394937 -0.315046 0.943139
1548265505.22000 0.48549 -2.40749 1.60637 -0.0999693 0.0387942 -0.317336 0.942231
1548265505.25315 0.485064 -2.41118 1.60898 -0.101076 0.0353976 -0.320721 0.9411
1548265505.28650 0.484915 -2.41524 1.61183 -0.102309 0.0357466 -0.324071 0.939805
1548265505.32001 0.484878 -2.41919 1.61433 -0.103035 0.0333063 -0.328517 0.93827
1548265505.35322 0.484369 -2.42315 1.61685 -0.102968 0.0317035 -0.330866 0.937507
1548265505.38650 0.484196 -2.42657 1.61902 -0.104867 0.0293771 -0.337476 0.935013
1548265505.41957 0.484342 -2.43122 1.62105 -0.106076 0.0302035 -0.344476 0.932294
1548265505.45328 0.485232 -2.43614 1.62262 -0.105356 0.0300746 -0.353033 0.929174
1548265505.48678 0.486391 -2.44128 1.62407 -0.105927 0.0295142 -0.356176 0.927926
1548265505.51994 0.487437 -2.44708 1.62535 -0.105914 0.0296675 -0.363601 0.925039
1548265505.55348 0.488254 -2.45314 1.62629 -0.104202 0.0326057 -0.37444 0.920801
1548265505.58678 0.48907 -2.45913 1.62731 -0.104801 0.0311243 -0.380968 0.918102
1548265505.61995 0.489791 -2.46415 1.62851 -0.103687 0.0268947 -0.385625 0.916416
1548265505.65339 0.490441 -2.46946 1.62977 -0.103137 0.0241399 -0.391703 0.913974
1548265505.68656 0.491786 -2.47453 1.63129 -0.10275 0.0199234 -0.392987 0.913568
1548265505.72024 0.493942 -2.47932 1.6329 -0.103837 0.0181657 -0.398124 0.911255
1548265505.75335 0.496244 -2.48523 1.63497 -0.101479 0.0176526 -0.403954 0.908962
1548265505.78684 0.500165 -2.48988 1.63746 -0.102251 0.0168837 -0.403091 0.909273
1548265505.82017 0.505053 -2.49411 1.6402 -0.10416 0.0135112 -0.403941 0.908735
1548265505.85325 0.510338 -2.49829 1.64311 -0.104723 0.0141455 -0.408363 0.906682
1548265505.88668 0.516515 -2.50266 1.64628 -0.105119 0.0135037 -0.407191 0.907173
1548265505.91984 0.523818 -2.50661 1.64929 -0.107204 0.0127245 -0.40309 0.908771
1548265505.95324 0.530178 -2.51059 1.65195 -0.107786 0.0133096 -0.404915 0.907882
1548265505.98632 0.536543 -2.51464 1.65528 -0.107554 0.0118938 -0.406684 0.907138
1548265506.01978 0.543958 -2.51902 1.65857 -0.108929 0.0116433 -0.403922 0.90821
1548265506.05324 0.551492 -2.52332 1.66173 -0.109436 0.0137209 -0.403779 0.908184
1548265506.08664 0.558607 -2.52705 1.66458 -0.109866 0.0142323 -0.403848 0.908093
1548265506.11983 0.565856 -2.53121 1.66738 -0.107546 0.0145271 -0.401518 0.909399
1548265506.15318 0.573625 -2.53453 1.67001 -0.108408 0.0169473 -0.402101 0.908997
1548265506.18655 0.580975 -2.53767 1.67281 -0.107611 0.0170466 -0.402735 0.908809
1548265506.22003 0.588404 -2.54035 1.67546 -0.110462 0.0192128 -0.401379 0.909023
1548265506.25312 0.595231 -2.5431 1.67822 -0.109277 0.0188427 -0.402768 0.90856
1548265506.28687 0.601839 -2.54552 1.68081 -0.109431 0.0186598 -0.407019 0.906649
1548265506.32009 0.608839 -2.54768 1.68357 -0.111454 0.0193883 -0.406099 0.9068
1548265506.35320 0.61614 -2.54979 1.68586 -0.11276 0.0193805 -0.407023 0.906224
1548265506.38686 0.623854 -2.552 1.68814 -0.114226 0.0227188 -0.409001 0.905072
1548265506.42019 0.631977 -2.55451 1.69033 -0.115854 0.0258222 -0.410523 0.904092
1548265506.45346 0.640613 -2.55662 1.69264 -0.11699 0.0277369 -0.410515 0.903892
1548265506.48691 0.649491 -2.55818 1.69462 -0.120036 0.0309062 -0.410364 0.903459
1548265506.51978 0.657961 -2.55945 1.6966 -0.124582 0.0340199 -0.412047 0.901964
1548265506.55342 0.666422 -2.56073 1.69871 -0.126976 0.0370759 -0.415592 0.899881
1548265506.58703 0.675064 -2.56115 1.70071 -0.131744 0.0403401 -0.412867 0.90031
1548265506.61996 0.683314 -2.56094 1.70209 -0.136932 0.043146 -0.417557 0.897237
1548265506.65336 0.691321 -2.56089 1.70279 -0.142072 0.0462 -0.419869 0.895205
1548265506.68679 0.699512 -2.56135 1.7019 -0.148037 0.0515899 -0.421847 0.893011
1548265506.71999 0.706809 -2.56172 1.69932 -0.154482 0.0574692 -0.425196 0.889967
1548265506.75332 0.712588 -2.56215 1.69572 -0.157698 0.0590108 -0.426301 0.888773
1548265506.78639 0.717654 -2.56326 1.69078 -0.158645 0.0632269 -0.42993 0.886563
1548265506.81991 0.721677 -2.56458 1.68485 -0.161002 0.0667102 -0.432446 0.884657
1548265506.85322 0.724835 -2.56628 1.67825 -0.159748 0.0696578 -0.436012 0.882906
1548265506.88664 0.727406 -2.56779 1.67148 -0.15922 0.072565 -0.436403 0.882574
1548265506.92011 0.729325 -2.5692 1.6645 -0.158832 0.0750314 -0.438626 0.881334
1548265506.95313 0.73079 -2.57112 1.65752 -0.156209 0.0780586 -0.439449 0.88113
1548265506.98671 0.731851 -2.57297 1.65089 -0.155782 0.0827848 -0.43921 0.880893
1548265507.01942 0.731649 -2.57407 1.645 -0.154766 0.0856678 -0.441798 0.879502
1548265507.05349 0.730453 -2.57504 1.63936 -0.152831 0.088151 -0.442959 0.87901
1548265507.08659 0.728666 -2.5757 1.63397 -0.149607 0.0893834 -0.441496 0.880176
1548265507.11983 0.725918 -2.57569 1.62884 -0.147306 0.0902002 -0.441947 0.880254
1548265507.15344 0.722567 -2.57495 1.62421 -0.146741 0.0920124 -0.440886 0.880693
1548265507.18683 0.71823 -2.57251 1.62018 -0.145255 0.090925 -0.439882 0.881554
1548265507.22023 0.713541 -2.56961 1.61634 -0.144473 0.090305 -0.441826 0.880774
1548265507.25345 0.708365 -2.56624 1.61281 -0.142923 0.0898549 -0.441013 0.88148
1548265507.28671 0.702463 -2.56147 1.60958 -0.144848 0.0875974 -0.434499 0.884622
1548265507.32027 0.695637 -2.55689 1.60633 -0.143368 0.0859513 -0.434471 0.885038
1548265507.35337 0.687933 -2.55183 1.60313 -0.144678 0.0852816 -0.432562 0.885825
1548265507.38699 0.679501 -2.54634 1.59992 -0.145623 0.0821577 -0.426216 0.889035
1548265507.42009 0.66979 -2.54152 1.59712 -0.143402 0.0803368 -0.42703 0.889172
1548265507.45325 0.659643 -2.53691 1.59462 -0.14338 0.0782619 -0.425425 0.89013
1548265507.48675 0.648604 -2.53205 1.5927 -0.144336 0.0742043 -0.416416 0.894572
1548265507.51968 0.636669 -2.52777 1.59095 -0.141832 0.0727101 -0.418252 0.894238
1548265507.55335 0.624952 -2.52357 1.58962 -0.138892 0.069044 -0.410604 0.898525
1548265507.58645 0.612732 -2.51871 1.58909 -0.136329 0.0650505 -0.399036 0.904408
1548265507.61977 0.600168 -2.51354 1.58853 -0.137057 0.0634683 -0.399383 0.904257
1548265507.65306 0.587103 -2.50807 1.58887 -0.135753 0.0572981 -0.391174 0.908444
1548265507.68651 0.574002 -2.50206 1.58924 -0.13518 0.053141 -0.379934 0.913539
1548265507.71987 0.560235 -2.49677 1.58997 -0.133805 0.0533337 -0.383887 0.912076
1548265507.75298 0.545931 -2.4908 1.59124 -0.132209 0.0484634 -0.378128 0.914982
1548265507.78654 0.532164 -2.48506 1.59228 -0.134098 0.0461461 -0.374619 0.916269
1548265507.82016 0.518555 -2.47936 1.59329 -0.131857 0.0460639 -0.374618 0.916599
1548265507.85352 0.504733 -2.47337 1.59443 -0.129746 0.0411567 -0.366878 0.920257
1548265507.88659 0.491262 -2.46703 1.59556 -0.130348 0.0414713 -0.36343 0.921525
1548265507.91991 0.477781 -2.46048 1.59667 -0.131339 0.0419769 -0.363508 0.921331
1548265507.95335 0.464196 -2.45416 1.59799 -0.131381 0.0412487 -0.359905 0.922771
1548265507.98674 0.450458 -2.44821 1.59948 -0.130204 0.0401515 -0.358923 0.923368
1548265508.02005 0.436559 -2.44297 1.60105 -0.129857 0.0427361 -0.364694 0.921037
1548265508.05317 0.422361 -2.43779 1.60355 -0.126383 0.0404653 -0.364351 0.921758
1548265508.08674 0.408356 -2.43229 1.60644 -0.12253 0.0402029 -0.360469 0.923814
1548265508.12014 0.394352 -2.42739 1.6091 -0.122532 0.0411593 -0.363313 0.922657
1548265508.15335 0.379641 -2.42214 1.61254 -0.121406 0.0350939 -0.359132 0.924691
1548265508.18702 0.364685 -2.4169 1.61685 -0.118524 0.0310619 -0.355033 0.92679
1548265508.22014 0.35009 -2.41169 1.62154 -0.117511 0.0293095 -0.355455 0.926814
1548265508.25323 0.335107 -2.40693 1.62652 -0.11597 0.0236238 -0.353706 0.927839
1548265508.28648 0.320543 -2.40208 1.63184 -0.114496 0.0165685 -0.350577 0.929361
1548265508.31988 0.306521 -2.39778 1.63745 -0.11373 0.0148588 -0.34995 0.92972
1548265508.35325 0.291783 -2.39536 1.64416 -0.0986344 0.00444462 -0.352558 0.930567
1548265508.38668 0.279517 -2.39159 1.64903 -0.108155 0.00702774 -0.348196 0.931135
1548265508.42001 0.266427 -2.38859 1.65502 -0.106808 0.0050712 -0.344976 0.932501
1548265508.45323 0.253793 -2.38589 1.66071 -0.103272 0.00184251 -0.344495 0.933089
1548265508.48657 0.241798 -2.38316 1.66589 -0.102697 -0.00376272 -0.340295 0.934686
1548265508.51941 0.229458 -2.38144 1.67113 -0.0939319 -0.00778309 -0.340658 0.935451
1548265508.55337 0.218219 -2.37863 1.67554 -0.0959717 -0.00914357 -0.33768 0.936311
1548265508.58675 0.207111 -2.37648 1.68075 -0.0914762 -0.0136394 -0.33035 0.939316
1548265508.61978 0.196525 -2.37446 1.68529 -0.0911244 -0.016525 -0.330686 0.939186
1548265508.65341 0.186316 -2.3727 1.69022 -0.0865446 -0.0206786 -0.332772 0.9388
1548265508.68684 0.176781 -2.36992 1.69503 -0.0863357 -0.0236694 -0.329489 0.939906
1548265508.72037 0.16773 -2.36732 1.69994 -0.0878583 -0.0270323 -0.327215 0.940468
1548265508.75334 0.158801 -2.36536 1.70526 -0.0853798 -0.0310905 -0.325496 0.941167
1548265508.78689 0.150608 -2.3632 1.71108 -0.08264 -0.0366899 -0.318401 0.943634
1548265508.82018 0.142814 -2.3611 1.71705 -0.0836368 -0.0432118 -0.310778 0.945809
1548265508.88692 0.129107 -2.35869 1.7287 -0.0817813 -0.0512464 -0.306293 0.947032
1548265508.92000 0.123402 -2.35755 1.73411 -0.0818162 -0.0563963 -0.295294 0.950225
1548265508.95347 0.118375 -2.35759 1.73859 -0.0807012 -0.0574549 -0.294747 0.950427
1548265508.98660 0.113597 -2.358 1.7422 -0.0797234 -0.0597783 -0.287521 0.952577
1548265509.01975 0.109301 -2.35871 1.74507 -0.0785226 -0.0658655 -0.276062 0.95566
1548265509.05336 0.105331 -2.3608 1.74686 -0.0765647 -0.0632342 -0.276676 0.955819
1548265509.08673 0.100147 -2.36282 1.74784 -0.0742478 -0.0640654 -0.274769 0.956496
1548265509.11983 0.094708 -2.36445 1.74793 -0.0713959 -0.0655378 -0.270668 0.957782
1548265509.15336 0.0879689 -2.36575 1.74705 -0.070298 -0.0680297 -0.26914 0.95812
1548265509.18663 0.0806217 -2.3668 1.74566 -0.0678337 -0.0688152 -0.268414 0.958445
1548265509.22006 0.0733131 -2.36712 1.74394 -0.0660181 -0.0717329 -0.261889 0.960161
1548265509.25332 0.065522 -2.36676 1.74156 -0.0662527 -0.0755728 -0.25541 0.961595
1548265509.28671 0.058299 -2.36629 1.73772 -0.0655747 -0.0757369 -0.254659 0.961828
1548265509.32005 0.0509868 -2.36561 1.73258 -0.0658667 -0.0779758 -0.248037 0.963358
1548265509.35329 0.0430246 -2.36501 1.72644 -0.0668001 -0.0813224 -0.239119 0.96527
1548265509.38672 0.0356338 -2.36637 1.71972 -0.0635442 -0.0787034 -0.239747 0.965551
1548265509.42012 0.0268961 -2.36777 1.71317 -0.0583914 -0.0794404 -0.233102 0.967441
1548265509.45337 0.017182 -2.36817 1.70682 -0.0603918 -0.0826065 -0.228999 0.968033
1548265509.48688 0.00695276 -2.36851 1.69975 -0.0527382 -0.076425 -0.228079 0.969205
1548265509.51976 -0.00322593 -2.36826 1.69325 -0.0498758 -0.0762843 -0.221501 0.970892
1548265509.55351 -0.0140989 -2.36739 1.68712 -0.0469855 -0.0734258 -0.219886 0.971623
1548265509.58694 -0.025955 -2.3669 1.68079 -0.0445629 -0.070875 -0.219301 0.972059
1548265509.62001 -0.038508 -2.36574 1.67483 -0.0388085 -0.0718318 -0.217272 0.972691
1548265509.65344 -0.0514737 -2.36353 1.66924 -0.0390678 -0.0704866 -0.213056 0.973711
1548265509.68688 -0.0644666 -2.36132 1.66549 -0.0367449 -0.0700891 -0.212208 0.974015
1548265509.72032 -0.0773209 -2.35871 1.66365 -0.0361322 -0.0704396 -0.209651 0.974566
1548265509.75338 -0.0903916 -2.35578 1.66338 -0.0371578 -0.0736435 -0.202882 0.975723
1548265509.78687 -0.103423 -2.35299 1.66503 -0.0366382 -0.0745758 -0.202589 0.975732
1548265509.82038 -0.115569 -2.34906 1.66844 -0.0382297 -0.0750176 -0.206546 0.974807
1548265509.85317 -0.128748 -2.34478 1.67299 -0.0406439 -0.0783488 -0.200411 0.975728
1548265509.88663 -0.142032 -2.34053 1.67837 -0.0443328 -0.0815342 -0.203906 0.974581
1548265509.91991 -0.155514 -2.33687 1.68433 -0.0459165 -0.0809576 -0.2078 0.973733
1548265509.95332 -0.16994 -2.3337 1.69039 -0.0450092 -0.08395 -0.212439 0.972521
1548265509.98690 -0.184614 -2.32998 1.69603 -0.0492515 -0.086002 -0.218207 0.970857
1548265510.01948 -0.199532 -2.32707 1.70185 -0.0511528 -0.0902466 -0.231637 0.967255
1548265510.05315 -0.21543 -2.32262 1.70679 -0.0490651 -0.0936669 -0.230685 0.967266
1548265510.08665 -0.231522 -2.31714 1.71166 -0.0516665 -0.103301 -0.224712 0.967556
1548265510.11957 -0.247454 -2.3118 1.71593 -0.0544057 -0.110087 -0.232977 0.964698
1548265510.15329 -0.263783 -2.30621 1.71993 -0.0561362 -0.11744 -0.237776 0.962559
1548265510.18684 -0.280143 -2.3 1.72341 -0.0586713 -0.128401 -0.234489 0.961814
1548265510.21980 -0.295638 -2.29399 1.72645 -0.0606316 -0.133758 -0.246014 0.958076
1548265510.25335 -0.31095 -2.28826 1.72919 -0.0629358 -0.143532 -0.24932 0.955655
1548265510.28681 -0.324925 -2.28381 1.73242 -0.0662673 -0.154615 -0.250245 0.953457
1548265510.32039 -0.336554 -2.27985 1.73649 -0.0670654 -0.15767 -0.255754 0.951437
1548265510.35327 -0.345351 -2.27649 1.74203 -0.0713978 -0.162255 -0.253895 0.950849
1548265510.38675 -0.351917 -2.27488 1.74912 -0.0771516 -0.169185 -0.248796 0.950539
1548265510.42032 -0.35596 -2.27566 1.75714 -0.077057 -0.170018 -0.243601 0.951743
1548265510.45344 -0.357536 -2.2778 1.76568 -0.0814342 -0.168721 -0.235309 0.953694
1548265510.48678 -0.357568 -2.28194 1.77459 -0.0834485 -0.166594 -0.225866 0.956173
1548265510.51978 -0.356667 -2.28848 1.78316 -0.0808707 -0.164989 -0.215185 0.959132
1548265510.55345 -0.356031 -2.29627 1.79095 -0.0823511 -0.160606 -0.205064 0.961963
1548265510.58675 -0.357098 -2.30502 1.7983 -0.0816832 -0.159065 -0.198582 0.963634
1548265510.62034 -0.360596 -2.31455 1.80523 -0.0779597 -0.159655 -0.189629 0.965647
1548265510.65345 -0.366595 -2.32353 1.81131 -0.0759769 -0.162205 -0.181949 0.966857
1548265510.68655 -0.374845 -2.33263 1.81661 -0.0721873 -0.168953 -0.171562 0.96789
1548265510.72007 -0.38483 -2.34192 1.8213 -0.069027 -0.175065 -0.163772 0.968383
1548265510.75325 -0.395901 -2.35141 1.82548 -0.0661393 -0.180412 -0.156167 0.96886
1548265510.78670 -0.407649 -2.36047 1.82917 -0.0632364 -0.185568 -0.151672 0.968794
1548265510.82010 -0.419686 -2.36911 1.83233 -0.0627367 -0.187774 -0.150246 0.968624
1548265510.85307 -0.431877 -2.37745 1.83492 -0.0618446 -0.188345 -0.150441 0.96854
1548265510.88674 -0.444642 -2.38463 1.83672 -0.0624573 -0.19042 -0.146743 0.968662
1548265510.92005 -0.457817 -2.39202 1.83818 -0.062039 -0.191941 -0.146824 0.968376
1548265510.95329 -0.471312 -2.39938 1.83943 -0.0618847 -0.193204 -0.145439 0.968344
1548265510.98646 -0.48485 -2.4077 1.84064 -0.0606251 -0.194472 -0.143779 0.968418
1548265511.01954 -0.498605 -2.41655 1.84168 -0.0590573 -0.194213 -0.144336 0.968484
1548265511.05333 -0.512772 -2.42617 1.84245 -0.0566623 -0.195453 -0.141775 0.968756
1548265511.08679 -0.526548 -2.43744 1.84353 -0.0516652 -0.195948 -0.138205 0.969451
1548265511.12030 -0.540011 -2.44934 1.84459 -0.046345 -0.194409 -0.13681 0.970227
1548265511.15349 -0.553338 -2.46101 1.84518 -0.0414867 -0.192416 -0.135954 0.970964
1548265511.18688 -0.566485 -2.47189 1.84537 -0.0367171 -0.191984 -0.132965 0.971655
1548265511.22014 -0.579462 -2.48166 1.84537 -0.0329296 -0.19005 -0.133378 0.972115
1548265511.25352 -0.592111 -2.49012 1.84542 -0.0313652 -0.188871 -0.133514 0.972377
1548265511.28673 -0.604803 -2.49777 1.8453 -0.0297734 -0.188886 -0.132631 0.972546
1548265511.32040 -0.617111 -2.50494 1.84508 -0.0290389 -0.187554 -0.132579 0.972833
1548265511.35360 -0.629581 -2.51161 1.84486 -0.0278941 -0.188586 -0.130996 0.972881
1548265511.38663 -0.641968 -2.51775 1.84461 -0.0267408 -0.189746 -0.129774 0.972852
1548265511.45335 -0.666521 -2.52792 1.84423 -0.0269711 -0.193575 -0.128961 0.972199
1548265511.48666 -0.67789 -2.53255 1.84458 -0.0276429 -0.194511 -0.127149 0.972232
1548265511.51990 -0.68871 -2.53672 1.8454 -0.028489 -0.195039 -0.125353 0.972335
1548265511.55315 -0.698809 -2.54044 1.84659 -0.0295151 -0.195274 -0.124304 0.972392
1548265511.58625 -0.708462 -2.54404 1.84787 -0.0303286 -0.194886 -0.123422 0.972557
1548265511.62014 -0.71737 -2.5474 1.84941 -0.031172 -0.193611 -0.124395 0.972661
1548265511.65331 -0.725715 -2.55072 1.85115 -0.0322689 -0.192225 -0.125372 0.972775
1548265511.68675 -0.733328 -2.55419 1.85273 -0.0328014 -0.190151 -0.126105 0.973069
1548265511.71979 -0.740424 -2.55774 1.85421 -0.0327265 -0.188736 -0.124578 0.973544
1548265511.75322 -0.746953 -2.56132 1.85546 -0.0332367 -0.188088 -0.123599 0.973777
1548265511.78672 -0.752384 -2.5655 1.8568 -0.0336504 -0.184106 -0.124134 0.974455
1548265511.81991 -0.757544 -2.56963 1.85767 -0.033047 -0.181086 -0.125123 0.974915
1548265511.85340 -0.762695 -2.57348 1.85804 -0.0326953 -0.17918 -0.123771 0.975452
1548265511.88678 -0.767608 -2.57712 1.85803 -0.0318271 -0.176235 -0.126863 0.97562
1548265511.92021 -0.772373 -2.58063 1.85768 -0.0313165 -0.174317 -0.125194 0.976196
1548265511.95349 -0.777319 -2.58367 1.85705 -0.0312259 -0.172881 -0.125603 0.976402
1548265511.98691 -0.782497 -2.58632 1.85633 -0.0315409 -0.171025 -0.125922 0.976678
1548265512.02014 -0.788181 -2.58874 1.85546 -0.0326916 -0.171547 -0.125007 0.976666
1548265512.05344 -0.79401 -2.5911 1.85456 -0.0334016 -0.170364 -0.12834 0.976417
1548265512.08692 -0.800351 -2.59386 1.8536 -0.0334519 -0.171162 -0.129016 0.976186
1548265512.11996 -0.807063 -2.59725 1.85268 -0.032855 -0.173146 -0.126349 0.976205
1548265512.15327 -0.813553 -2.60074 1.85178 -0.0324688 -0.173584 -0.127195 0.976031
1548265512.18667 -0.819636 -2.60437 1.85086 -0.0312531 -0.173798 -0.126933 0.976066
1548265512.22021 -0.825214 -2.60784 1.8498 -0.0307677 -0.176633 -0.121188 0.976303
1548265512.25316 -0.829872 -2.61102 1.84844 -0.0300574 -0.176785 -0.120872 0.976337
1548265512.28650 -0.833453 -2.61359 1.84652 -0.030166 -0.175225 -0.120303 0.976685
1548265512.32008 -0.836153 -2.61582 1.84411 -0.0309112 -0.173475 -0.119528 0.977069
1548265512.35316 -0.837712 -2.61785 1.84111 -0.0314152 -0.169286 -0.122317 0.977442
1548265512.38650 -0.838547 -2.61972 1.83751 -0.0323787 -0.167674 -0.117569 0.978271
1548265512.42022 -0.838417 -2.62181 1.83346 -0.0325431 -0.164625 -0.11882 0.978632
1548265512.45319 -0.837515 -2.62442 1.82919 -0.0329745 -0.160475 -0.118907 0.979297
1548265512.48670 -0.836658 -2.62781 1.82432 -0.0311654 -0.160511 -0.113571 0.979983
1548265512.51954 -0.835611 -2.63191 1.81917 -0.0282924 -0.161485 -0.108206 0.980517
1548265512.55346 -0.833908 -2.63636 1.8139 -0.0263677 -0.158629 -0.108876 0.980963
1548265512.58654 -0.832092 -2.6411 1.80845 -0.0224894 -0.159037 -0.105846 0.981325
1548265512.61987 -0.830034 -2.64555 1.80288 -0.019908 -0.160252 -0.0994513 0.981852
1548265512.65362 -0.827229 -2.65027 1.79747 -0.0160265 -0.1567 -0.103465 0.982081
1548265512.68685 -0.824279 -2.65475 1.79225 -0.0131339 -0.157063 -0.100276 0.982397
1548265512.72000 -0.820976 -2.65894 1.78739 -0.0109429 -0.156922 -0.0954749 0.982924
1548265512.75350 -0.817329 -2.66302 1.78324 -0.00752055 -0.153347 -0.0990884 0.983163
1548265512.78654 -0.814405 -2.66602 1.7797 -0.00416443 -0.15601 -0.0927217 0.983385
1548265512.82017 -0.811753 -2.66748 1.77718 -0.00280169 -0.15675 -0.0905267 0.983477
1548265512.85336 -0.8095 -2.66766 1.77586 -0.00329547 -0.156611 -0.094701 0.983104
1548265512.88696 -0.807814 -2.66741 1.7759 -0.00435515 -0.161459 -0.088672 0.982878
1548265512.92015 -0.805913 -2.66704 1.77735 -0.00539824 -0.161843 -0.0901175 0.982678
1548265512.95332 -0.803999 -2.66646 1.77984 -0.00806462 -0.162815 -0.0913056 0.98239
1548265512.98690 -0.801612 -2.66671 1.78372 -0.00683562 -0.164687 -0.0846413 0.982684
1548265513.01973 -0.799556 -2.66592 1.78813 -0.0097114 -0.16525 -0.0878439 0.982284
1548265513.05329 -0.79705 -2.66507 1.79324 -0.0110865 -0.166371 -0.0863924 0.982209
1548265513.08653 -0.794249 -2.66343 1.79857 -0.0146627 -0.166912 -0.081908 0.982454
1548265513.11973 -0.79085 -2.66174 1.80412 -0.0168826 -0.163255 -0.0853793 0.982738
1548265513.15339 -0.787475 -2.65988 1.80937 -0.0202746 -0.162992 -0.0829299 0.982927
1548265513.18685 -0.784075 -2.65836 1.81414 -0.023936 -0.162656 -0.0807392 0.983082
1548265513.21998 -0.780127 -2.65754 1.81866 -0.0253886 -0.159292 -0.0815422 0.983531
1548265513.25319 -0.776507 -2.65672 1.82239 -0.0273115 -0.16041 -0.0768555 0.983675
1548265513.28677 -0.772502 -2.65631 1.82554 -0.0291034 -0.160057 -0.0747774 0.983841
1548265513.32019 -0.768089 -2.65638 1.82813 -0.0299056 -0.158364 -0.0748818 0.984083
1548265513.35330 -0.763378 -2.65711 1.83012 -0.0300862 -0.155674 -0.0708813 0.984803
1548265513.38683 -0.758714 -2.65787 1.83137 -0.0299684 -0.154263 -0.0707004 0.985041
1548265513.41993 -0.753744 -2.659 1.83236 -0.0285958 -0.150146 -0.0676379 0.985933
1548265513.45333 -0.749609 -2.65963 1.83274 -0.0284336 -0.149191 -0.0661001 0.986187
1548265513.48673 -0.745546 -2.66015 1.83291 -0.0293473 -0.147983 -0.0659051 0.986355
1548265513.51983 -0.741921 -2.66049 1.83315 -0.028319 -0.146666 -0.0646164 0.986667
1548265513.55358 -0.738832 -2.66024 1.83319 -0.0302544 -0.145242 -0.0625047 0.986956
1548265513.58697 -0.736133 -2.66018 1.83326 -0.0284852 -0.144586 -0.0632722 0.987056
1548265513.62036 -0.733907 -2.6602 1.83325 -0.0289809 -0.142921 -0.0618992 0.987371
1548265513.65334 -0.732339 -2.66055 1.83332 -0.0277181 -0.143481 -0.0609955 0.987383
1548265513.68682 -0.731474 -2.66095 1.8333 -0.026576 -0.14319 -0.0610894 0.98745
1548265513.72022 -0.730991 -2.66129 1.83323 -0.0258375 -0.143291 -0.0607027 0.987479
1548265513.75339 -0.731022 -2.66119 1.83311 -0.0251943 -0.144305 -0.0597373 0.987407
1548265513.78676 -0.731451 -2.66075 1.83303 -0.0247366 -0.14522 -0.0601276 0.987261
1548265513.82010 -0.732217 -2.65961 1.83304 -0.0261507 -0.145925 -0.0606829 0.987086
1548265513.85346 -0.733264 -2.65828 1.83315 -0.0256453 -0.147431 -0.0602445 0.986903
1548265513.88686 -0.73447 -2.6567 1.83338 -0.0262651 -0.148074 -0.0608438 0.986753
1548265513.92010 -0.735885 -2.65495 1.83351 -0.0282258 -0.150072 -0.0621904 0.986313
1548265513.95327 -0.737317 -2.65324 1.83383 -0.0276192 -0.151715 -0.0633912 0.986003
1548265514.01967 -0.73967 -2.65032 1.8347 -0.0283711 -0.152613 -0.0628806 0.985875
1548265514.05334 -0.740617 -2.64899 1.83526 -0.0281406 -0.153111 -0.0642553 0.985716
1548265514.08681 -0.741015 -2.64784 1.83591 -0.0266154 -0.152505 -0.0618127 0.986009
1548265514.11999 -0.741873 -2.64558 1.83628 -0.0297832 -0.153288 -0.0640717 0.985652
1548265514.15340 -0.742103 -2.64373 1.83676 -0.0301307 -0.155794 -0.0650669 0.985184
1548265514.18666 -0.742018 -2.64199 1.83713 -0.0300316 -0.156429 -0.0633576 0.985197
1548265514.22017 -0.741225 -2.64052 1.83738 -0.0302497 -0.153834 -0.0643766 0.985533
1548265514.25346 -0.740189 -2.63919 1.83739 -0.0306245 -0.153004 -0.0646345 0.985634
1548265514.28679 -0.739025 -2.63807 1.8372 -0.0316555 -0.152945 -0.0643283 0.985631
1548265514.32031 -0.737421 -2.63747 1.83691 -0.0313186 -0.150177 -0.0642035 0.986075
1548265514.35356 -0.735665 -2.63752 1.83663 -0.0295488 -0.147824 -0.0644366 0.98647
1548265514.38694 -0.73386 -2.6376 1.83612 -0.028984 -0.147801 -0.0647775 0.986468
1548265514.42010 -0.731709 -2.63803 1.83572 -0.0287755 -0.144972 -0.063987 0.986945
1548265514.45351 -0.729512 -2.63877 1.83559 -0.0255993 -0.142055 -0.0632939 0.987501
1548265514.48687 -0.727648 -2.63902 1.83551 -0.0245666 -0.140798 -0.061581 0.987816
1548265514.51988 -0.72628 -2.63855 1.83547 -0.0246573 -0.139825 -0.0646077 0.987759
1548265514.55348 -0.724858 -2.63769 1.83573 -0.0247774 -0.137065 -0.0635509 0.988211
1548265514.58689 -0.723778 -2.63614 1.83609 -0.0256507 -0.136592 -0.0631 0.988283
1548265514.62012 -0.722807 -2.63452 1.83658 -0.0245862 -0.135852 -0.0651274 0.98828
1548265514.65350 -0.722219 -2.63248 1.83723 -0.0269272 -0.135667 -0.0650664 0.988249
1548265514.68683 -0.721967 -2.63058 1.83797 -0.0272147 -0.136384 -0.0637233 0.98823
1548265514.72006 -0.721897 -2.62884 1.83873 -0.0271449 -0.136759 -0.0643295 0.988141
1548265514.75337 -0.722054 -2.62721 1.83947 -0.0270736 -0.138381 -0.06484 0.987883
1548265514.78663 -0.722135 -2.62591 1.84032 -0.0267684 -0.138649 -0.0637187 0.987927
