# ground truth trajectory
# timestamp tx ty tz qx qy qz qw
1548339892.26121 -0.576859 -1.45194 1.54543 0.160714 0.0617905 -0.00383051 -0.985058
1548339892.29459 -0.574346 -1.45262 1.54313 0.158535 0.0616407 -0.00775755 -0.985397
1548339892.32787 -0.57185 -1.45316 1.54089 0.157914 0.0611799 -0.0135738 -0.985462
1548339892.36135 -0.56965 -1.45309 1.53889 0.154532 0.0607238 -0.017724 -0.985961
1548339892.39470 -0.567445 -1.45234 1.5366 0.156533 0.0615525 -0.0201722 -0.985546
1548339892.42777 -0.565515 -1.4522 1.5348 0.156589 0.0622826 -0.0255265 -0.985368
1548339892.46105 -0.563673 -1.45137 1.533 0.157595 0.0640024 -0.0287169 -0.985009
1548339892.49463 -0.561698 -1.45072 1.53128 0.156974 0.064094 -0.0327871 -0.984975
1548339892.52794 -0.55926 -1.45 1.52933 0.155768 0.0651499 -0.0342382 -0.985048
1548339892.56130 -0.556791 -1.44953 1.52758 0.154736 0.0646903 -0.0385374 -0.985082
1548339892.59447 -0.553999 -1.44897 1.52572 0.155382 0.064514 -0.0428761 -0.984813
1548339892.62774 -0.55157 -1.44832 1.52399 0.154888 0.0637284 -0.0455249 -0.984823
1548339892.66108 -0.549204 -1.44768 1.52258 0.155073 0.0636177 -0.0491526 -0.984626
1548339892.69440 -0.546968 -1.44732 1.52161 0.153913 0.0635831 -0.0512988 -0.984701
1548339892.72777 -0.545131 -1.44689 1.52094 0.153254 0.0641496 -0.0544086 -0.9846
1548339892.76096 -0.543833 -1.44639 1.52084 0.155128 0.0657447 -0.055841 -0.984121
1548339892.79434 -0.542924 -1.44554 1.52092 0.155912 0.0666574 -0.0585965 -0.983776
1548339892.82791 -0.542078 -1.44479 1.52155 0.154679 0.0689823 -0.0625988 -0.983563
1548339892.86115 -0.54105 -1.44418 1.52255 0.153214 0.0710397 -0.064487 -0.983524
1548339892.89440 -0.539909 -1.44338 1.52416 0.154954 0.0730252 -0.0670316 -0.982936
1548339892.92774 -0.538445 -1.44216 1.52556 0.15693 0.0750341 -0.0732929 -0.982024
1548339892.96104 -0.536322 -1.44137 1.52734 0.157972 0.0755094 -0.0777198 -0.98148
1548339892.99454 -0.534329 -1.44044 1.52932 0.160122 0.0771972 -0.0807999 -0.980751
1548339893.02792 -0.53188 -1.43949 1.53141 0.16075 0.0775796 -0.0851813 -0.980247
1548339893.06131 -0.52937 -1.43856 1.53331 0.162781 0.0781671 -0.0891793 -0.97951
1548339893.09458 -0.526644 -1.43824 1.53521 0.161459 0.0798035 -0.0923319 -0.979304
1548339893.12805 -0.523968 -1.43759 1.53681 0.163357 0.0792631 -0.0954238 -0.978737
1548339893.16117 -0.521574 -1.43723 1.53835 0.163667 0.0806355 -0.0988782 -0.97823
1548339893.19463 -0.519144 -1.43699 1.54004 0.164293 0.0805596 -0.0999937 -0.978018
1548339893.22803 -0.517261 -1.43691 1.54189 0.165348 0.0830806 -0.102538 -0.977366
1548339893.26144 -0.51539 -1.43656 1.54388 0.165973 0.0817231 -0.104053 -0.977214
1548339893.29468 -0.513882 -1.43648 1.54641 0.167491 0.0842346 -0.105169 -0.976622
1548339893.32782 -0.512095 -1.43681 1.54958 0.164026 0.0808152 -0.109288 -0.977047
1548339893.36119 -0.511252 -1.43667 1.55293 0.166383 0.0857781 -0.106783 -0.976502
1548339893.39466 -0.510049 -1.43652 1.55651 0.168478 0.0850121 -0.107254 -0.976158
1548339893.42775 -0.509658 -1.43669 1.56112 0.169068 0.0854489 -0.106195 -0.976134
1548339893.46087 -0.509823 -1.43675 1.56608 0.169317 0.0871412 -0.106119 -0.975949
1548339893.49408 -0.509842 -1.43647 1.57067 0.173489 0.0880584 -0.106631 -0.975078
1548339893.52780 -0.510261 -1.43657 1.57585 0.172721 0.0858122 -0.107641 -0.975304
1548339893.56116 -0.511231 -1.43584 1.58049 0.175397 0.0898857 -0.102913 -0.97497
1548339893.59441 -0.512238 -1.4351 1.58483 0.178835 0.0917055 -0.100202 -0.974458
1548339893.62780 -0.512748 -1.43452 1.58875 0.180932 0.0875819 -0.101641 -0.974301
1548339893.66112 -0.513872 -1.43347 1.59228 0.183572 0.0924739 -0.0963394 -0.973894
1548339893.69436 -0.514624 -1.43222 1.5954 0.18484 0.0914102 -0.096703 -0.973718
1548339893.72804 -0.515198 -1.43122 1.59864 0.185766 0.0876898 -0.0993854 -0.973614
1548339893.76108 -0.515791 -1.42963 1.60101 0.191861 0.0895382 -0.0936348 -0.972833
1548339893.79438 -0.515988 -1.42853 1.60364 0.192217 0.0869765 -0.0905888 -0.973284
1548339893.82787 -0.516172 -1.42762 1.60616 0.194457 0.0864118 -0.0899418 -0.972949
1548339893.86127 -0.516647 -1.42706 1.60849 0.197406 0.0845802 -0.0876098 -0.972729
1548339893.89454 -0.516936 -1.42713 1.61077 0.197349 0.081109 -0.0854157 -0.973231
1548339893.92806 -0.517311 -1.42707 1.61261 0.198156 0.0817049 -0.0779275 -0.973646
1548339893.96114 -0.518188 -1.42723 1.61448 0.198547 0.0794813 -0.0748817 -0.973989
1548339893.99437 -0.518982 -1.42744 1.61663 0.197851 0.0789864 -0.071123 -0.974452
1548339894.02810 -0.519939 -1.42747 1.61871 0.196623 0.0767606 -0.0673829 -0.975145
1548339894.06136 -0.5208 -1.42726 1.62113 0.194041 0.0745196 -0.0630542 -0.976125
1548339894.09469 -0.521773 -1.42626 1.62357 0.194897 0.0733303 -0.0580585 -0.976354
1548339894.12796 -0.522697 -1.42486 1.62606 0.195059 0.071157 -0.0548692 -0.976667
1548339894.16125 -0.523555 -1.42306 1.62891 0.196117 0.0702426 -0.0511949 -0.976721
1548339894.19462 -0.524878 -1.42052 1.63183 0.19567 0.0702871 -0.0494782 -0.976895
1548339894.22763 -0.525921 -1.41711 1.63448 0.199417 0.069185 -0.0473141 -0.976324
1548339894.26090 -0.527018 -1.41368 1.63746 0.200956 0.0698003 -0.0458789 -0.976033
1548339894.29442 -0.528391 -1.41016 1.64034 0.203129 0.069932 -0.0446925 -0.975628
1548339894.32779 -0.529743 -1.40689 1.6434 0.203167 0.0702828 -0.0431513 -0.975665
1548339894.36109 -0.530817 -1.40317 1.64562 0.206629 0.0698055 -0.0423403 -0.975007
1548339894.39449 -0.531628 -1.40004 1.64768 0.207309 0.0702847 -0.0409987 -0.974886
1548339894.42789 -0.532005 -1.39705 1.64944 0.209656 0.0689479 -0.0379688 -0.974602
1548339894.46084 -0.532624 -1.39455 1.65088 0.210588 0.0688819 -0.0357218 -0.974491
1548339894.49430 -0.532525 -1.39237 1.65185 0.208502 0.0648378 -0.0371282 -0.975164
1548339894.52774 -0.532611 -1.38953 1.65186 0.21076 0.0654579 -0.0337243 -0.97476
1548339894.56110 -0.532251 -1.38729 1.65152 0.211039 0.0645731 -0.032605 -0.974797
1548339894.59445 -0.531607 -1.38519 1.65048 0.212493 0.062425 -0.0319857 -0.974642
1548339894.62790 -0.530808 -1.38327 1.64925 0.212242 0.0608628 -0.0319992 -0.974795
1548339894.66137 -0.530086 -1.38181 1.6481 0.210576 0.0600273 -0.0323232 -0.975197
1548339894.69464 -0.529243 -1.38036 1.64657 0.209674 0.058197 -0.0322654 -0.975504
1548339894.72801 -0.528217 -1.37876 1.6441 0.211266 0.0565366 -0.0305594 -0.975313
1548339894.76129 -0.527698 -1.37776 1.64171 0.210638 0.0566407 -0.0312357 -0.975422
1548339894.79455 -0.527626 -1.37662 1.63911 0.208897 0.0561025 -0.0310346 -0.975834
1548339894.82776 -0.527591 -1.37557 1.63668 0.207849 0.0536336 -0.0312236 -0.97619
1548339894.86134 -0.528168 -1.37382 1.63384 0.208157 0.0564211 -0.0290666 -0.976034
1548339894.89464 -0.528686 -1.37247 1.63113 0.209787 0.0569045 -0.0264462 -0.975732
1548339894.92786 -0.529623 -1.37156 1.62867 0.208049 0.0565727 -0.0246572 -0.97617
1548339894.96071 -0.530012 -1.37027 1.62611 0.209378 0.055654 -0.021239 -0.976019
1548339894.99443 -0.53054 -1.37013 1.62438 0.205258 0.0548785 -0.0204644 -0.976954
1548339895.02786 -0.530783 -1.36931 1.62231 0.206821 0.0538195 -0.0180123 -0.976731
1548339895.06131 -0.531229 -1.36872 1.6206 0.206031 0.0527709 -0.0153238 -0.977001
1548339895.09435 -0.531872 -1.36841 1.61894 0.20465 0.0517856 -0.0144008 -0.977358
1548339895.12752 -0.532478 -1.36749 1.61671 0.206242 0.0498667 -0.0116403 -0.97716
1548339895.16128 -0.533274 -1.36752 1.61464 0.203815 0.0478513 -0.00967388 -0.977791
1548339895.19407 -0.534561 -1.36748 1.61241 0.203091 0.0472342 -0.00659743 -0.977998
1548339895.22784 -0.535988 -1.36755 1.60993 0.202391 0.0461649 -0.00106434 -0.978216
1548339895.26109 -0.537905 -1.36779 1.60791 0.199187 0.0458836 0.00201421 -0.978885
1548339895.29451 -0.539221 -1.3679 1.6054 0.198827 0.0442971 0.00538831 -0.979018
1548339895.32774 -0.540172 -1.36769 1.60256 0.199808 0.042778 0.010166 -0.978848
1548339895.36103 -0.541157 -1.36722 1.59978 0.199743 0.0431688 0.0126102 -0.978816
1548339895.39419 -0.542003 -1.36709 1.59705 0.198353 0.0414256 0.0153176 -0.979135
1548339895.42798 -0.542899 -1.36681 1.59418 0.198532 0.040511 0.0185993 -0.97908
1548339895.46092 -0.543761 -1.36647 1.59184 0.196403 0.040378 0.0210485 -0.979465
1548339895.49464 -0.544051 -1.3656 1.58939 0.195492 0.0398059 0.0247495 -0.979584
1548339895.52798 -0.543785 -1.36449 1.58712 0.200058 0.0362941 0.02605 -0.978765
1548339895.56116 -0.543572 -1.36321 1.58538 0.202178 0.0347307 0.0288456 -0.978308
1548339895.59425 -0.54343 -1.36241 1.58433 0.201789 0.0337673 0.0315931 -0.978337
1548339895.62803 -0.543837 -1.36142 1.58394 0.199819 0.0340353 0.0326073 -0.978698
1548339895.66128 -0.544093 -1.36071 1.58407 0.20019 0.0337455 0.0340048 -0.978585
1548339895.69434 -0.544311 -1.36023 1.58427 0.202117 0.0327097 0.0353585 -0.978176
1548339895.72795 -0.544413 -1.35986 1.58456 0.201738 0.0334172 0.0353797 -0.97823
1548339895.76093 -0.54481 -1.35916 1.58511 0.202545 0.03351 0.0351016 -0.97807
1548339895.79447 -0.545249 -1.35843 1.58613 0.201395 0.0347246 0.0364245 -0.978216
1548339895.82777 -0.545381 -1.35748 1.58726 0.201136 0.0360328 0.0379373 -0.978165
1548339895.86119 -0.545511 -1.35633 1.58836 0.203031 0.036235 0.0375912 -0.977779
1548339895.89440 -0.545996 -1.35533 1.58998 0.201223 0.038298 0.0365105 -0.978115
1548339895.92771 -0.545978 -1.35427 1.59176 0.202966 0.0385394 0.0373072 -0.977716
1548339895.96102 -0.545931 -1.35324 1.59325 0.202184 0.0406041 0.0375637 -0.977784
1548339895.99426 -0.545781 -1.35214 1.5949 0.203184 0.0410714 0.03774 -0.977551
1548339896.02764 -0.545859 -1.35119 1.5967 0.205872 0.0402795 0.0368952 -0.977053
1548339896.06128 -0.545852 -1.35036 1.59831 0.205033 0.0422292 0.0374061 -0.977128
1548339896.09402 -0.545743 -1.34946 1.59964 0.208199 0.0430573 0.0389045 -0.976364
1548339896.12786 -0.545882 -1.34848 1.60087 0.209849 0.0432009 0.0399253 -0.975963
1548339896.16111 -0.546238 -1.34801 1.60221 0.206728 0.0436789 0.0400477 -0.976602
1548339896.19448 -0.546174 -1.34759 1.60345 0.209405 0.0422757 0.0411641 -0.976047
1548339896.22798 -0.545988 -1.34705 1.60463 0.211495 0.041608 0.0441192 -0.975496
1548339896.26129 -0.54635 -1.34699 1.60629 0.209552 0.0427185 0.0460387 -0.975778
1548339896.29443 -0.545872 -1.34703 1.60747 0.208715 0.0419393 0.0493429 -0.97583
1548339896.32794 -0.545289 -1.34704 1.6083 0.210806 0.0380913 0.0514056 -0.975432
1548339896.36124 -0.544941 -1.34714 1.6091 0.21234 0.0357157 0.0545592 -0.975018
1548339896.39471 -0.544691 -1.34748 1.60987 0.212428 0.0331495 0.0585237 -0.974859
1548339896.42797 -0.544396 -1.34771 1.61046 0.211327 0.0318044 0.0635841 -0.974826
1548339896.46096 -0.544607 -1.3478 1.61132 0.210317 0.0302683 0.0684718 -0.974763
1548339896.49466 -0.545283 -1.34808 1.61277 0.209634 0.0293744 0.0736219 -0.974562
1548339896.52806 -0.545671 -1.34765 1.61338 0.210229 0.028391 0.0770462 -0.974198
1548339896.56108 -0.546203 -1.34748 1.61441 0.209586 0.0282315 0.0798128 -0.974118
1548339896.59452 -0.546434 -1.34698 1.61527 0.211289 0.0269166 0.0830148 -0.97352
1548339896.62760 -0.547077 -1.34635 1.61656 0.211551 0.0262439 0.0845462 -0.97335
1548339896.66117 -0.54753 -1.3455 1.61756 0.212855 0.0261602 0.0868391 -0.972866
1548339896.69447 -0.548243 -1.34439 1.61855 0.213444 0.0268528 0.0901539 -0.972416
1548339896.72770 -0.549541 -1.34302 1.62011 0.212384 0.0290936 0.0929502 -0.97232
1548339896.76111 -0.551344 -1.34167 1.62196 0.213927 0.0290624 0.0931028 -0.971968
1548339896.79453 -0.553129 -1.34114 1.62394 0.212783 0.0320143 0.0989899 -0.971545
1548339896.82781 -0.55499 -1.34053 1.62547 0.213905 0.0309784 0.100572 -0.97117
1548339896.86119 -0.55637 -1.3398 1.6267 0.212568 0.0324776 0.102407 -0.971222
1548339896.89445 -0.557108 -1.33904 1.62764 0.212436 0.0308549 0.105115 -0.971015
1548339896.92780 -0.557009 -1.33807 1.62805 0.213489 0.0301415 0.106143 -0.970695
1548339896.96087 -0.556854 -1.33725 1.62832 0.214208 0.0310909 0.105874 -0.970536
1548339896.99438 -0.556591 -1.33628 1.62819 0.214461 0.0308074 0.107441 -0.970316
1548339897.02798 -0.555533 -1.33534 1.62762 0.213702 0.0314485 0.106058 -0.970615
1548339897.06134 -0.554477 -1.3343 1.62727 0.212698 0.0312886 0.106095 -0.970837
1548339897.09464 -0.553339 -1.33297 1.6267 0.213174 0.0298136 0.10774 -0.970598
1548339897.12798 -0.552235 -1.33168 1.62602 0.213458 0.028623 0.108874 -0.970445
1548339897.16136 -0.551374 -1.33056 1.62551 0.213549 0.0284513 0.1091 -0.970404
1548339897.19467 -0.550569 -1.32899 1.62471 0.214079 0.0275432 0.111499 -0.970041
1548339897.22766 -0.549735 -1.32738 1.62411 0.214932 0.0273908 0.112806 -0.969705
1548339897.26132 -0.548797 -1.32576 1.62328 0.216345 0.0251936 0.111703 -0.969579
1548339897.29452 -0.547623 -1.32432 1.6223 0.215417 0.0260863 0.111084 -0.969833
1548339897.32801 -0.546878 -1.32302 1.6215 0.216921 0.0247663 0.113269 -0.969279
1548339897.36131 -0.546458 -1.3219 1.62098 0.218125 0.024998 0.114817 -0.968821
1548339897.39459 -0.545699 -1.32084 1.6203 0.218656 0.0243712 0.115821 -0.968598
1548339897.42788 -0.544769 -1.31989 1.61953 0.218088 0.0225591 0.117383 -0.968581
1548339897.46101 -0.544002 -1.31883 1.61858 0.219239 0.0220411 0.11811 -0.968245
1548339897.49445 -0.543067 -1.31767 1.6172 0.221224 0.0208314 0.118645 -0.967755
1548339897.52785 -0.542064 -1.317 1.61565 0.222278 0.0194207 0.12155 -0.967182
1548339897.56076 -0.540945 -1.31671 1.61368 0.222975 0.0173107 0.123749 -0.966783
1548339897.59456 -0.540338 -1.31626 1.61154 0.222729 0.0163295 0.124576 -0.96675
1548339897.62793 -0.539932 -1.31585 1.60915 0.223071 0.0151876 0.127136 -0.966357
1548339897.66101 -0.539473 -1.31581 1.60659 0.222241 0.0132498 0.129748 -0.966229
1548339897.69429 -0.539163 -1.31595 1.60434 0.221375 0.0117551 0.131747 -0.966177
1548339897.72798 -0.539331 -1.31624 1.60228 0.219768 0.0101101 0.135887 -0.965989
1548339897.76104 -0.539828 -1.31641 1.60039 0.217468 0.0081068 0.14185 -0.965671
1548339897.79441 -0.540584 -1.31622 1.59887 0.218462 0.00710549 0.142966 -0.96529
1548339897.82801 -0.541732 -1.31607 1.59762 0.21821 0.00671968 0.148819 -0.964465
1548339897.86119 -0.543314 -1.31604 1.59658 0.217799 0.0062033 0.154586 -0.963654
1548339897.89432 -0.544974 -1.31566 1.59501 0.217275 0.00623403 0.159588 -0.962956
1548339897.92768 -0.546282 -1.31521 1.5931 0.219033 0.00693622 0.164076 -0.961798
1548339897.96089 -0.547056 -1.31444 1.59033 0.219771 0.00461658 0.165751 -0.961356
1548339897.99432 -0.547417 -1.31408 1.58744 0.221311 0.00382405 0.169066 -0.960429
1548339898.02781 -0.547375 -1.31424 1.58426 0.221617 -0.000345903 0.171007 -0.960022
1548339898.06068 -0.547337 -1.31529 1.58135 0.220507 -0.00188311 0.174314 -0.959681
1548339898.09467 -0.547093 -1.31681 1.57785 0.219841 -0.00480528 0.177065 -0.95932
1548339898.12790 -0.547261 -1.3191 1.57447 0.219161 -0.00898402 0.18179 -0.958562
1548339898.16127 -0.547676 -1.32153 1.571 0.216683 -0.0116035 0.185162 -0.958451
1548339898.19449 -0.54823 -1.32475 1.56757 0.213983 -0.0150359 0.189118 -0.958238
1548339898.22801 -0.549124 -1.32817 1.56364 0.211681 -0.0173267 0.193726 -0.95779
1548339898.26117 -0.550446 -1.3321 1.55984 0.207181 -0.0187339 0.196658 -0.95815
1548339898.29429 -0.552287 -1.33542 1.55578 0.206647 -0.020434 0.199344 -0.957675
1548339898.32801 -0.553983 -1.33833 1.55141 0.206374 -0.0208986 0.205182 -0.95649
1548339898.36080 -0.555491 -1.34169 1.54707 0.203106 -0.0203658 0.208729 -0.956434
1548339898.39449 -0.557195 -1.3452 1.54299 0.20341 -0.0211777 0.208218 -0.956463
1548339898.42781 -0.558789 -1.34921 1.53894 0.201945 -0.0210507 0.209264 -0.956548
1548339898.46058 -0.560209 -1.35346 1.53483 0.198384 -0.0201772 0.209354 -0.957292
1548339898.49453 -0.561616 -1.35792 1.53086 0.197169 -0.0208697 0.210012 -0.957384
1548339898.52778 -0.562789 -1.36234 1.52694 0.194625 -0.0197011 0.210538 -0.957814
1548339898.56102 -0.563839 -1.36685 1.52346 0.19305 -0.0187925 0.206045 -0.959127
1548339898.59430 -0.564986 -1.37144 1.51983 0.191826 -0.017734 0.203463 -0.959943
1548339898.62784 -0.565809 -1.37625 1.51609 0.188992 -0.0175895 0.204537 -0.96028
1548339898.66109 -0.566013 -1.38116 1.51252 0.187728 -0.0162205 0.2003 -0.961444
1548339898.69468 -0.565877 -1.38595 1.50868 0.186856 -0.0148854 0.195306 -0.962662
1548339898.72801 -0.565615 -1.39091 1.5049 0.186384 -0.0133137 0.189523 -0.963932
1548339898.76126 -0.564816 -1.39561 1.50106 0.186457 -0.0120159 0.182591 -0.965272
1548339898.79468 -0.564244 -1.40004 1.49723 0.186353 -0.0108113 0.179534 -0.96588
1548339898.82798 -0.563713 -1.40471 1.49364 0.187037 -0.0106574 0.176534 -0.966302
1548339898.86102 -0.56329 -1.40945 1.49055 0.186445 -0.00871269 0.170043 -0.967599
1548339898.89451 -0.56243 -1.41427 1.48741 0.184273 -0.00520293 0.163075 -0.969238
1548339898.92782 -0.561826 -1.41973 1.48452 0.186227 -0.00586047 0.159508 -0.969455
1548339898.96118 -0.561279 -1.425 1.48193 0.184851 -0.004622 0.155734 -0.970338
1548339898.99457 -0.560141 -1.43029 1.47945 0.185549 -0.00271409 0.147711 -0.971466
1548339899.02792 -0.558825 -1.43552 1.47733 0.184859 -0.00119804 0.142893 -0.97232
1548339899.06114 -0.557357 -1.44092 1.47565 0.183382 0.000936229 0.137614 -0.973362
1548339899.09426 -0.556083 -1.44601 1.47474 0.180318 0.00476729 0.130858 -0.974853
1548339899.12783 -0.554743 -1.4509 1.47457 0.179697 0.00814016 0.123699 -0.97588
1548339899.16116 -0.552902 -1.45603 1.47453 0.179227 0.0114343 0.119374 -0.976472
1548339899.19462 -0.55089 -1.46099 1.47466 0.179185 0.0128495 0.110804 -0.977471
1548339899.22773 -0.54901 -1.46556 1.47518 0.179263 0.0174659 0.103211 -0.978216
1548339899.26098 -0.54682 -1.47001 1.47592 0.178094 0.0224232 0.0970399 -0.97896
1548339899.29402 -0.544631 -1.4743 1.47701 0.179926 0.0240743 0.0899 -0.979268
1548339899.32782 -0.54259 -1.47828 1.47863 0.176864 0.0298964 0.0854654 -0.980062
1548339899.36114 -0.540725 -1.48199 1.48024 0.180453 0.0326168 0.077993 -0.979944
1548339899.39461 -0.538846 -1.48526 1.48194 0.181577 0.035596 0.0727183 -0.980038
1548339899.42784 -0.537278 -1.48822 1.48371 0.18317 0.0383155 0.066345 -0.980091
1548339899.46091 -0.535541 -1.4912 1.48569 0.18411 0.04195 0.0624759 -0.980021
1548339899.49418 -0.533273 -1.49429 1.48784 0.182917 0.0436349 0.0591687 -0.980376
1548339899.52789 -0.530529 -1.49677 1.48939 0.186211 0.0435493 0.0546686 -0.980021
1548339899.56124 -0.528123 -1.4989 1.49108 0.187267 0.0445118 0.0475941 -0.980145
1548339899.59480 -0.525442 -1.50157 1.49329 0.184453 0.0468451 0.0431915 -0.980774
1548339899.62787 -0.52272 -1.50387 1.49527 0.185595 0.046852 0.0378572 -0.980778
1548339899.66117 -0.520232 -1.50605 1.49763 0.182304 0.0488985 0.03164 -0.981516
1548339899.69475 -0.517414 -1.50757 1.49945 0.185051 0.0494017 0.0243808 -0.981184
1548339899.72779 -0.514825 -1.50912 1.50144 0.185625 0.0504174 0.0191843 -0.981139
1548339899.76129 -0.512436 -1.51002 1.50337 0.187364 0.0525083 0.0129881 -0.9808
1548339899.79465 -0.510068 -1.51151 1.50584 0.184369 0.0552791 0.00483688 -0.981289
1548339899.82759 -0.507832 -1.51265 1.50809 0.182672 0.0571305 -0.00311079 -0.981508
1548339899.86121 -0.504967 -1.51337 1.50998 0.180957 0.0581947 -0.00649485 -0.981746
1548339899.89463 -0.50257 -1.51407 1.51226 0.184679 0.0610221 -0.0158004 -0.980775
1548339899.92786 -0.500584 -1.51421 1.51442 0.185422 0.0635982 -0.0255105 -0.980267
1548339899.96089 -0.498643 -1.51375 1.51634 0.187862 0.068647 -0.0290416 -0.979363
1548339899.99439 -0.496868 -1.514 1.51909 0.186246 0.0699373 -0.0360762 -0.979347
1548339900.02751 -0.495476 -1.51364 1.52199 0.189876 0.0725915 -0.0426543 -0.978191
1548339900.06097 -0.494132 -1.51302 1.52495 0.192328 0.0751354 -0.0466698 -0.977337
1548339900.09450 -0.493039 -1.51365 1.52848 0.189941 0.0791069 -0.0525768 -0.97719
1548339900.12773 -0.491697 -1.51392 1.53185 0.191874 0.0792927 -0.058765 -0.976444
1548339900.16109 -0.490692 -1.51438 1.53562 0.189153 0.0834122 -0.0617803 -0.976446
1548339900.19429 -0.489539 -1.51491 1.53923 0.188308 0.0862839 -0.0676891 -0.975968
1548339900.22779 -0.488055 -1.51553 1.54295 0.185656 0.0874294 -0.0758286 -0.975776
1548339900.26120 -0.486724 -1.51586 1.5465 0.186335 0.0926224 -0.0777381 -0.975017
1548339900.29447 -0.484946 -1.51607 1.55009 0.185678 0.0946912 -0.0824472 -0.974556
1548339900.32790 -0.482843 -1.51596 1.55347 0.185467 0.0959916 -0.0860337 -0.974159
1548339900.36112 -0.480852 -1.51595 1.55672 0.185364 0.0959513 -0.0924677 -0.973593
1548339900.39458 -0.478718 -1.51592 1.56002 0.185117 0.0984097 -0.0979943 -0.972854
1548339900.42798 -0.476595 -1.5153 1.56311 0.18416 0.098486 -0.103888 -0.972416
1548339900.46122 -0.474359 -1.5146 1.56628 0.185886 0.0995426 -0.110235 -0.971281
1548339900.49451 -0.472315 -1.51378 1.56946 0.184246 0.100571 -0.115574 -0.970866
1548339900.52790 -0.470179 -1.5125 1.57216 0.184027 0.100802 -0.121451 -0.970166
1548339900.56128 -0.46807 -1.51178 1.57512 0.185932 0.101458 -0.127705 -0.968931
1548339900.59431 -0.465968 -1.51096 1.57767 0.184553 0.102371 -0.133118 -0.96837
1548339900.62762 -0.464223 -1.51001 1.57996 0.18552 0.10296 -0.13827 -0.9674
1548339900.66091 -0.462127 -1.50925 1.58253 0.183599 0.101132 -0.142363 -0.967366
1548339900.69442 -0.460907 -1.50794 1.58442 0.183812 0.103628 -0.147577 -0.966279
1548339900.72792 -0.459816 -1.50652 1.58607 0.184132 0.104965 -0.153851 -0.965095
1548339900.76072 -0.458787 -1.50524 1.58755 0.184179 0.107647 -0.160419 -0.96372
1548339900.79443 -0.457513 -1.50403 1.58865 0.183896 0.109087 -0.166055 -0.962657
1548339900.82773 -0.455953 -1.50294 1.58964 0.181006 0.109685 -0.171672 -0.962151
1548339900.86119 -0.454711 -1.50163 1.59036 0.18066 0.111027 -0.178891 -0.960746
1548339900.89464 -0.453336 -1.50026 1.59081 0.181465 0.112751 -0.184573 -0.959318
1548339900.92779 -0.451134 -1.49942 1.5913 0.181047 0.114468 -0.188722 -0.958386
1548339900.96083 -0.448706 -1.49903 1.59223 0.174133 0.110905 -0.199683 -0.957865
1548339900.99429 -0.447426 -1.49755 1.59212 0.177505 0.116177 -0.202668 -0.955992
1548339901.02788 -0.445031 -1.49663 1.59191 0.17688 0.115796 -0.208655 -0.954865
1548339901.06132 -0.44269 -1.49564 1.59155 0.174948 0.113957 -0.216641 -0.953664
1548339901.09459 -0.440936 -1.49486 1.5913 0.173454 0.114612 -0.221917 -0.952644
1548339901.12782 -0.438602 -1.49421 1.59035 0.172064 0.113534 -0.226061 -0.952051
1548339901.16108 -0.436646 -1.4935 1.58929 0.170771 0.114365 -0.229552 -0.951348
1548339901.19456 -0.435229 -1.49234 1.5878 0.168388 0.113815 -0.237081 -0.949992
1548339901.22789 -0.433875 -1.49142 1.58613 0.167193 0.113613 -0.24225 -0.948923
1548339901.26139 -0.431935 -1.49106 1.58419 0.16469 0.115455 -0.249048 -0.947377
1548339901.29456 -0.430754 -1.4902 1.58237 0.16221 0.11362 -0.252766 -0.947041
1548339901.32788 -0.429364 -1.48961 1.58063 0.161018 0.115442 -0.255979 -0.946161
1548339901.36134 -0.427827 -1.48877 1.5788 0.159471 0.115719 -0.259142 -0.945528
1548339901.39457 -0.426299 -1.48754 1.57688 0.157636 0.114168 -0.263839 -0.944725
1548339901.42784 -0.425323 -1.48625 1.5752 0.158604 0.114621 -0.265835 -0.943948
1548339901.46084 -0.424326 -1.48497 1.57359 0.156878 0.116502 -0.270803 -0.942594
1548339901.49438 -0.423864 -1.48321 1.57209 0.155879 0.113628 -0.274404 -0.942068
1548339901.52772 -0.422909 -1.48194 1.57072 0.155631 0.114738 -0.275737 -0.941586
1548339901.56120 -0.422044 -1.48059 1.56916 0.155537 0.114198 -0.277827 -0.941052
1548339901.59448 -0.420912 -1.47918 1.56716 0.15525 0.111682 -0.280922 -0.940483
1548339901.62792 -0.420111 -1.47814 1.56531 0.154938 0.111492 -0.280294 -0.940744
1548339901.66125 -0.419277 -1.47699 1.56303 0.15509 0.110278 -0.281721 -0.940436
1548339901.69447 -0.418565 -1.47573 1.56095 0.153006 0.109599 -0.283423 -0.940345
1548339901.72785 -0.418054 -1.47502 1.55866 0.153062 0.108094 -0.283205 -0.940576
1548339901.76108 -0.417502 -1.47486 1.55685 0.149928 0.107334 -0.279675 -0.942222
1548339901.79361 -0.417382 -1.47354 1.55404 0.150823 0.106321 -0.279149 -0.94235
1548339901.82809 -0.41696 -1.47289 1.55153 0.149335 0.104041 -0.277768 -0.94325
1548339901.86146 -0.416332 -1.47194 1.54871 0.149184 0.102321 -0.274345 -0.944462
1548339901.89456 -0.416244 -1.47061 1.54549 0.154167 0.10222 -0.270199 -0.944869
1548339901.92803 -0.416029 -1.46944 1.54292 0.152727 0.100441 -0.269301 -0.945549
1548339901.96109 -0.415786 -1.46863 1.54044 0.152546 0.100051 -0.264995 -0.946836
1548339901.99447 -0.415338 -1.46748 1.5377 0.151767 0.0982563 -0.263663 -0.94752
1548339902.02791 -0.414994 -1.46659 1.53554 0.146436 0.0960876 -0.261308 -0.949232
1548339902.06142 -0.415668 -1.46436 1.53263 0.152692 0.0976329 -0.258175 -0.948946
1548339902.09473 -0.415672 -1.46266 1.52982 0.153208 0.0957432 -0.256127 -0.94961
1548339902.12802 -0.415762 -1.46144 1.52717 0.154234 0.0944572 -0.251635 -0.950773
1548339902.16139 -0.416134 -1.46021 1.52449 0.154414 0.0919502 -0.247715 -0.952018
1548339902.19478 -0.416499 -1.45959 1.52265 0.150607 0.0899143 -0.244387 -0.953681
1548339902.22780 -0.417118 -1.45902 1.52038 0.150868 0.0867304 -0.236941 -0.955812
1548339902.26088 -0.417859 -1.45838 1.51804 0.151241 0.0861077 -0.230328 -0.957424
1548339902.29405 -0.418576 -1.45792 1.51573 0.151455 0.0842317 -0.22466 -0.958903
1548339902.32779 -0.419662 -1.45718 1.51323 0.15541 0.0820762 -0.214626 -0.960753
1548339902.36114 -0.420757 -1.45665 1.51134 0.157267 0.0815213 -0.204183 -0.962772
1548339902.39450 -0.421806 -1.45605 1.50933 0.155413 0.0775411 -0.198524 -0.964584
1548339902.42776 -0.42339 -1.45541 1.50754 0.157207 0.0775594 -0.189634 -0.966079
1548339902.46093 -0.425595 -1.45434 1.50583 0.158481 0.0753099 -0.183708 -0.967194
1548339902.49455 -0.428387 -1.4537 1.50514 0.154105 0.0740021 -0.17959 -0.968774
1548339902.52779 -0.430081 -1.45274 1.50347 0.160568 0.07232 -0.168218 -0.969892
1548339902.56126 -0.432746 -1.45243 1.50303 0.161135 0.072782 -0.159093 -0.971302
1548339902.59448 -0.435506 -1.45232 1.50277 0.163484 0.0725036 -0.147216 -0.972802
1548339902.62795 -0.43831 -1.45219 1.5028 0.165712 0.0703077 -0.134988 -0.974359
1548339902.66138 -0.441012 -1.45193 1.50339 0.164685 0.0678589 -0.12919 -0.975492
1548339902.69477 -0.443233 -1.45167 1.50439 0.166067 0.0642134 -0.125429 -0.975995
1548339902.72799 -0.445524 -1.45101 1.50527 0.16938 0.066341 -0.115775 -0.976476
1548339902.76123 -0.447175 -1.45073 1.5066 0.171891 0.0649353 -0.108962 -0.976916
1548339902.79441 -0.448618 -1.45044 1.50823 0.174498 0.0638456 -0.101797 -0.977298
1548339902.82775 -0.450099 -1.45025 1.51003 0.176104 0.0617035 -0.0939284 -0.977935
1548339902.86135 -0.45164 -1.45046 1.51219 0.176533 0.0594955 -0.0875461 -0.978587
1548339902.89469 -0.453337 -1.44962 1.5138 0.180944 0.0599742 -0.0798868 -0.978407
1548339902.92808 -0.455095 -1.44919 1.51598 0.181842 0.0590814 -0.0746523 -0.978708
1548339902.96086 -0.456852 -1.44855 1.51776 0.185851 0.0581813 -0.0657684 -0.978647
1548339902.99447 -0.45833 -1.44796 1.51965 0.187151 0.0566129 -0.057695 -0.979
1548339903.02772 -0.460142 -1.44721 1.52155 0.188549 0.0562941 -0.052954 -0.979018
1548339903.06116 -0.461887 -1.44642 1.52361 0.189853 0.0568508 -0.047106 -0.979033
1548339903.09445 -0.463341 -1.44585 1.52573 0.189151 0.0552146 -0.0421343 -0.979489
1548339903.12767 -0.464258 -1.44464 1.5274 0.191948 0.0533326 -0.0385343 -0.979197
1548339903.16093 -0.465322 -1.44398 1.52929 0.190455 0.0552832 -0.0342477 -0.97954
1548339903.19435 -0.465879 -1.44294 1.53128 0.191605 0.0516454 -0.0311752 -0.979617
1548339903.22786 -0.466552 -1.44166 1.53305 0.193629 0.0520192 -0.0269134 -0.979325
1548339903.26120 -0.467655 -1.44025 1.53507 0.192408 0.0524057 -0.0247176 -0.979603
1548339903.29428 -0.468644 -1.43894 1.53727 0.192402 0.0521547 -0.0209985 -0.979704
1548339903.32771 -0.469872 -1.43729 1.53944 0.194354 0.0510387 -0.0184901 -0.979428
1548339903.36120 -0.471396 -1.43549 1.54175 0.197267 0.051264 -0.0157479 -0.978882
1548339903.39462 -0.473174 -1.43366 1.54397 0.199884 0.0548296 -0.0113524 -0.978218
1548339903.42806 -0.474677 -1.43232 1.5465 0.198953 0.0535757 -0.00943457 -0.978498
1548339903.46102 -0.475815 -1.4305 1.54845 0.201202 0.0528623 -0.00601098 -0.978104
1548339903.49465 -0.476976 -1.42916 1.55077 0.202447 0.053304 -0.00248143 -0.977838
1548339903.52793 -0.47822 -1.42779 1.55266 0.205206 0.0523917 0.00169502 -0.977314
1548339903.56128 -0.479883 -1.42706 1.55479 0.203755 0.0519616 0.00561819 -0.977626
1548339903.59440 -0.481734 -1.42642 1.55676 0.206179 0.0521053 0.0107966 -0.977066
1548339903.62783 -0.483713 -1.42592 1.55852 0.205715 0.050666 0.0144214 -0.977193
1548339903.66126 -0.485449 -1.42591 1.56031 0.204736 0.0502534 0.0201666 -0.977318
1548339903.69464 -0.487068 -1.42611 1.56188 0.205354 0.0484057 0.0250548 -0.977169
1548339903.72798 -0.488529 -1.42647 1.56352 0.202623 0.0470966 0.0268624 -0.977755
1548339903.76137 -0.489864 -1.42681 1.56481 0.19954 0.0463915 0.0305504 -0.978314
1548339903.79441 -0.491278 -1.42705 1.56595 0.200258 0.0448744 0.034174 -0.978118
1548339903.82779 -0.492957 -1.42716 1.56669 0.198971 0.0454606 0.0380369 -0.978211
1548339903.86114 -0.494925 -1.42744 1.56731 0.199805 0.0461358 0.0419861 -0.977848
1548339903.89425 -0.49695 -1.42733 1.5676 0.202258 0.0430063 0.044909 -0.977356
1548339903.92752 -0.499527 -1.42726 1.56821 0.201921 0.0430464 0.0469241 -0.97733
1548339903.96098 -0.50165 -1.42725 1.5684 0.201557 0.0430895 0.0503598 -0.977232
1548339903.99429 -0.504087 -1.42737 1.56845 0.20178 0.0423937 0.0530281 -0.977075
1548339904.02781 -0.506518 -1.42774 1.56838 0.201322 0.042986 0.058498 -0.976831
1548339904.06122 -0.50894 -1.42795 1.56824 0.203411 0.0409731 0.0618822 -0.976277
1548339904.09454 -0.511564 -1.42818 1.56804 0.199075 0.0429025 0.0657495 -0.976834
1548339904.12781 -0.514023 -1.42856 1.56761 0.200754 0.0406695 0.0697918 -0.976306
1548339904.16110 -0.516213 -1.42898 1.56714 0.199612 0.039601 0.0738677 -0.976284
1548339904.19449 -0.518471 -1.42913 1.56655 0.199662 0.0376794 0.0790266 -0.975946
1548339904.22777 -0.520698 -1.42953 1.56574 0.199734 0.0360248 0.0834871 -0.975622
1548339904.26130 -0.522673 -1.43002 1.56479 0.198444 0.0356273 0.0862575 -0.975659
1548339904.29403 -0.524717 -1.43027 1.56367 0.191924 0.037363 0.089812 -0.976577
1548339904.32789 -0.526293 -1.4306 1.56187 0.196475 0.0340438 0.0935419 -0.975443
1548339904.36121 -0.528255 -1.43103 1.55992 0.194124 0.032271 0.0958535 -0.975749
1548339904.39468 -0.530427 -1.43137 1.55809 0.195507 0.029081 0.097624 -0.975398
1548339904.42779 -0.532447 -1.43188 1.5562 0.189375 0.0309056 0.101744 -0.97613
1548339904.46103 -0.534097 -1.43249 1.55381 0.19204 0.0277442 0.104671 -0.975395
1548339904.49453 -0.53585 -1.43299 1.55154 0.188475 0.0257126 0.105749 -0.976029
1548339904.52782 -0.537552 -1.43325 1.54923 0.187797 0.0246268 0.107503 -0.975996
1548339904.56126 -0.538851 -1.43382 1.54681 0.188358 0.0222641 0.110268 -0.975637
1548339904.59461 -0.540765 -1.43406 1.54427 0.187669 0.0193377 0.113208 -0.975495
1548339904.62763 -0.542971 -1.43398 1.54175 0.186994 0.0179169 0.115827 -0.975344
1548339904.66115 -0.545735 -1.43343 1.53919 0.186078 0.0181586 0.121161 -0.974867
1548339904.69452 -0.54817 -1.43302 1.53654 0.187327 0.0172898 0.123146 -0.974395
1548339904.72756 -0.550533 -1.43262 1.53386 0.188299 0.0160804 0.127299 -0.973694
1548339904.76112 -0.552978 -1.43258 1.53152 0.183562 0.0159245 0.135866 -0.973443
1548339904.79438 -0.555085 -1.43252 1.52929 0.187029 0.011967 0.137718 -0.972579
1548339904.82774 -0.557374 -1.43243 1.52728 0.187421 0.00985072 0.142242 -0.971876
1548339904.86102 -0.559688 -1.43252 1.52528 0.187603 0.00714735 0.148704 -0.970897
1548339904.89430 -0.562153 -1.43229 1.52329 0.187533 0.00447007 0.155923 -0.969793
1548339904.92779 -0.564655 -1.4319 1.52166 0.18819 0.0025095 0.161448 -0.968769
1548339904.96089 -0.56734 -1.43128 1.52008 0.188657 0.000676393 0.167319 -0.967684
1548339904.99445 -0.570075 -1.43069 1.51883 0.189218 -0.000338494 0.172154 -0.966726
1548339905.02778 -0.572563 -1.43011 1.51734 0.194343 -0.00415027 0.173678 -0.965427
1548339905.06124 -0.575181 -1.42915 1.51568 0.190549 -0.00267248 0.183089 -0.964449
1548339905.09437 -0.577571 -1.42844 1.51413 0.190642 -0.00359652 0.18705 -0.963668
1548339905.12789 -0.579413 -1.42797 1.51233 0.191853 -0.00489044 0.189781 -0.962887
1548339905.16117 -0.580957 -1.42763 1.51048 0.19178 -0.00646078 0.194621 -0.961926
1548339905.19447 -0.582448 -1.42741 1.50858 0.191908 -0.00840208 0.197655 -0.961267
1548339905.22803 -0.583754 -1.42717 1.5067 0.192148 -0.0100476 0.201108 -0.960486
1548339905.26132 -0.58503 -1.42716 1.50482 0.192052 -0.0121546 0.206167 -0.959408
1548339905.29468 -0.586247 -1.42724 1.50291 0.191281 -0.0133244 0.210094 -0.958694
1548339905.32789 -0.587554 -1.4272 1.5011 0.193018 -0.0152448 0.21248 -0.957791
1548339905.36112 -0.589115 -1.42697 1.49957 0.195786 -0.0189215 0.214571 -0.956697
1548339905.39454 -0.590783 -1.42666 1.49781 0.193744 -0.0174044 0.221933 -0.955461
1548339905.42775 -0.592637 -1.42664 1.49618 0.192204 -0.0171239 0.224849 -0.955095
1548339905.46066 -0.594476 -1.4265 1.49461 0.192539 -0.0179504 0.229692 -0.95386
1548339905.49439 -0.595644 -1.4265 1.49308 0.192671 -0.0181069 0.232174 -0.953229
1548339905.52767 -0.5968 -1.42664 1.49149 0.190554 -0.0203083 0.235422 -0.952813
1548339905.56095 -0.598069 -1.42686 1.48983 0.190333 -0.0217959 0.238867 -0.951967
1548339905.59464 -0.599897 -1.42668 1.48812 0.1907 -0.0208373 0.243072 -0.95085
1548339905.62771 -0.601895 -1.42632 1.48648 0.189899 -0.0218007 0.246104 -0.950208
1548339905.66087 -0.603528 -1.42619 1.48535 0.188654 -0.0214521 0.249531 -0.94957
1548339905.69431 -0.605096 -1.42595 1.48457 0.189419 -0.0205624 0.253707 -0.94833
1548339905.72782 -0.606601 -1.42528 1.48361 0.189774 -0.0227105 0.254413 -0.948021
1548339905.76112 -0.608454 -1.42518 1.48311 0.187986 -0.0223318 0.259031 -0.947136
1548339905.79447 -0.610268 -1.42531 1.48279 0.187986 -0.0213083 0.263254 -0.945994
1548339905.82789 -0.611957 -1.42534 1.4825 0.188414 -0.0215196 0.265869 -0.945172
1548339905.86108 -0.61338 -1.42537 1.48218 0.187976 -0.024313 0.269165 -0.944259
1548339905.89476 -0.614649 -1.42583 1.48228 0.186952 -0.0252488 0.272076 -0.943603
1548339905.92790 -0.615653 -1.42626 1.48296 0.188852 -0.02374 0.274165 -0.942658
1548339905.96082 -0.616927 -1.42675 1.4847 0.184971 -0.0209381 0.273563 -0.943669
1548339905.99448 -0.618225 -1.4275 1.48683 0.188075 -0.0226572 0.274248 -0.942816
1548339906.02795 -0.619406 -1.42898 1.48955 0.181826 -0.0189838 0.273738 -0.94427
1548339906.06133 -0.620168 -1.42969 1.49216 0.183908 -0.0207518 0.272917 -0.944067
1548339906.09477 -0.620552 -1.43001 1.49463 0.186999 -0.0200997 0.270731 -0.944104
1548339906.12786 -0.620788 -1.43099 1.49743 0.18799 -0.0176433 0.270321 -0.944074
1548339906.16121 -0.620814 -1.43201 1.50005 0.18632 -0.0157558 0.268661 -0.944912
1548339906.19456 -0.619853 -1.43168 1.50196 0.189379 -0.0184248 0.265587 -0.945124
1548339906.22778 -0.619163 -1.43218 1.504 0.189628 -0.0177231 0.263015 -0.945807
1548339906.26105 -0.618266 -1.43255 1.50584 0.192601 -0.0151525 0.262558 -0.945378
1548339906.29382 -0.617415 -1.43265 1.50772 0.19095 -0.0132895 0.259343 -0.946627
1548339906.32760 -0.616595 -1.43266 1.50956 0.193513 -0.0123085 0.257517 -0.946618
1548339906.36117 -0.615851 -1.43288 1.51136 0.195892 -0.0111483 0.255462 -0.9467
1548339906.39448 -0.614585 -1.43366 1.51306 0.195974 -0.00814568 0.25243 -0.947527
1548339906.42779 -0.613381 -1.43398 1.51475 0.198637 -0.00769955 0.250749 -0.947423
1548339906.46068 -0.612413 -1.43561 1.51682 0.198017 -0.00582714 0.248789 -0.948082
1548339906.49445 -0.61102 -1.43727 1.5187 0.202057 -0.00856468 0.240762 -0.949281
1548339906.52782 -0.610358 -1.43885 1.5202 0.197815 -0.00617416 0.242904 -0.949647
1548339906.56110 -0.609441 -1.44074 1.52165 0.198742 -0.00444448 0.240812 -0.949996
1548339906.59444 -0.60877 -1.44253 1.52321 0.199813 -0.00263229 0.239338 -0.95015
1548339906.62802 -0.607893 -1.44436 1.52526 0.202939 -0.00370121 0.233523 -0.950931
1548339906.66128 -0.607257 -1.4457 1.52703 0.200311 -0.00216449 0.233049 -0.951609
1548339906.69472 -0.605742 -1.44772 1.52857 0.198808 0.000774203 0.228884 -0.952936
1548339906.72794 -0.604525 -1.44948 1.53011 0.198564 0.00227202 0.224404 -0.954049
1548339906.76084 -0.603744 -1.4515 1.53151 0.199924 0.00145066 0.219695 -0.954863
1548339906.79465 -0.601631 -1.4533 1.53247 0.19764 0.00490638 0.213192 -0.956799
1548339906.82800 -0.599462 -1.45544 1.53284 0.197736 0.00390087 0.208632 -0.957788
1548339906.86128 -0.597629 -1.45693 1.53332 0.198043 0.00266055 0.204084 -0.958708
1548339906.89471 -0.595766 -1.45806 1.53347 0.19909 0.00406151 0.197202 -0.959926
1548339906.92800 -0.594079 -1.45932 1.53321 0.199405 0.00524137 0.191193 -0.96107
1548339906.96071 -0.592258 -1.46084 1.53272 0.197639 0.0072341 0.189185 -0.961819
1548339906.99468 -0.590479 -1.46232 1.53241 0.199476 0.00694882 0.182549 -0.962724
1548339907.02773 -0.589081 -1.46335 1.53224 0.199616 0.00850795 0.18044 -0.96308
1548339907.06123 -0.587772 -1.46466 1.5324 0.199511 0.00946962 0.176865 -0.963755
1548339907.09429 -0.586292 -1.46624 1.53246 0.198598 0.0101485 0.173921 -0.964473
1548339907.12782 -0.584852 -1.46839 1.53221 0.197242 0.0112434 0.170676 -0.965318
1548339907.16116 -0.583597 -1.47061 1.53186 0.196362 0.013496 0.166737 -0.966157
1548339907.19423 -0.582288 -1.47264 1.53147 0.195203 0.015594 0.16122 -0.967296
1548339907.22759 -0.580692 -1.47479 1.53089 0.193387 0.016732 0.157093 -0.96832
1548339907.26087 -0.578521 -1.47695 1.52998 0.191014 0.0184083 0.15381 -0.969287
1548339907.29433 -0.575933 -1.47911 1.52889 0.19086 0.017882 0.146963 -0.970389
1548339907.32762 -0.573103 -1.48135 1.52771 0.186364 0.0206173 0.140033 -0.972232
1548339907.36108 -0.570691 -1.4828 1.52651 0.184883 0.0211169 0.136174 -0.973051
1548339907.39459 -0.567893 -1.48432 1.52532 0.184857 0.0215074 0.129117 -0.974009
1548339907.42790 -0.565744 -1.48561 1.52396 0.181475 0.0251408 0.12475 -0.975127
1548339907.46091 -0.563433 -1.48712 1.52228 0.182215 0.0243386 0.120503 -0.975543
1548339907.49456 -0.561698 -1.48826 1.5209 0.18092 0.0247116 0.116324 -0.976282
1548339907.52782 -0.559657 -1.48984 1.51939 0.178931 0.0276502 0.112184 -0.977054
1548339907.56135 -0.55815 -1.49129 1.51822 0.182225 0.0262103 0.107019 -0.977064
1548339907.59443 -0.556649 -1.49247 1.51728 0.179531 0.0288538 0.105618 -0.977641
1548339907.62789 -0.554645 -1.49384 1.51621 0.177451 0.0322199 0.100048 -0.978501
1548339907.66128 -0.552194 -1.49496 1.51474 0.179069 0.031739 0.0958721 -0.97864
1548339907.69444 -0.549431 -1.4958 1.5132 0.18028 0.0314628 0.0892076 -0.979056
1548339907.72805 -0.546488 -1.49672 1.51192 0.179245 0.0327977 0.0844703 -0.979623
1548339907.76133 -0.543558 -1.49691 1.51095 0.180168 0.0335105 0.0807303 -0.979744
1548339907.79437 -0.541507 -1.49724 1.51014 0.180836 0.0352102 0.0741713 -0.98008
1548339907.82786 -0.539276 -1.49827 1.50944 0.180374 0.0355933 0.0693657 -0.980503
1548339907.86113 -0.537749 -1.49948 1.50913 0.179364 0.0375806 0.0654799 -0.980882
1548339907.89456 -0.536488 -1.50077 1.50867 0.180319 0.0390286 0.0603969 -0.980976
1548339907.92778 -0.534233 -1.50244 1.50852 0.179691 0.0395466 0.0566793 -0.981292
1548339907.96061 -0.53193 -1.5036 1.50898 0.17749 0.0400443 0.0523543 -0.981913
1548339907.99415 -0.529496 -1.50416 1.50883 0.180054 0.0407877 0.0481856 -0.981629
1548339908.02769 -0.527219 -1.50464 1.50821 0.181527 0.042548 0.0429467 -0.981526
1548339908.06112 -0.525978 -1.5054 1.50715 0.181412 0.0449519 0.0392727 -0.981594
1548339908.09461 -0.525764 -1.507 1.50577 0.181643 0.0468963 0.0351739 -0.981616
1548339908.12770 -0.523902 -1.50887 1.50329 0.181587 0.0471197 0.0322505 -0.981716
1548339908.16135 -0.522038 -1.51091 1.50032 0.177788 0.0485491 0.0296435 -0.982423
1548339908.19446 -0.519783 -1.51319 1.49709 0.175283 0.0488819 0.0265803 -0.982945
1548339908.22781 -0.517326 -1.51528 1.49371 0.176639 0.047812 0.0194115 -0.982922
1548339908.26129 -0.515214 -1.51722 1.49058 0.17389 0.0494321 0.0158049 -0.983397
1548339908.29464 -0.513474 -1.51847 1.48768 0.17391 0.049973 0.0126345 -0.983412
1548339908.32776 -0.510975 -1.51964 1.48537 0.169897 0.0510006 0.0112493 -0.984077
1548339908.36105 -0.508855 -1.5205 1.48368 0.169515 0.0494665 0.00449197 -0.984275
1548339908.39460 -0.506776 -1.52041 1.48194 0.171389 0.0496313 0.00105778 -0.983952
1548339908.42818 -0.50497 -1.52051 1.48077 0.170312 0.0499221 -0.00252634 -0.984122
1548339908.46105 -0.503458 -1.52101 1.47988 0.169086 0.0499307 -0.00967088 -0.984288
1548339908.49462 -0.501923 -1.52108 1.47891 0.169293 0.0521441 -0.0126448 -0.984104
1548339908.52742 -0.500863 -1.52117 1.47835 0.165198 0.0549621 -0.0142557 -0.984625
1548339908.56122 -0.500043 -1.5212 1.47836 0.164886 0.0569045 -0.0157133 -0.984544
1548339908.59464 -0.499476 -1.52122 1.47907 0.16228 0.0596018 -0.0186162 -0.984767
1548339908.62781 -0.498683 -1.52059 1.48022 0.164371 0.0601836 -0.0238212 -0.984273
1548339908.66106 -0.497138 -1.51934 1.48168 0.16308 0.0604105 -0.025719 -0.984426
1548339908.69431 -0.495343 -1.51764 1.48326 0.163546 0.0610714 -0.0273789 -0.984263
1548339908.72785 -0.493887 -1.51601 1.48519 0.165315 0.0607581 -0.0317115 -0.983857
1548339908.76123 -0.4933 -1.51407 1.48691 0.168471 0.0629976 -0.032792 -0.983145
1548339908.79439 -0.492721 -1.51273 1.48885 0.16965 0.0657642 -0.0342687 -0.98271
1548339908.82790 -0.491123 -1.51123 1.49068 0.170738 0.0661787 -0.0372381 -0.982386
1548339908.86105 -0.489435 -1.50985 1.49234 0.169331 0.0672774 -0.0405163 -0.982425
1548339908.89445 -0.487461 -1.50829 1.49383 0.170267 0.0660131 -0.0424217 -0.982269
1548339908.92777 -0.485412 -1.50686 1.49508 0.171311 0.065781 -0.0433697 -0.982061
1548339908.96108 -0.483955 -1.5057 1.49638 0.170958 0.0666448 -0.0471646 -0.98189
1548339908.99441 -0.482463 -1.50466 1.49721 0.170893 0.0687767 -0.0503192 -0.981597
1548339909.02754 -0.480746 -1.50363 1.49838 0.168913 0.0700387 -0.0541567 -0.981647
1548339909.06105 -0.479008 -1.50234 1.49986 0.167004 0.0717066 -0.0591976 -0.981562
1548339909.09453 -0.477269 -1.50085 1.50146 0.169874 0.0720064 -0.0606957 -0.980956
1548339909.12806 -0.475061 -1.49898 1.50337 0.173472 0.0712762 -0.0613194 -0.98034
1548339909.16130 -0.4731 -1.49776 1.50528 0.169149 0.0728203 -0.0640961 -0.980805
1548339909.19467 -0.471713 -1.49615 1.50705 0.170751 0.075144 -0.0658873 -0.980233
1548339909.22797 -0.471087 -1.4947 1.50901 0.169897 0.079666 -0.0694781 -0.979776
1548339909.26129 -0.47034 -1.49356 1.5111 0.173771 0.0811036 -0.0741326 -0.978637
1548339909.29464 -0.469319 -1.49259 1.51309 0.174493 0.0830243 -0.0753369 -0.978255
1548339909.32758 -0.467976 -1.49123 1.51488 0.176063 0.0852898 -0.0752397 -0.977786
1548339909.36122 -0.46651 -1.49008 1.5169 0.176056 0.0863295 -0.0773718 -0.97753
1548339909.39473 -0.465523 -1.48894 1.51832 0.177205 0.0889122 -0.0795362 -0.976917
1548339909.42778 -0.464546 -1.48737 1.51953 0.179038 0.0882737 -0.0818866 -0.976447
1548339909.46101 -0.463682 -1.48586 1.52091 0.180026 0.0903765 -0.0841132 -0.975883
1548339909.49456 -0.462458 -1.48472 1.52247 0.179013 0.0919985 -0.0879194 -0.975582
1548339909.52769 -0.460541 -1.48325 1.52383 0.179428 0.0925483 -0.0911609 -0.975156
1548339909.56098 -0.458431 -1.48194 1.5255 0.179519 0.0917466 -0.0950151 -0.974848
1548339909.59442 -0.456498 -1.48063 1.52716 0.180068 0.0918154 -0.0972545 -0.974519
1548339909.62781 -0.454532 -1.47901 1.52865 0.181988 0.0885098 -0.10141 -0.974044
1548339909.66113 -0.452742 -1.47711 1.53029 0.183914 0.09222 -0.101474 -0.973332
1548339909.69432 -0.451165 -1.47548 1.53182 0.185751 0.0925837 -0.104671 -0.972609
1548339909.72788 -0.449953 -1.47397 1.53294 0.187365 0.0935491 -0.105962 -0.972067
1548339909.76111 -0.448655 -1.47245 1.53381 0.18655 0.0945068 -0.107844 -0.971925
1548339909.79442 -0.447752 -1.47089 1.53436 0.18856 0.0953556 -0.111336 -0.97106
1548339909.82789 -0.446813 -1.46927 1.53474 0.190233 0.0964279 -0.112733 -0.970466
1548339909.86132 -0.445432 -1.46772 1.53492 0.18916 0.0971683 -0.114714 -0.97037
1548339909.89465 -0.443968 -1.46589 1.53443 0.191528 0.0987323 -0.117454 -0.969419
1548339909.92784 -0.442243 -1.46425 1.53377 0.192534 0.0950857 -0.119275 -0.969362
1548339909.96108 -0.4401 -1.46262 1.53282 0.190932 0.0941506 -0.120441 -0.969626
1548339909.99472 -0.437777 -1.46124 1.53212 0.19175 0.0889176 -0.124654 -0.969426
1548339910.02796 -0.436154 -1.45931 1.53087 0.192453 0.0904538 -0.124627 -0.969148
1548339910.06132 -0.434762 -1.45779 1.52952 0.191499 0.08935 -0.126645 -0.969178
1548339910.09468 -0.433534 -1.45653 1.52792 0.191104 0.0886862 -0.128911 -0.969018
1548339910.12790 -0.432642 -1.45531 1.52601 0.187925 0.0888379 -0.13036 -0.969432
1548339910.16142 -0.431964 -1.45389 1.52358 0.187898 0.0896916 -0.131304 -0.969231
1548339910.19454 -0.431349 -1.45235 1.52106 0.186799 0.0897401 -0.135927 -0.968802
1548339910.22782 -0.431088 -1.45121 1.519 0.186102 0.0923816 -0.134986 -0.968819
1548339910.26112 -0.430765 -1.4502 1.5175 0.184624 0.0882404 -0.138821 -0.968946
1548339910.29427 -0.430862 -1.44857 1.51588 0.184877 0.0923626 -0.136515 -0.968841
1548339910.32758 -0.430389 -1.44711 1.5148 0.18304 0.089878 -0.138546 -0.969135
1548339910.36105 -0.430018 -1.44522 1.51374 0.183464 0.0914628 -0.139324 -0.968795
1548339910.39436 -0.429629 -1.44324 1.51319 0.184098 0.0908829 -0.140436 -0.968569
1548339910.42778 -0.429451 -1.44109 1.51349 0.184273 0.0900324 -0.140213 -0.968648
1548339910.46109 -0.429938 -1.43849 1.51453 0.186102 0.0906105 -0.139622 -0.968329
1548339910.49444 -0.431086 -1.43557 1.51604 0.188207 0.0896046 -0.137107 -0.968376
1548339910.52787 -0.432512 -1.43252 1.51818 0.191867 0.0909541 -0.134796 -0.967855
1548339910.56108 -0.434036 -1.42945 1.5209 0.193696 0.08944 -0.128292 -0.968516
1548339910.59449 -0.436074 -1.4261 1.52365 0.19692 0.090532 -0.121927 -0.968587
1548339910.62782 -0.437979 -1.42273 1.52634 0.200139 0.0896758 -0.118431 -0.96844
1548339910.66135 -0.439061 -1.41966 1.52907 0.202971 0.0841253 -0.116023 -0.968641
1548339910.69465 -0.440852 -1.41628 1.53132 0.205017 0.0885277 -0.111805 -0.968313
1548339910.72811 -0.442001 -1.41303 1.53351 0.207476 0.0874165 -0.109986 -0.968099
1548339910.76106 -0.443245 -1.40982 1.53557 0.210104 0.0842274 -0.10401 -0.968475
1548339910.79474 -0.444124 -1.40681 1.53783 0.210664 0.0791005 -0.101392 -0.969063
1548339910.82790 -0.445386 -1.40352 1.5393 0.213301 0.0814673 -0.0986236 -0.968576
1548339910.86128 -0.44662 -1.40085 1.54083 0.214258 0.0794929 -0.0966632 -0.968726
1548339910.89451 -0.447341 -1.39879 1.54224 0.214029 0.0769117 -0.0953025 -0.96912
1548339910.92799 -0.448566 -1.39691 1.54323 0.215824 0.076574 -0.0899647 -0.969259
1548339910.96098 -0.449542 -1.39595 1.54446 0.21739 0.074364 -0.0822457 -0.969767
1548339910.99444 -0.450534 -1.39557 1.54574 0.217631 0.0729067 -0.0772614 -0.970233
1548339911.02763 -0.451574 -1.39593 1.54691 0.217284 0.0711562 -0.071964 -0.970848
1548339911.06121 -0.452349 -1.39671 1.54828 0.22096 0.0675979 -0.0572226 -0.971253
1548339911.09452 -0.453141 -1.3977 1.55028 0.221328 0.0627744 -0.0425044 -0.972248
1548339911.12779 -0.454467 -1.399 1.55339 0.221516 0.0586637 -0.0303495 -0.972917
1548339911.16104 -0.456058 -1.40031 1.5568 0.224205 0.0526311 -0.0136799 -0.973024
1548339911.19441 -0.45872 -1.40142 1.56086 0.225787 0.0492117 0.00123432 -0.972932
1548339911.22787 -0.461952 -1.40268 1.5656 0.225506 0.0480758 0.0135208 -0.972961
1548339911.26120 -0.465546 -1.40326 1.56979 0.225611 0.0471892 0.0222395 -0.97282
1548339911.29437 -0.468746 -1.40382 1.57373 0.223793 0.0456329 0.0340014 -0.972974
1548339911.32792 -0.471853 -1.40379 1.57701 0.222993 0.0454664 0.0431712 -0.972802
1548339911.36125 -0.474719 -1.40321 1.58007 0.223489 0.0434968 0.0460649 -0.972645
1548339911.39427 -0.477091 -1.40175 1.58253 0.223555 0.0436172 0.0547604 -0.972174
1548339911.42799 -0.478952 -1.40007 1.58452 0.225436 0.0413238 0.0629782 -0.971342
1548339911.46110 -0.480559 -1.39764 1.58601 0.226689 0.0394906 0.0669778 -0.970859
1548339911.49467 -0.48175 -1.39497 1.58728 0.226204 0.0391244 0.0703585 -0.970748
1548339911.52769 -0.482039 -1.39236 1.58776 0.228734 0.0347922 0.0765414 -0.969851
1548339911.56127 -0.482122 -1.39008 1.58847 0.229645 0.0315692 0.083238 -0.969195
1548339911.59459 -0.482395 -1.38803 1.58966 0.231498 0.0270858 0.090542 -0.968234
1548339911.62792 -0.483033 -1.3863 1.59104 0.231983 0.0233622 0.0971275 -0.967576
1548339911.66125 -0.484025 -1.38496 1.59226 0.232797 0.0198806 0.10409 -0.966734
1548339911.69468 -0.485661 -1.38384 1.59359 0.233223 0.0165593 0.11028 -0.966008
1548339911.72779 -0.487607 -1.38336 1.59512 0.230872 0.0156642 0.11624 -0.965889
1548339911.76126 -0.489842 -1.38316 1.59635 0.230008 0.0148495 0.122706 -0.965308
1548339911.79441 -0.492513 -1.38326 1.59725 0.22952 0.0138361 0.129516 -0.964549
1548339911.82768 -0.495045 -1.38352 1.59778 0.227936 0.0128121 0.135557 -0.964109
1548339911.86111 -0.497533 -1.38369 1.59807 0.22641 0.0124325 0.140788 -0.963723
1548339911.89432 -0.499829 -1.38323 1.59803 0.223663 0.0108357 0.146597 -0.963518
1548339911.92781 -0.501745 -1.38245 1.59803 0.221589 0.0119959 0.153347 -0.962933
1548339911.96082 -0.50355 -1.38148 1.59758 0.22355 0.0073174 0.154632 -0.96232
1548339911.99445 -0.505662 -1.38037 1.59756 0.222693 0.00671908 0.157617 -0.962039
1548339912.02803 -0.507854 -1.37917 1.59795 0.22074 0.00828299 0.163196 -0.961547
1548339912.06086 -0.509903 -1.37796 1.59809 0.223451 0.00539538 0.164763 -0.960674
1548339912.09450 -0.511945 -1.37705 1.59836 0.222982 0.00414216 0.167603 -0.960297
1548339912.12790 -0.51423 -1.37643 1.59874 0.221326 0.00459613 0.17312 -0.9597
1548339912.16119 -0.516814 -1.37598 1.59913 0.218958 0.00393735 0.180225 -0.958937
1548339912.19446 -0.519391 -1.37574 1.5993 0.220449 -0.000168975 0.184588 -0.957773
1548339912.22784 -0.522236 -1.37519 1.59931 0.218345 0.000584505 0.186771 -0.957832
1548339912.26128 -0.524885 -1.3744 1.59863 0.218989 -5.98142e-05 0.188622 -0.957322
1548339912.29454 -0.527155 -1.37359 1.59749 0.220136 -0.001423 0.192073 -0.956371
1548339912.32777 -0.52955 -1.37349 1.5962 0.217455 -0.00348265 0.195648 -0.956255
1548339912.36138 -0.531582 -1.37281 1.59465 0.219192 -0.00496493 0.198 -0.955367
1548339912.39446 -0.532941 -1.37211 1.59324 0.216808 -0.00380719 0.199571 -0.955589
1548339912.42806 -0.534855 -1.37186 1.59182 0.216895 -0.00633614 0.202046 -0.955036
1548339912.46110 -0.536943 -1.37182 1.59057 0.210341 -0.00200979 0.205325 -0.955821
1548339912.49455 -0.539636 -1.3719 1.58911 0.217041 -0.00815213 0.208251 -0.953655
1548339912.52797 -0.541946 -1.37203 1.58788 0.216172 -0.00884883 0.211583 -0.953113
1548339912.56103 -0.543873 -1.37155 1.58685 0.214585 -0.00726759 0.2119 -0.953414
1548339912.59452 -0.546286 -1.37112 1.586 0.212783 -0.00596488 0.215818 -0.952948
1548339912.62785 -0.548758 -1.37061 1.58523 0.214335 -0.00841335 0.219161 -0.951818
1548339912.66108 -0.551447 -1.3701 1.58467 0.214471 -0.0101665 0.223084 -0.950859
1548339912.69441 -0.554329 -1.37002 1.58466 0.211682 -0.0100903 0.22606 -0.950782
1548339912.72788 -0.557613 -1.36899 1.58453 0.210871 -0.010528 0.230303 -0.949938
1548339912.76108 -0.560837 -1.36812 1.58432 0.213711 -0.0133432 0.232584 -0.948712
1548339912.79440 -0.564044 -1.36752 1.5843 0.215128 -0.0141481 0.236145 -0.947499
1548339912.82736 -0.567878 -1.36708 1.58481 0.214762 -0.0149676 0.239558 -0.946713
1548339912.86110 -0.572081 -1.36698 1.58578 0.216209 -0.016181 0.241516 -0.945866
1548339912.89436 -0.576543 -1.36759 1.58762 0.216403 -0.0157137 0.24418 -0.945145
1548339912.92775 -0.581546 -1.36842 1.5899 0.215331 -0.0162423 0.248389 -0.944284
1548339912.96057 -0.586737 -1.3698 1.59258 0.215397 -0.0157803 0.252713 -0.943128
1548339912.99448 -0.592056 -1.37063 1.59522 0.212915 -0.0148073 0.257839 -0.94232
1548339913.02752 -0.597302 -1.3714 1.59762 0.21412 -0.0170618 0.262073 -0.94084
1548339913.06138 -0.602133 -1.37258 1.59985 0.21438 -0.0158482 0.264805 -0.940036
1548339913.09463 -0.607085 -1.37341 1.60145 0.215882 -0.0178941 0.268153 -0.938706
1548339913.12796 -0.612115 -1.37424 1.60299 0.216775 -0.0158312 0.272828 -0.937189
1548339913.16124 -0.61707 -1.37458 1.60416 0.213267 -0.0168055 0.27379 -0.937696
1548339913.19470 -0.621221 -1.375 1.60466 0.214995 -0.0188501 0.276913 -0.936344
1548339913.22787 -0.625005 -1.37563 1.6053 0.213369 -0.0171619 0.276335 -0.93692
1548339913.26130 -0.628295 -1.37518 1.60492 0.213979 -0.0202421 0.278204 -0.936166
1548339913.29460 -0.630967 -1.37514 1.60438 0.216917 -0.0198759 0.275918 -0.936174
1548339913.32761 -0.6333 -1.37454 1.60315 0.215461 -0.0225073 0.27862 -0.93565
1548339913.36131 -0.635817 -1.37428 1.602 0.219881 -0.0228784 0.274806 -0.935741
1548339913.39470 -0.63844 -1.37351 1.60023 0.217498 -0.0198517 0.270793 -0.937535
1548339913.42770 -0.641119 -1.37461 1.5989 0.217967 -0.0215702 0.273162 -0.9367
1548339913.46081 -0.643472 -1.37416 1.59728 0.216591 -0.0237952 0.273506 -0.936865
1548339913.49445 -0.645471 -1.3736 1.59568 0.220488 -0.0208387 0.27118 -0.936703
1548339913.52779 -0.647462 -1.37342 1.59384 0.21831 -0.0218056 0.269481 -0.937681
1548339913.56120 -0.649298 -1.37234 1.59174 0.221365 -0.018204 0.270134 -0.936853
1548339913.59444 -0.650581 -1.37205 1.58906 0.218286 -0.0182893 0.268174 -0.938136
1548339913.62776 -0.650609 -1.37127 1.58554 0.223291 -0.0186738 0.266726 -0.937363
1548339913.66101 -0.650456 -1.37123 1.58229 0.220279 -0.0163027 0.261091 -0.939704
1548339913.69432 -0.649258 -1.37132 1.57786 0.223689 -0.0176341 0.260827 -0.938947
1548339913.72784 -0.647615 -1.37154 1.57359 0.221829 -0.0183965 0.259504 -0.93974
1548339913.76111 -0.645263 -1.37087 1.56882 0.225082 -0.0190674 0.255171 -0.94014
1548339913.79456 -0.6427 -1.37049 1.56409 0.226661 -0.0197864 0.243792 -0.942761
1548339913.82794 -0.640453 -1.37145 1.55979 0.221346 -0.0182596 0.23751 -0.945654
1548339913.86142 -0.637608 -1.37145 1.55533 0.224238 -0.0179758 0.231564 -0.946452
1548339913.89459 -0.634906 -1.37057 1.55073 0.228331 -0.0169782 0.224696 -0.947147
1548339913.92786 -0.6329 -1.3705 1.54673 0.224331 -0.0122943 0.214222 -0.950596
1548339913.96079 -0.630703 -1.37003 1.54216 0.229763 -0.0118796 0.207986 -0.950689
1548339913.99451 -0.629024 -1.36913 1.5377 0.23088 -0.0059989 0.203154 -0.951518
1548339914.02783 -0.627266 -1.36905 1.53356 0.231363 -0.00454414 0.196588 -0.952787
1548339914.06129 -0.625917 -1.3696 1.52969 0.232501 -0.00471289 0.192142 -0.953416
1548339914.09447 -0.623308 -1.36945 1.526 0.228642 -1.22828e-05 0.183922 -0.955979
1548339914.12797 -0.621099 -1.36968 1.52237 0.227712 0.00210333 0.179167 -0.957101
1548339914.16113 -0.618858 -1.37008 1.51915 0.227129 0.0030987 0.175813 -0.957858
1548339914.19459 -0.616468 -1.37039 1.51597 0.22692 0.00411109 0.169262 -0.959083
1548339914.22764 -0.613744 -1.37109 1.51297 0.225781 0.00432969 0.162816 -0.960466
1548339914.26055 -0.611044 -1.37179 1.51016 0.225046 0.00498542 0.15767 -0.961493
1548339914.29416 -0.608416 -1.37254 1.50713 0.223203 0.0074186 0.149442 -0.96322
1548339914.32728 -0.605787 -1.37352 1.50399 0.222237 0.00835966 0.142584 -0.964474
1548339914.36123 -0.603173 -1.37407 1.50093 0.221667 0.00924652 0.138136 -0.965244
1548339914.39447 -0.600847 -1.37413 1.49799 0.221462 0.0111194 0.130163 -0.966379
1548339914.42758 -0.598465 -1.37428 1.49487 0.220842 0.012781 0.123817 -0.967334
1548339914.46095 -0.596252 -1.37464 1.49158 0.219922 0.0146771 0.118115 -0.968229
1548339914.49441 -0.594262 -1.37475 1.4885 0.219848 0.0163334 0.114444 -0.96866
1548339914.52763 -0.592263 -1.3745 1.48534 0.219567 0.0187414 0.106977 -0.969533
1548339914.56104 -0.589978 -1.37449 1.48183 0.219285 0.0215784 0.0990959 -0.970376
1548339914.59434 -0.587839 -1.37467 1.47865 0.219626 0.0227473 0.092858 -0.970888
1548339914.62752 -0.585632 -1.37477 1.47581 0.218955 0.0253781 0.0830834 -0.97186
1548339914.66129 -0.583265 -1.37494 1.47352 0.215685 0.0288535 0.074513 -0.973188
1548339914.69448 -0.580214 -1.37516 1.47102 0.217767 0.0303056 0.0692727 -0.973068
1548339914.72791 -0.577795 -1.37499 1.46921 0.213866 0.0332485 0.059409 -0.974488
1548339914.76131 -0.57486 -1.37461 1.4674 0.21593 0.0339986 0.0528123 -0.974387
1548339914.79457 -0.571935 -1.37398 1.46563 0.21702 0.0359062 0.0442621 -0.974502
1548339914.82804 -0.569495 -1.37321 1.4643 0.217007 0.0384826 0.0352893 -0.974773
1548339914.86142 -0.567002 -1.37252 1.46308 0.216882 0.0400337 0.0283589 -0.974964
1548339914.89473 -0.564299 -1.37214 1.46181 0.21606 0.0420634 0.0219226 -0.975227
1548339914.92779 -0.561151 -1.37215 1.46019 0.216638 0.0422897 0.0145535 -0.975227
1548339914.96088 -0.558099 -1.37262 1.45862 0.217126 0.0427318 0.010813 -0.975148
1548339914.99441 -0.555403 -1.37357 1.4576 0.216085 0.0448407 0.00688473 -0.97532
1548339915.02766 -0.552859 -1.37406 1.45642 0.215312 0.0450907 0.000590912 -0.975504
1548339915.06112 -0.550895 -1.37461 1.45566 0.214643 0.0473318 -0.00420893 -0.975536
1548339915.09466 -0.549033 -1.37499 1.45496 0.213516 0.0495682 -0.0108022 -0.975622
1548339915.12777 -0.547441 -1.37508 1.45448 0.212463 0.0523656 -0.0176847 -0.975605
1548339915.16117 -0.545538 -1.37493 1.45408 0.214732 0.0546382 -0.0192588 -0.974953
1548339915.19425 -0.543937 -1.37475 1.45429 0.21366 0.056513 -0.0237042 -0.974984
1548339915.22768 -0.54209 -1.37451 1.45443 0.214645 0.05881 -0.0280625 -0.974516
1548339915.26113 -0.540232 -1.37435 1.45483 0.21664 0.061009 -0.0284659 -0.973928
1548339915.29445 -0.538654 -1.37384 1.45503 0.216382 0.0614232 -0.0341309 -0.973777
1548339915.32776 -0.536993 -1.37339 1.4554 0.216505 0.0635902 -0.0389348 -0.97343
1548339915.36096 -0.535127 -1.37323 1.45596 0.216364 0.0643483 -0.0414019 -0.97331
1548339915.39458 -0.533451 -1.37311 1.45657 0.217346 0.0663809 -0.0441291 -0.972835
1548339915.42795 -0.531655 -1.3731 1.45729 0.216367 0.0682232 -0.0483263 -0.972726
1548339915.46088 -0.530111 -1.37321 1.45798 0.215118 0.0707898 -0.0522842 -0.972615
1548339915.49458 -0.528367 -1.37331 1.45863 0.21546 0.0721714 -0.0552708 -0.972272
1548339915.52795 -0.526991 -1.37388 1.45973 0.213433 0.0745058 -0.0577653 -0.972398
1548339915.56120 -0.525532 -1.37456 1.46085 0.213137 0.0778754 -0.0580557 -0.972182
1548339915.59461 -0.523652 -1.37521 1.46193 0.212649 0.0789292 -0.0603298 -0.972065
1548339915.62803 -0.521852 -1.37596 1.46306 0.209458 0.079819 -0.0642573 -0.972434
1548339915.66130 -0.51983 -1.37655 1.46397 0.209321 0.0807058 -0.065939 -0.972277
1548339915.69479 -0.517786 -1.37725 1.46495 0.206586 0.0820954 -0.0690333 -0.972531
1548339915.72783 -0.51593 -1.37773 1.46574 0.206403 0.0837042 -0.074701 -0.972014
1548339915.76134 -0.513685 -1.37822 1.46647 0.205136 0.084754 -0.0776146 -0.971963
1548339915.79450 -0.511275 -1.379 1.46717 0.203158 0.0847504 -0.0809866 -0.972104
1548339915.82779 -0.509238 -1.37966 1.46795 0.202918 0.085798 -0.0834951 -0.97185
1548339915.86079 -0.507183 -1.38024 1.46907 0.201888 0.0878479 -0.0851442 -0.971738
1548339915.89436 -0.505409 -1.38018 1.4699 0.202317 0.0876346 -0.088056 -0.971408
1548339915.92772 -0.503394 -1.38066 1.47106 0.20077 0.089763 -0.0920871 -0.971161
1548339915.96051 -0.501884 -1.38057 1.47222 0.201296 0.0911158 -0.0947308 -0.970672
1548339915.99441 -0.500233 -1.38016 1.47355 0.200964 0.093233 -0.0973284 -0.970283
1548339916.02766 -0.498676 -1.37971 1.47503 0.203545 0.0962859 -0.0980237 -0.969376
1548339916.06079 -0.497268 -1.37913 1.47646 0.203969 0.0983248 -0.101265 -0.968749
1548339916.09430 -0.495673 -1.37895 1.4784 0.203824 0.098023 -0.101921 -0.968741
1548339916.12772 -0.494219 -1.3784 1.48024 0.205345 0.0996589 -0.104039 -0.968028
1548339916.16089 -0.493078 -1.37822 1.48249 0.205009 0.103003 -0.105318 -0.96761
1548339916.19445 -0.491588 -1.37762 1.48427 0.20661 0.102071 -0.10598 -0.967296
1548339916.22763 -0.490379 -1.37728 1.48635 0.207058 0.102737 -0.105209 -0.967214
1548339916.26121 -0.489415 -1.37707 1.48881 0.206317 0.101077 -0.108928 -0.967136
1548339916.29459 -0.488459 -1.37643 1.49099 0.205663 0.101952 -0.109407 -0.967129
1548339916.32769 -0.487677 -1.37571 1.4929 0.207394 0.104049 -0.1052 -0.967003
1548339916.36111 -0.486855 -1.37511 1.49491 0.207335 0.10434 -0.107854 -0.966692
1548339916.39451 -0.486164 -1.37418 1.49684 0.207734 0.104609 -0.108176 -0.966541
1548339916.42817 -0.485446 -1.37394 1.499 0.206569 0.10471 -0.109066 -0.96668
1548339916.46116 -0.484704 -1.37406 1.50148 0.203407 0.10423 -0.111297 -0.967148
1548339916.49465 -0.484624 -1.37365 1.50352 0.20516 0.107081 -0.108426 -0.966792
1548339916.52775 -0.484724 -1.37389 1.5059 0.202096 0.105601 -0.108997 -0.967536
1548339916.56141 -0.484788 -1.37435 1.50828 0.202033 0.106058 -0.105676 -0.967867
1548339916.59450 -0.485594 -1.37487 1.5106 0.200285 0.104855 -0.103316 -0.968616
1548339916.62766 -0.486885 -1.37563 1.51327 0.199191 0.106411 -0.102402 -0.968769
1548339916.66098 -0.488016 -1.37662 1.5158 0.195317 0.103094 -0.0980107 -0.970369
1548339916.69441 -0.489461 -1.37762 1.51778 0.195221 0.103778 -0.0941906 -0.970694
1548339916.72778 -0.490903 -1.37907 1.51996 0.192359 0.101025 -0.0973921 -0.97124
1548339916.76112 -0.492909 -1.38024 1.5214 0.192594 0.10248 -0.0904341 -0.971713
1548339916.79452 -0.494779 -1.38203 1.52299 0.192346 0.10152 -0.083161 -0.972513
1548339916.82774 -0.496887 -1.38341 1.52446 0.1904 0.100741 -0.0833603 -0.97296
1548339916.86072 -0.498899 -1.3846 1.52592 0.190412 0.0993088 -0.0820178 -0.973219
1548339916.89433 -0.500988 -1.38576 1.52691 0.191646 0.0978727 -0.0770328 -0.973529
1548339916.92784 -0.503004 -1.38702 1.52777 0.191984 0.0961772 -0.0729235 -0.973948
1548339916.96084 -0.505236 -1.38775 1.52833 0.193224 0.0951223 -0.0705002 -0.973985
1548339916.99429 -0.507342 -1.38834 1.52872 0.192693 0.0931173 -0.0653301 -0.974644
1548339917.02759 -0.509094 -1.38831 1.52867 0.196219 0.0918285 -0.0613604 -0.974321
1548339917.06123 -0.511183 -1.38766 1.52841 0.199776 0.0898912 -0.0624712 -0.973708
1548339917.09470 -0.512951 -1.3869 1.5281 0.202906 0.0879819 -0.0614479 -0.9733
1548339917.12801 -0.514049 -1.38647 1.52762 0.204007 0.0855159 -0.0589782 -0.973442
1548339917.16120 -0.515061 -1.38639 1.52695 0.204091 0.0835579 -0.0580511 -0.97365
1548339917.19435 -0.515674 -1.38654 1.52588 0.20525 0.0813848 -0.0576546 -0.973614
1548339917.22777 -0.516139 -1.38731 1.5243 0.208166 0.0785058 -0.0530418 -0.973494
1548339917.26125 -0.516808 -1.38878 1.52287 0.206507 0.077625 -0.0492616 -0.974116
1548339917.29459 -0.517474 -1.39031 1.52107 0.20581 0.0761197 -0.0478766 -0.974452
1548339917.32784 -0.518175 -1.39181 1.51936 0.205309 0.0731937 -0.0470159 -0.974823
1548339917.36117 -0.518905 -1.39396 1.51793 0.201333 0.0718772 -0.0454176 -0.975826
1548339917.39453 -0.519132 -1.39584 1.51626 0.20172 0.0692253 -0.0439815 -0.976003
1548339917.42768 -0.519178 -1.3976 1.51513 0.199353 0.0679393 -0.0422868 -0.976655
1548339917.46086 -0.519197 -1.39923 1.51401 0.196374 0.0649881 -0.042926 -0.977431
1548339917.49449 -0.518809 -1.40039 1.51287 0.197393 0.0609915 -0.0414915 -0.977545
1548339917.52791 -0.51861 -1.40123 1.51198 0.195946 0.059369 -0.0414338 -0.977939
1548339917.56120 -0.518219 -1.40187 1.51093 0.1956 0.0573357 -0.0396663 -0.978202
1548339917.59423 -0.518123 -1.40212 1.51022 0.194415 0.0569568 -0.0395428 -0.978466
1548339917.62777 -0.517634 -1.40214 1.50972 0.194419 0.0523902 -0.0423892 -0.978601
1548339917.66090 -0.517797 -1.40137 1.50919 0.196518 0.0560266 -0.0391088 -0.978117
1548339917.69430 -0.517779 -1.40079 1.50925 0.195778 0.0563187 -0.038988 -0.978253
1548339917.72769 -0.517682 -1.40054 1.50904 0.198168 0.0572132 -0.0389035 -0.977723
1548339917.79444 -0.517981 -1.39971 1.50998 0.198067 0.0617309 -0.0386686 -0.977478
1548339917.82781 -0.517979 -1.39919 1.51031 0.198976 0.0624492 -0.0394053 -0.977219
1548339917.86125 -0.51791 -1.39819 1.51045 0.201003 0.0634527 -0.0385386 -0.976774
1548339917.89459 -0.517569 -1.39773 1.51087 0.20042 0.0642882 -0.0388169 -0.976828
1548339917.92797 -0.516797 -1.39757 1.51117 0.20136 0.0641687 -0.0403797 -0.976579
1548339917.96098 -0.516318 -1.39715 1.51118 0.201733 0.064445 -0.0409964 -0.976458
1548339917.99414 -0.515373 -1.39742 1.51146 0.200587 0.063499 -0.0418293 -0.976721
1548339918.02793 -0.514713 -1.39744 1.51145 0.199826 0.063324 -0.0429916 -0.976837
1548339918.06117 -0.513792 -1.39729 1.51116 0.201169 0.0620459 -0.043831 -0.976607
1548339918.09469 -0.513178 -1.39737 1.51116 0.199808 0.0614295 -0.0436323 -0.976934
1548339918.12790 -0.512802 -1.39745 1.51112 0.201237 0.0621229 -0.0424863 -0.976647
1548339918.16129 -0.512634 -1.39777 1.51104 0.199642 0.0622077 -0.0423353 -0.976976
1548339918.19441 -0.512707 -1.39794 1.51101 0.199595 0.0622937 -0.0419175 -0.976998
1548339918.22774 -0.512919 -1.3981 1.511 0.19901 0.0627616 -0.0424101 -0.977066
1548339918.26115 -0.512832 -1.3984 1.51078 0.198301 0.0631301 -0.0424841 -0.977183
1548339918.29444 -0.512712 -1.39887 1.51066 0.198042 0.0628308 -0.0412506 -0.977308
1548339918.32784 -0.512757 -1.39921 1.51085 0.197786 0.0630537 -0.0413705 -0.97734
1548339918.36080 -0.512821 -1.3994 1.51114 0.196957 0.0623586 -0.0423497 -0.97751
1548339918.39457 -0.512864 -1.39977 1.51143 0.198365 0.0619151 -0.0412405 -0.977301
1548339918.42788 -0.51323 -1.40048 1.51195 0.19781 0.0624777 -0.039719 -0.977441
1548339918.46091 -0.513535 -1.40107 1.51234 0.198125 0.0630117 -0.039217 -0.977363
1548339918.49456 -0.513925 -1.4017 1.51277 0.199584 0.0628967 -0.0376944 -0.977133
1548339918.52740 -0.514389 -1.40238 1.51325 0.200297 0.0632742 -0.0362729 -0.977017
1548339918.56093 -0.515153 -1.40318 1.5141 0.199673 0.063676 -0.0351315 -0.97716
1548339918.59456 -0.515552 -1.40366 1.51478 0.201926 0.0627513 -0.0332269 -0.976824
1548339918.62788 -0.516053 -1.40425 1.51562 0.202485 0.0624813 -0.0328213 -0.976739
1548339918.66117 -0.516576 -1.40485 1.51656 0.203123 0.0624354 -0.031003 -0.976669
1548339918.69473 -0.517274 -1.40525 1.51747 0.204254 0.0630203 -0.0298412 -0.976432
1548339918.72784 -0.518551 -1.4058 1.5186 0.203998 0.065019 -0.0292955 -0.97637
1548339918.76111 -0.519696 -1.40623 1.51954 0.205585 0.065922 -0.0285875 -0.975998
1548339918.79466 -0.520798 -1.40659 1.52023 0.207146 0.0671124 -0.0267255 -0.975639
1548339918.82793 -0.521916 -1.40682 1.52081 0.208417 0.0685163 -0.0260663 -0.975289
1548339918.86138 -0.522966 -1.40664 1.52118 0.209334 0.0703027 -0.0257002 -0.974975
1548339918.89485 -0.523815 -1.40765 1.52178 0.206129 0.0718126 -0.0264564 -0.975527
1548339918.92772 -0.524084 -1.40781 1.52179 0.207108 0.0726738 -0.0249784 -0.975295
1548339918.96115 -0.524138 -1.40801 1.52173 0.207962 0.072145 -0.0257461 -0.975133
1548339918.99433 -0.524046 -1.40841 1.52168 0.207548 0.0718868 -0.0261097 -0.97523
1548339919.02774 -0.523805 -1.40909 1.52146 0.207594 0.0714738 -0.0262316 -0.975248
1548339919.06114 -0.523717 -1.41018 1.52152 0.205855 0.0703964 -0.024838 -0.975731
1548339919.09454 -0.524066 -1.41124 1.52158 0.205754 0.0692355 -0.0242762 -0.97585
1548339919.12776 -0.524776 -1.41254 1.52178 0.202958 0.0694839 -0.0239819 -0.976425
1548339919.16109 -0.525114 -1.41368 1.5214 0.20392 0.0683411 -0.0213179 -0.976366
1548339919.19464 -0.525643 -1.41458 1.5212 0.20474 0.067691 -0.0195837 -0.976277
1548339919.22755 -0.526205 -1.41513 1.52121 0.205415 0.0677375 -0.0184448 -0.976154
1548339919.26115 -0.526624 -1.41553 1.52148 0.206477 0.069096 -0.0170083 -0.975861
1548339919.29426 -0.527396 -1.41622 1.52207 0.203994 0.0678183 -0.0183716 -0.976448
1548339919.32766 -0.527677 -1.41663 1.52234 0.205782 0.066897 -0.0173004 -0.976155
1548339919.36073 -0.528063 -1.41748 1.5228 0.206289 0.065765 -0.0169942 -0.976131
1548339919.39453 -0.528595 -1.41875 1.52331 0.206375 0.0649003 -0.0149314 -0.976204
1548339919.42807 -0.529191 -1.41993 1.52368 0.206597 0.0641547 -0.0137178 -0.976224
1548339919.46095 -0.529682 -1.42117 1.52373 0.208103 0.0631085 -0.0122522 -0.975992
1548339919.49462 -0.530484 -1.42247 1.52394 0.208653 0.06275 -0.00901979 -0.975933
1548339919.52776 -0.531237 -1.42354 1.52396 0.210757 0.062613 -0.00623935 -0.975511
1548339919.56101 -0.532291 -1.42483 1.52422 0.209476 0.0630311 -0.00415063 -0.975771
1548339919.59471 -0.533172 -1.4259 1.52436 0.210791 0.0625686 -0.00182175 -0.975525
1548339919.62823 -0.533826 -1.42691 1.52439 0.211748 0.0624797 0.000255569 -0.975325
1548339919.66115 -0.534456 -1.42828 1.52456 0.210426 0.0622134 0.00144325 -0.975627
1548339919.69477 -0.534629 -1.42909 1.52455 0.211041 0.061385 0.00282777 -0.975544
1548339919.72793 -0.534439 -1.42964 1.52432 0.213537 0.0598198 0.00402599 -0.975093
1548339919.76132 -0.534315 -1.4303 1.52416 0.213855 0.0586989 0.00493252 -0.975088
1548339919.79450 -0.534115 -1.43081 1.52395 0.213907 0.0579348 0.00493698 -0.975122
1548339919.82768 -0.533831 -1.43152 1.52372 0.214078 0.0571927 0.00523443 -0.975127
1548339919.86079 -0.53368 -1.43245 1.5235 0.213831 0.0564508 0.00609552 -0.975219
1548339919.89442 -0.533662 -1.43355 1.52336 0.213552 0.0554854 0.00775358 -0.975324
1548339919.92773 -0.534058 -1.43468 1.52342 0.212005 0.0559536 0.00791555 -0.975633
1548339919.96100 -0.534226 -1.43558 1.52327 0.211771 0.0558623 0.00882591 -0.975682
1548339919.99429 -0.534195 -1.4365 1.52307 0.212581 0.055292 0.0114439 -0.975511
1548339920.02768 -0.534328 -1.43759 1.52298 0.212586 0.0546477 0.0140608 -0.975512
1548339920.06088 -0.534604 -1.43841 1.52286 0.213353 0.0543232 0.014352 -0.975358
1548339920.09446 -0.535015 -1.43959 1.52302 0.209943 0.0554403 0.0153927 -0.976019
1548339920.12765 -0.53537 -1.44089 1.52275 0.210052 0.0540281 0.0168764 -0.97605
1548339920.16105 -0.535748 -1.44174 1.52249 0.212322 0.0527602 0.0180602 -0.975607
1548339920.19441 -0.536337 -1.44276 1.52257 0.211598 0.0526247 0.0194851 -0.975745
1548339920.22793 -0.536991 -1.44393 1.52259 0.210348 0.052725 0.0202143 -0.975994
1548339920.26134 -0.537745 -1.44526 1.5224 0.209987 0.051847 0.0207656 -0.976108
1548339920.29469 -0.538541 -1.44628 1.5223 0.209371 0.0520016 0.0220521 -0.976203
1548339920.32792 -0.539242 -1.44709 1.52181 0.212334 0.0507466 0.0230458 -0.975606
1548339920.36073 -0.540147 -1.44814 1.52151 0.212772 0.0499327 0.0259247 -0.975481
1548339920.39467 -0.541202 -1.44911 1.52139 0.212816 0.049664 0.0260559 -0.975482
1548339920.42784 -0.541963 -1.44974 1.52067 0.216074 0.0480421 0.0274143 -0.974809
1548339920.46097 -0.542933 -1.45077 1.52022 0.216232 0.0477827 0.0297044 -0.97472
1548339920.49443 -0.543725 -1.45178 1.51957 0.217403 0.0468681 0.0313592 -0.974452
1548339920.52764 -0.544641 -1.45266 1.51921 0.216546 0.0467538 0.0317772 -0.974634
1548339920.56107 -0.54524 -1.45363 1.51883 0.216689 0.0457078 0.0333525 -0.9746
1548339920.59442 -0.545944 -1.45483 1.51865 0.216294 0.0441076 0.0348704 -0.974708
1548339920.62783 -0.54645 -1.45549 1.51832 0.217534 0.0427011 0.0363006 -0.974442
1548339920.66116 -0.547366 -1.45629 1.51831 0.215789 0.0431914 0.0370929 -0.974779
1548339920.69448 -0.548236 -1.45706 1.51813 0.215758 0.043014 0.0391053 -0.974715
1548339920.72767 -0.549323 -1.45787 1.51816 0.213777 0.0434986 0.0390372 -0.975132
1548339920.76105 -0.550148 -1.45848 1.51802 0.214351 0.0441644 0.0412358 -0.974886
1548339920.79443 -0.551213 -1.45935 1.51833 0.21289 0.0441014 0.0411095 -0.975214
1548339920.82767 -0.551977 -1.46008 1.5184 0.212916 0.0439075 0.0422322 -0.975169
1548339920.86114 -0.552703 -1.46064 1.51846 0.213314 0.0436624 0.0435339 -0.975036
1548339920.89442 -0.553398 -1.46107 1.51862 0.213776 0.0440973 0.0458145 -0.974811
1548339920.92779 -0.554009 -1.46138 1.51864 0.214778 0.0440451 0.0461044 -0.974579
1548339920.96089 -0.554723 -1.46145 1.51874 0.214991 0.0442077 0.0469057 -0.974487
1548339920.99424 -0.555192 -1.46139 1.51875 0.216722 0.0438472 0.0476908 -0.974082
1548339921.02801 -0.555492 -1.46129 1.51873 0.217587 0.0436546 0.0479459 -0.973885
1548339921.06134 -0.555636 -1.46117 1.51869 0.21802 0.0434018 0.0482382 -0.973785
1548339921.09469 -0.555753 -1.46086 1.51868 0.218819 0.0430352 0.0481421 -0.973627
1548339921.12790 -0.55571 -1.4605 1.51857 0.219473 0.0426633 0.0477047 -0.973517
1548339921.16136 -0.555632 -1.46042 1.51846 0.218846 0.0424085 0.0476938 -0.97367
1548339921.19466 -0.555479 -1.46045 1.51836 0.218718 0.0417809 0.0480664 -0.973708
1548339921.22797 -0.555721 -1.46041 1.51844 0.218918 0.041569 0.0483724 -0.973657
1548339921.26128 -0.55628 -1.46057 1.51841 0.219177 0.0412418 0.0501104 -0.973524
1548339921.29445 -0.557006 -1.46082 1.51813 0.219034 0.041638 0.0518215 -0.97345
1548339921.32782 -0.558268 -1.46138 1.51812 0.216925 0.0429922 0.0517452 -0.973867
1548339921.36131 -0.55916 -1.46198 1.5178 0.216208 0.0443047 0.052701 -0.973917
1548339921.39469 -0.560059 -1.46292 1.51736 0.214771 0.0447066 0.0545214 -0.974116
1548339921.42776 -0.560912 -1.46389 1.5168 0.213232 0.0457142 0.0544142 -0.974413
1548339921.46080 -0.561963 -1.4648 1.51637 0.21227 0.0457191 0.0551906 -0.974579
1548339921.49444 -0.562603 -1.46536 1.51561 0.210951 0.045393 0.055948 -0.974838
1548339921.52777 -0.563033 -1.46577 1.51498 0.2079 0.0454969 0.0553582 -0.975522
1548339921.56117 -0.562929 -1.46565 1.51418 0.20788 0.0449433 0.0545301 -0.975599
1548339921.59447 -0.562489 -1.46512 1.51345 0.205721 0.0452324 0.0549281 -0.976021
1548339921.62777 -0.561882 -1.46474 1.51299 0.204945 0.0441935 0.0534811 -0.976312
1548339921.66111 -0.561208 -1.46436 1.51267 0.2041 0.0431712 0.0520951 -0.976609
1548339921.69441 -0.560304 -1.46353 1.51211 0.207849 0.0409913 0.0508536 -0.975978
1548339921.72779 -0.560219 -1.46276 1.51235 0.20972 0.039895 0.0499578 -0.975669
1548339921.76113 -0.560596 -1.46176 1.51261 0.209755 0.0412042 0.0504482 -0.975582
1548339921.79426 -0.561767 -1.46087 1.51329 0.207966 0.043241 0.0497008 -0.975915
1548339921.82755 -0.563136 -1.46001 1.51409 0.21028 0.0446621 0.048489 -0.975416
1548339921.86109 -0.564269 -1.45937 1.5146 0.213066 0.045657 0.050217 -0.974678
1548339921.89471 -0.565067 -1.45882 1.5151 0.216028 0.0461292 0.0520052 -0.973909
1548339921.92797 -0.565796 -1.45862 1.51594 0.213443 0.0484771 0.0517022 -0.974381
1548339921.96105 -0.566246 -1.45805 1.51658 0.214421 0.0484569 0.0525925 -0.97412
1548339921.99447 -0.566527 -1.45757 1.51725 0.215978 0.0477797 0.0508854 -0.9739
1548339922.02799 -0.566689 -1.45644 1.5174 0.217408 0.0479225 0.0514297 -0.973546
1548339922.06128 -0.567245 -1.45616 1.51779 0.216635 0.0478319 0.0495648 -0.97382
1548339922.09471 -0.567549 -1.45558 1.51772 0.217197 0.0482666 0.0492317 -0.97369
1548339922.12781 -0.567908 -1.45499 1.51752 0.215834 0.0493184 0.0501954 -0.973891
1548339922.16126 -0.568309 -1.45443 1.51738 0.217122 0.0492689 0.051056 -0.973563
1548339922.19444 -0.568762 -1.45441 1.5173 0.215837 0.0494631 0.0497902 -0.973904
1548339922.22781 -0.569019 -1.45461 1.51708 0.215339 0.0488477 0.0502148 -0.974023
1548339922.26110 -0.569434 -1.45487 1.51693 0.215215 0.0481662 0.0500665 -0.974092
